5.000000e+05 7.708400e+03 9.182124e+01 6.486430e+01 7.726533e-01
1.000000e+07 1.381181e+05 1.274413e+03 7.240183e+01 6.680503e-01
5.728640e+07 8.335865e+06 1.264369e+06 6.872280e+00 1.042375e+00
6.016581e+07 7.522882e+05 3.064711e+05 7.997707e+01 3.258148e+01
8.958262e+07 1.105559e+06 6.965652e+04 8.102924e+01 5.105303e+00
8.906011e+07 1.099032e+06 6.956638e+04 8.103508e+01 5.129349e+00
3.933380e+07 5.471969e+05 8.007435e+04 7.188235e+01 1.051894e+01
1.000000e+08 1.309056e+06 6.125604e+03 7.639093e+01 3.574642e-01
1.000000e+08 1.229776e+06 9.806658e+03 8.131563e+01 6.484389e-01
1.000000e+08 1.228932e+06 1.166577e+04 8.137146e+01 7.724274e-01
1.000000e+08 1.228595e+06 1.097955e+04 8.139379e+01 7.273898e-01
1.000000e+08 1.230419e+06 9.014642e+03 8.127310e+01 5.954456e-01
1.000000e+08 1.229751e+06 1.263414e+04 8.131725e+01 8.354323e-01
1.000000e+08 1.230204e+06 1.061294e+04 8.128736e+01 7.012647e-01
1.000000e+08 1.227910e+06 1.048993e+04 8.143921e+01 6.957285e-01
1.000000e+08 1.228918e+06 1.096808e+04 8.137240e+01 7.262481e-01
1.000000e+08 1.229031e+06 1.027198e+04 8.136489e+01 6.800305e-01
1.000000e+08 1.228070e+06 1.055799e+04 8.142857e+01 7.000590e-01
1.000000e+08 1.230765e+06 1.041797e+04 8.125029e+01 6.877535e-01
1.000000e+08 1.306696e+06 6.159653e+03 7.652890e+01 3.607507e-01
1.000000e+08 1.313143e+06 5.908101e+03 7.615317e+01 3.426288e-01
1.000000e+08 1.314355e+06 5.797659e+03 7.608295e+01 3.356041e-01
1.000000e+08 1.308349e+06 5.968179e+03 7.643222e+01 3.486541e-01
1.000000e+08 1.308370e+06 6.042230e+03 7.643095e+01 3.529684e-01
1.000000e+08 1.307265e+06 5.503631e+03 7.649557e+01 3.220489e-01
1.000000e+08 1.315253e+06 6.906855e+03 7.603098e+01 3.992652e-01
1.000000e+08 1.307544e+06 5.836470e+03 7.647927e+01 3.413797e-01
1.000000e+08 1.230109e+06 1.024667e+04 8.129360e+01 6.771666e-01
1.000000e+08 1.229626e+06 1.073836e+04 8.132551e+01 7.102176e-01
1.000000e+08 1.230900e+06 1.048731e+04 8.124137e+01 6.921790e-01
1.000000e+08 1.228893e+06 9.788165e+03 8.137408e+01 6.481469e-01
1.000000e+08 1.313145e+06 5.979854e+03 7.615306e+01 3.467890e-01
1.000000e+08 1.313113e+06 5.836226e+03 7.615493e+01 3.384762e-01
1.000000e+08 1.308443e+06 5.937576e+03 7.642674e+01 3.468166e-01
1.000000e+08 1.307979e+06 5.810053e+03 7.645386e+01 3.396088e-01
1.000000e+08 1.313858e+06 6.279359e+03 7.611172e+01 3.637628e-01
