2.910620e+03 1.130200e+02 1.077300e+01 2.575314e+01 2.454775e+00
2.910620e+03 1.128500e+02 1.067772e+01 2.579194e+01 2.440399e+00
2.910620e+03 1.127214e+02 1.069214e+01 2.582136e+01 2.449273e+00
2.910620e+03 1.125664e+02 1.076800e+01 2.585692e+01 2.473449e+00
1.000000e+04 3.770820e+02 2.259056e+01 2.651943e+01 1.588749e+00
1.000000e+04 1.609010e+02 1.574808e+02 6.215002e+01 6.082894e+01
2.910620e+03 6.294600e+01 4.650969e+01 4.623995e+01 3.416588e+01
2.910620e+03 6.670700e+01 4.661578e+01 4.363290e+01 3.049128e+01
2.910620e+03 6.795000e+01 4.617384e+01 4.283473e+01 2.910734e+01
2.910620e+03 6.712500e+01 4.686862e+01 4.336119e+01 3.027604e+01
2.910620e+03 1.112220e+02 1.084724e+01 2.616946e+01 2.552252e+00
2.910620e+01 9.460000e-01 5.301736e-01 3.076765e+01 1.724334e+01
2.910620e+03 1.116550e+02 1.073871e+01 2.606798e+01 2.507156e+00
2.910620e+03 1.114980e+02 1.050457e+01 2.610468e+01 2.459403e+00
2.910620e+03 1.113860e+02 1.076759e+01 2.613093e+01 2.526055e+00
