2.04685723e+02 4.72908989e-01
2.10139809e+02 5.03401311e-01
2.15739226e+02 5.34635195e-01
2.21487845e+02 5.66550260e-01
2.27389642e+02 5.99091277e-01
2.33448700e+02 6.32213208e-01
2.39669209e+02 6.65835236e-01
2.46055470e+02 6.99868287e-01
2.52611900e+02 7.34264790e-01
2.59343034e+02 7.68919600e-01
2.66253526e+02 8.03729635e-01
2.73348157e+02 8.38591938e-01
2.80631832e+02 8.73425410e-01
2.88109589e+02 9.08066354e-01
2.95786599e+02 9.42382805e-01
3.03668173e+02 9.76268010e-01
3.11759759e+02 1.00954596e+00
3.20066956e+02 1.04202658e+00
3.28595507e+02 1.07352996e+00
3.37351311e+02 1.10391370e+00
3.46340424e+02 1.13290324e+00
3.55569061e+02 1.16026350e+00
3.65043607e+02 1.18576456e+00
3.74770612e+02 1.20913643e+00
3.84756805e+02 1.23004311e+00
3.95009092e+02 1.24816977e+00
4.05534562e+02 1.26322688e+00
4.16340496e+02 1.27478843e+00
4.27434366e+02 1.28246094e+00
4.38823844e+02 1.28583536e+00
4.50516809e+02 1.28447366e+00
4.62521346e+02 1.27783560e+00
4.74845758e+02 1.26539498e+00
4.87498568e+02 1.24665327e+00
5.00488526e+02 1.22193257e+00
5.13824617e+02 1.19675175e+00
5.27516063e+02 1.17211175e+00
5.41572334e+02 1.14799500e+00
5.56003150e+02 1.12435583e+00
5.70818492e+02 1.10118494e+00
5.86028605e+02 1.07851959e+00
6.01644009e+02 1.05629268e+00
6.17675504e+02 1.03449239e+00
6.34134176e+02 1.01311277e+00
6.51031409e+02 9.92174272e-01
6.68378887e+02 9.71627288e-01
6.86188609e+02 9.51464931e-01
7.04472892e+02 9.31707310e-01
7.23244380e+02 9.12328314e-01
7.42516056e+02 8.93306837e-01
7.62301248e+02 8.74647993e-01
7.82613639e+02 8.56370413e-01
8.03467277e+02 8.38430952e-01
8.24876585e+02 8.20825448e-01
8.46856367e+02 8.03572074e-01
8.69421826e+02 7.86651956e-01
8.92588568e+02 7.70044084e-01
9.16372614e+02 7.53744729e-01
9.40790414e+02 7.37777267e-01
9.65858853e+02 7.22100661e-01
9.91595270e+02 7.06708160e-01
1.01801746e+03 6.91614025e-01
1.04514371e+03 6.76814788e-01
1.07299276e+03 6.62284296e-01
1.10158388e+03 6.48018537e-01
1.13093685e+03 6.34046475e-01
1.16107196e+03 6.20336893e-01
1.19201005e+03 6.06880115e-01
1.22377253e+03 5.93688896e-01
1.25638135e+03 5.80757859e-01
1.28985907e+03 5.68071718e-01
1.32422885e+03 5.55619927e-01
1.35951444e+03 5.43431468e-01
1.39574026e+03 5.31473232e-01
1.43293136e+03 5.19740038e-01
1.47111346e+03 5.08237202e-01
1.51031297e+03 4.96971683e-01
1.55055699e+03 4.85916977e-01
1.59187336e+03 4.75075321e-01
1.63429065e+03 4.64461501e-01
1.67783820e+03 4.54058569e-01
1.72254612e+03 4.43855829e-01
1.76844534e+03 4.33858851e-01
1.81556760e+03 4.24075346e-01
1.86394548e+03 4.14485152e-01
1.91361244e+03 4.05080800e-01
1.96460284e+03 3.95877335e-01
2.01695194e+03 3.86864327e-01
2.07069593e+03 3.78029296e-01
2.12587200e+03 3.69372473e-01
2.18251830e+03 3.60909197e-01
2.24067400e+03 3.52615640e-01
2.30037933e+03 3.44490167e-01
2.36167558e+03 3.36541768e-01
2.42460513e+03 3.28763980e-01
2.48921152e+03 3.21144187e-01
2.55553941e+03 3.13682255e-01
2.62363469e+03 3.06391258e-01
2.69354445e+03 2.99251277e-01
2.76531703e+03 2.92259675e-01
2.83900207e+03 2.85422902e-01
2.91465054e+03 2.78737630e-01
2.99231475e+03 2.72193162e-01
3.07204840e+03 2.65786369e-01
3.15390666e+03 2.59531247e-01
3.23794612e+03 2.53409563e-01
3.32422491e+03 2.47418035e-01
3.41280269e+03 2.41561268e-01
3.50374073e+03 2.35839042e-01
3.59710192e+03 2.30240278e-01
3.69295083e+03 2.24761847e-01
3.79135374e+03 2.19415292e-01
3.89237871e+03 2.14186237e-01
3.99609560e+03 2.09071959e-01
4.10257616e+03 2.04073575e-01
4.21189400e+03 1.99193728e-01
4.32412475e+03 1.94421117e-01
4.43934601e+03 1.89754069e-01
4.55763748e+03 1.85199535e-01
4.67908096e+03 1.80749576e-01
4.80376044e+03 1.76398556e-01
4.93176214e+03 1.72147356e-01
5.06317460e+03 1.67999353e-01
5.19808870e+03 1.63945681e-01
5.33659773e+03 1.59982140e-01
5.47879750e+03 1.56115546e-01
5.62478634e+03 1.52340016e-01
5.77466523e+03 1.48650050e-01
5.92853780e+03 1.45045012e-01
6.08651049e+03 1.41530355e-01
6.24869255e+03 1.38095648e-01
6.41519613e+03 1.34739994e-01
6.58613638e+03 1.31466611e-01
6.76163154e+03 1.28271493e-01
6.94180297e+03 1.25150265e-01
7.12677527e+03 1.22101432e-01
7.31667637e+03 1.19130981e-01
7.51163761e+03 1.16229033e-01
7.71179381e+03 1.13395030e-01
7.91728340e+03 1.10630164e-01
8.12824850e+03 1.07933526e-01
8.34483500e+03 1.05299161e-01
8.56719270e+03 1.02727256e-01
8.79547538e+03 1.00221566e-01
9.02984091e+03 9.77755418e-02
9.27045137e+03 9.53867552e-02
9.51747318e+03 9.30567256e-02
9.77107717e+03 9.07853185e-02
1.00314387e+04 8.84492495e-02
1.02987379e+04 8.62326650e-02
1.05731596e+04 8.41304756e-02
1.08548936e+04 8.20798399e-02
1.11441347e+04 8.00773654e-02
1.14410829e+04 7.81237334e-02
1.17459437e+04 7.62203588e-02
1.20589278e+04 7.43625917e-02
1.23802518e+04 7.25486231e-02
1.27101378e+04 7.07818586e-02
1.30488140e+04 6.90587663e-02
1.33965146e+04 6.73763979e-02
1.37534801e+04 6.57355189e-02
1.41199574e+04 6.41375922e-02
1.44961998e+04 6.25778778e-02
1.48824677e+04 6.10558210e-02
1.52790281e+04 5.95729681e-02
1.56861553e+04 5.81271911e-02
1.61041309e+04 5.67163397e-02
1.65332440e+04 5.53399895e-02
1.69737912e+04 5.40003063e-02
1.74260774e+04 5.26931174e-02
1.78904152e+04 5.14173766e-02
1.83671258e+04 5.01747500e-02
1.88565390e+04 4.89635125e-02
1.93589931e+04 4.77819073e-02
1.98748356e+04 4.66290924e-02
2.04044234e+04 4.55074328e-02
2.09481227e+04 4.44131546e-02
2.15063095e+04 4.33454336e-02
2.20793697e+04 4.23052891e-02
2.26676999e+04 4.12918972e-02
2.32717067e+04 4.03035151e-02
2.38918080e+04 3.93391535e-02
2.45284327e+04 3.84009221e-02
2.51820209e+04 3.74858632e-02
2.58530247e+04 3.65932497e-02
2.65419082e+04 3.57233798e-02
2.72491478e+04 3.48764570e-02
2.79752326e+04 3.40503247e-02
2.87206648e+04 3.32445362e-02
2.94859598e+04 3.24604097e-02
3.02716470e+04 3.16959745e-02
3.10782698e+04 3.09503834e-02
3.19063859e+04 3.02237396e-02
3.27565682e+04 2.95164610e-02
3.36294045e+04 2.88267626e-02
3.45254986e+04 2.81539912e-02
3.54454701e+04 2.74992821e-02
3.63899553e+04 2.68611994e-02
3.73596074e+04 2.62389459e-02
3.83550970e+04 2.56324115e-02
3.93771125e+04 2.50422644e-02
4.04263609e+04 2.44667579e-02
4.15035676e+04 2.39056062e-02
4.26094778e+04 2.33593210e-02
4.37448562e+04 2.28270970e-02
4.49104880e+04 2.23081734e-02
4.61071795e+04 2.18022512e-02
4.73357582e+04 2.13102634e-02
4.85970738e+04 2.08305418e-02
4.98919985e+04 2.03627415e-02
5.12214280e+04 1.99073107e-02
5.25862817e+04 1.94637337e-02
5.39875035e+04 1.90313625e-02
5.54260625e+04 1.86097069e-02
5.69029535e+04 1.81997680e-02
5.84191980e+04 1.78001548e-02
5.99758445e+04 1.74104516e-02
6.15739697e+04 1.70309562e-02
6.32146787e+04 1.66616006e-02
6.48991063e+04 1.63015197e-02
6.66284175e+04 1.59504289e-02
6.84038081e+04 1.56090556e-02
7.02265060e+04 1.52763546e-02
7.20977718e+04 1.49519658e-02
7.40188996e+04 1.46360034e-02
7.59912181e+04 1.43286413e-02
7.80160912e+04 1.40290066e-02
8.00949195e+04 1.37369188e-02
8.22291405e+04 1.34527878e-02
8.44202302e+04 1.31760448e-02
8.66697041e+04 1.29062621e-02
8.89791178e+04 1.26434816e-02
9.13500684e+04 1.23878424e-02
9.37841958e+04 1.21387029e-02
9.62831832e+04 1.18958736e-02
9.88487591e+04 1.16596172e-02
1.01482698e+05 1.14295569e-02
1.04186821e+05 1.12054438e-02
1.06962998e+05 1.09870108e-02
1.09813150e+05 1.07746064e-02
1.12739247e+05 1.05676727e-02
1.15743313e+05 1.03660058e-02
1.18827427e+05 1.01698225e-02
1.21993720e+05 9.97880947e-03
1.25244382e+05 9.79271466e-03
1.28581663e+05 9.61136985e-03
1.32007869e+05 9.43516897e-03
1.35525370e+05 9.26347056e-03
1.39136599e+05 9.09616539e-03
1.42844053e+05 8.93336957e-03
1.46650296e+05 8.77502647e-03
1.50557962e+05 8.62071751e-03
1.54569751e+05 8.47041673e-03
1.58688440e+05 8.32436312e-03
1.62916875e+05 8.18211784e-03
1.67257982e+05 8.04356281e-03
1.71714763e+05 7.90873304e-03
1.76290300e+05 7.77764688e-03
1.80987757e+05 7.64994867e-03
1.85810383e+05 7.52559096e-03
1.90761514e+05 7.40476132e-03
1.95844574e+05 7.28714941e-03
2.01063077e+05 7.17262002e-03
2.06420633e+05 7.06116774e-03
2.11920948e+05 6.95287297e-03
2.17567824e+05 6.84744979e-03
2.23365169e+05 6.74478977e-03
2.29316990e+05 6.64506694e-03
2.35427404e+05 6.54805699e-03
2.41700637e+05 6.45362002e-03
2.48141028e+05 6.36176143e-03
2.54753030e+05 6.27256304e-03
2.61541217e+05 6.18574628e-03
2.68510282e+05 6.10125839e-03
2.75665047e+05 6.01921342e-03
2.83010458e+05 5.93945296e-03
2.90551597e+05 5.86185130e-03
2.98293677e+05 5.78638649e-03
3.06242054e+05 5.71316510e-03
3.14402225e+05 5.64194124e-03
3.22779833e+05 5.57266689e-03
3.31380672e+05 5.50541436e-03
3.40210690e+05 5.44010076e-03
3.49275994e+05 5.37658908e-03
3.58582853e+05 5.31484623e-03
3.68137705e+05 5.25500376e-03
3.77947156e+05 5.19682645e-03
3.88017992e+05 5.14028345e-03
3.98357176e+05 5.08541385e-03
4.08971860e+05 5.03217384e-03
4.19869384e+05 4.98044990e-03
4.31057285e+05 4.93019582e-03
4.42543301e+05 4.88151869e-03
4.54335375e+05 4.83424878e-03
4.66441662e+05 4.78834460e-03
4.78870535e+05 4.74381410e-03
4.91630590e+05 4.70066779e-03
5.04730651e+05 4.65876866e-03
5.18179778e+05 4.61809920e-03
5.31987273e+05 4.57873556e-03
5.46162684e+05 4.54055034e-03
5.60715815e+05 4.50349134e-03
5.75656731e+05 4.46756465e-03
5.90995765e+05 4.43279557e-03
6.06743525e+05 4.39906351e-03
6.22910902e+05 4.36634109e-03
6.39509077e+05 4.33468031e-03
6.56549530e+05 4.30400531e-03
6.74044045e+05 4.27425819e-03
6.92004722e+05 4.24543002e-03
7.10443982e+05 4.21755735e-03
7.29374576e+05 4.19053953e-03
7.48809599e+05 4.16434742e-03
7.68762489e+05 4.13901679e-03
7.89247047e+05 4.11449979e-03
8.10277440e+05 4.09074988e-03
8.31868212e+05 4.06774670e-03
8.54034295e+05 4.04554326e-03
8.76791018e+05 4.02405164e-03
9.00154120e+05 4.00325343e-03
9.24139759e+05 3.98316725e-03
9.48764523e+05 3.96376903e-03
9.74045442e+05 3.94502268e-03
1.00000000e+06 3.92691000e-03
