1.100000000E+05 4.929232502E+05 1.899221545E+05 0.000000000E+00 0.000000000E+00 0.000000000E+00
1.200000000E+05 6.434803353E+05 4.223677636E+05 0.000000000E+00 0.000000000E+00 0.000000000E+00
1.300000000E+05 7.611297219E+05 6.095914618E+05 7.895836841E+03 0.000000000E+00 0.000000000E+00
1.400000000E+05 9.180216031E+05 8.698783981E+05 8.697392592E+04 0.000000000E+00 0.000000000E+00
1.500000000E+05 1.082541390E+06 1.148509918E+06 1.751904118E+05 0.000000000E+00 0.000000000E+00
1.600000000E+05 1.193195156E+06 1.339512633E+06 2.346538766E+05 0.000000000E+00 0.000000000E+00
1.700000000E+05 1.321116300E+06 1.562401898E+06 3.072231682E+05 0.000000000E+00 0.000000000E+00
1.800000000E+05 1.419426043E+06 1.736948855E+06 3.643213095E+05 0.000000000E+00 0.000000000E+00
1.900000000E+05 1.476035916E+06 1.841600795E+06 3.976182970E+05 0.000000000E+00 0.000000000E+00
2.000000000E+05 1.534125428E+06 1.949991846E+06 4.336690741E+05 0.000000000E+00 0.000000000E+00
3.000000000E+05 1.583410342E+06 2.164304436E+06 5.255375208E+05 1.139519427E+05 0.000000000E+00
4.000000000E+05 1.387519637E+06 1.962916595E+06 4.994677212E+05 2.128957180E+05 0.000000000E+00
5.000000000E+05 1.143398485E+06 1.664036332E+06 4.418532912E+05 2.332116289E+05 0.000000000E+00
6.000000000E+05 9.324734931E+05 1.392690967E+06 3.875641877E+05 2.351951775E+05 0.000000000E+00
7.000000000E+05 7.644545929E+05 1.167798684E+06 3.403212218E+05 2.304583712E+05 0.000000000E+00
8.000000000E+05 6.329314868E+05 9.854715336E+05 2.993904983E+05 2.212546462E+05 0.000000000E+00
9.000000000E+05 5.303167697E+05 8.391296516E+05 2.644678078E+05 2.103237188E+05 0.000000000E+00
1.000000000E+06 4.495902013E+05 7.212304540E+05 2.347137521E+05 1.986068071E+05 0.000000000E+00
1.200000000E+06 3.335838679E+05 5.469995574E+05 1.875783245E+05 1.749458856E+05 0.000000000E+00
1.400000000E+06 2.567838440E+05 4.281498353E+05 1.529290116E+05 1.534446113E+05 0.000000000E+00
1.600000000E+06 2.036809968E+05 3.440556317E+05 1.269505305E+05 1.347197419E+05 0.000000000E+00
1.800000000E+06 1.656641470E+05 2.827662023E+05 1.071575458E+05 1.189490812E+05 0.000000000E+00
2.000000000E+06 1.375249769E+05 2.367176036E+05 9.171879993E+04 1.055295652E+05 0.000000000E+00
2.200000000E+06 1.161994416E+05 2.014009748E+05 7.952380183E+04 9.428600553E+04 0.000000000E+00
2.400000000E+06 9.965441164E+04 1.737211003E+05 6.971991094E+04 8.476965386E+04 0.000000000E+00
2.600000000E+06 8.655711610E+04 1.516160578E+05 6.171517037E+04 7.663858190E+04 0.000000000E+00
2.800000000E+06 7.602303137E+04 1.337049333E+05 5.510625465E+04 6.968078081E+04 0.000000000E+00
3.000000000E+06 6.743328915E+04 1.190080219E+05 4.959598867E+04 6.371561403E+04 0.000000000E+00
3.200000000E+06 6.032248804E+04 1.067713634E+05 4.493865566E+04 5.852158457E+04 0.000000000E+00
3.400000000E+06 5.437397031E+04 9.648451451E+04 4.097239301E+04 5.399352213E+04 0.000000000E+00
3.600000000E+06 4.934600815E+04 8.775194562E+04 3.756604749E+04 5.002335306E+04 0.000000000E+00
3.800000000E+06 4.505640271E+04 8.027321414E+04 3.461800980E+04 4.652338466E+04 0.000000000E+00
4.000000000E+06 4.136593457E+04 7.381719488E+04 3.204877530E+04 4.342251348E+04 0.000000000E+00
4.200000000E+06 3.816228534E+04 6.819490212E+04 2.979069916E+04 4.064813772E+04 0.000000000E+00
4.400000000E+06 3.536509516E+04 6.327258698E+04 2.779784906E+04 3.816574600E+04 0.000000000E+00
4.600000000E+06 3.292154184E+04 5.896522379E+04 2.604468385E+04 3.598224444E+04 2.105649861E+01
4.800000000E+06 3.074997698E+04 5.512641559E+04 2.446856449E+04 3.397338499E+04 2.114924538E+01
5.000000000E+06 2.882022205E+04 5.170839631E+04 2.305632277E+04 3.215445033E+04 2.127779888E+01
5.200000000E+06 2.709678833E+04 4.865045319E+04 2.178541892E+04 3.050172917E+04 2.144122249E+01
5.400000000E+06 2.556542238E+04 4.593209875E+04 2.065302160E+04 2.904480777E+04 6.106709222E+01
5.600000000E+06 2.417268949E+04 4.345365600E+04 1.961218597E+04 2.766941305E+04 6.161205992E+01
5.800000000E+06 2.291265529E+04 4.120848421E+04 1.866477676E+04 2.640787502E+04 6.218408090E+01
6.000000000E+06 2.176841802E+04 3.916729336E+04 1.779955206E+04 2.524758381E+04 6.276481790E+01
6.200000000E+06 2.073544821E+04 3.732462927E+04 1.701736297E+04 2.421033532E+04 9.023638293E+01
6.400000000E+06 1.978248811E+04 3.562139018E+04 1.628951774E+04 2.322260492E+04 9.103415812E+01
6.600000000E+06 1.890851532E+04 3.405801319E+04 1.561890565E+04 2.230727894E+04 9.180386671E+01
6.800000000E+06 1.810465574E+04 3.261896956E+04 1.499940957E+04 2.145714253E+04 9.253416434E+01
7.000000000E+06 1.736326857E+04 3.129086346E+04 1.442572565E+04 2.066589251E+04 9.321570086E+01
7.200000000E+06 1.668424909E+04 3.007501446E+04 1.390022738E+04 1.995001321E+04 1.124023436E+02
7.400000000E+06 1.604903854E+04 2.893585294E+04 1.340511072E+04 1.926132897E+04 1.131478068E+02
7.600000000E+06 1.545887779E+04 2.787696772E+04 1.294353588E+04 1.861659709E+04 1.138272728E+02
7.800000000E+06 1.490937564E+04 2.689060746E+04 1.251237418E+04 1.801196862E+04 1.144379575E+02
8.000000000E+06 1.439666813E+04 2.596994056E+04 1.210885504E+04 1.744399862E+04 1.149781159E+02
8.200000000E+06 1.391735096E+04 2.510894077E+04 1.173052564E+04 1.690962343E+04 1.154469780E+02
8.400000000E+06 1.347283668E+04 2.431107105E+04 1.137997683E+04 1.642119731E+04 1.288157474E+02
8.600000000E+06 1.305172859E+04 2.355423724E+04 1.104586087E+04 1.594653483E+04 1.292732203E+02
8.800000000E+06 1.265592632E+04 2.284272119E+04 1.073104649E+04 1.549797724E+04 1.296585435E+02
9.000000000E+06 1.228330461E+04 2.217274266E+04 1.043397189E+04 1.507351794E+04 1.299734035E+02
9.200000000E+06 1.193196455E+04 2.154092137E+04 1.015323691E+04 1.467135479E+04 1.302197854E+02
9.400000000E+06 1.160020001E+04 2.094421678E+04 9.887577419E+03 1.428984622E+04 1.303999316E+02
9.600000000E+06 1.128647772E+04 2.037989434E+04 9.635853502E+03 1.392750707E+04 1.305162981E+02
9.800000000E+06 1.099245917E+04 1.985154616E+04 9.400325879E+03 1.359344457E+04 1.397496500E+02
1.000000000E+07 1.071088591E+04 1.934497917E+04 9.173562742E+03 1.326580445E+04 1.398387648E+02
1.020000000E+07 1.044358375E+04 1.886405630E+04 8.957908860E+03 1.295359922E+04 1.398691880E+02
1.040000000E+07 1.018952675E+04 1.840694222E+04 8.752590762E+03 1.265580192E+04 1.398437327E+02
1.060000000E+07 9.947781731E+03 1.797196638E+04 8.556902565E+03 1.237147042E+04 1.397651946E+02
1.080000000E+07 9.717499674E+03 1.755760821E+04 8.370200497E+03 1.209974426E+04 1.396363409E+02
1.100000000E+07 9.497905160E+03 1.716247802E+04 8.191894675E+03 1.183983053E+04 1.394598996E+02
1.120000000E+07 9.288289146E+03 1.678530437E+04 8.021444170E+03 1.159099906E+04 1.392385505E+02
1.140000000E+07 9.090113074E+03 1.642912704E+04 7.860640603E+03 1.135987003E+04 1.455414557E+02
1.160000000E+07 8.898608940E+03 1.608456633E+04 7.704505856E+03 1.113141949E+04 1.453034397E+02
1.180000000E+07 8.715286965E+03 1.575473726E+04 7.554847882E+03 1.091217008E+04 1.450257668E+02
1.200000000E+07 8.539644009E+03 1.543873603E+04 7.411279101E+03 1.070159219E+04 1.447108433E+02
1.220000000E+07 8.371216494E+03 1.513572964E+04 7.273441630E+03 1.049919549E+04 1.443609817E+02
1.240000000E+07 8.209576049E+03 1.484494796E+04 7.141003857E+03 1.030452307E+04 1.439784011E+02
1.260000000E+07 8.054327139E+03 1.456567971E+04 7.013659066E+03 1.011715185E+04 1.435652288E+02
1.280000000E+07 7.905104033E+03 1.429726709E+04 6.891123182E+03 9.936689591E+03 1.431235015E+02
1.300000000E+07 7.761567254E+03 1.403909921E+04 6.773131811E+03 9.762768953E+03 1.426551674E+02
1.320000000E+07 7.624873452E+03 1.379354208E+04 6.661037412E+03 9.600154777E+03 1.469017737E+02
1.340000000E+07 7.491817813E+03 1.355426532E+04 6.551449513E+03 9.438427837E+03 1.464323799E+02
1.360000000E+07 7.363567001E+03 1.332364596E+04 6.445716631E+03 9.282276711E+03 1.459399971E+02
1.380000000E+07 7.239867576E+03 1.310122748E+04 6.343639937E+03 9.131422247E+03 1.454262515E+02
1.400000000E+07 7.120483519E+03 1.288658472E+04 6.245034046E+03 8.985604086E+03 1.448926866E+02
1.420000000E+07 7.005194662E+03 1.267932102E+04 6.149725777E+03 8.844578655E+03 1.443407666E+02
1.440000000E+07 6.893795295E+03 1.247906570E+04 6.057553067E+03 8.708117460E+03 1.437718797E+02
1.460000000E+07 6.786092848E+03 1.228547167E+04 5.968363911E+03 8.576005322E+03 1.431873413E+02
1.480000000E+07 6.681907196E+03 1.209821423E+04 5.882015973E+03 8.448040645E+03 1.425883976E+02
1.500000000E+07 6.581069606E+03 1.191698923E+04 5.798375750E+03 8.324034078E+03 1.419762281E+02
1.520000000E+07 6.483421827E+03 1.174151135E+04 5.717317864E+03 8.203807470E+03 1.413519491E+02
1.540000000E+07 6.389863680E+03 1.157360319E+04 5.639865117E+03 8.090847515E+03 1.441917932E+02
1.560000000E+07 6.298176994E+03 1.140886863E+04 5.563645629E+03 7.977754072E+03 1.435790654E+02
1.580000000E+07 6.209258944E+03 1.124912140E+04 5.489673456E+03 7.867959544E+03 1.429560731E+02
1.600000000E+07 6.122986042E+03 1.109413883E+04 5.417850296E+03 7.761323406E+03 1.423237185E+02
1.620000000E+07 6.039241689E+03 1.094371057E+04 5.348083138E+03 7.657711907E+03 1.416828531E+02
1.640000000E+07 5.957916094E+03 1.079763858E+04 5.280284349E+03 7.556999127E+03 1.410342803E+02
1.660000000E+07 5.878905665E+03 1.065573602E+04 5.214371155E+03 7.459065943E+03 1.403787581E+02
1.680000000E+07 5.802112636E+03 1.051782652E+04 5.150265369E+03 7.363799773E+03 1.397170010E+02
1.700000000E+07 5.727444568E+03 1.038374335E+04 5.087892979E+03 7.271093788E+03 1.390496831E+02
1.720000000E+07 5.654813985E+03 1.025332869E+04 5.027183852E+03 7.180846493E+03 1.383774393E+02
1.740000000E+07 5.584138159E+03 1.012643329E+04 4.968071618E+03 7.092961821E+03 1.377008682E+02
1.760000000E+07 5.515338740E+03 1.000291582E+04 4.910493361E+03 7.007348577E+03 1.370205336E+02
1.780000000E+07 5.449086020E+03 9.884127477E+03 4.855200523E+03 6.926523873E+03 1.388906851E+02
1.800000000E+07 5.383832811E+03 9.766995641E+03 4.800527913E+03 6.845242933E+03 1.382278159E+02
1.820000000E+07 5.320243744E+03 9.652858677E+03 4.747218308E+03 6.765983524E+03 1.375619267E+02
1.840000000E+07 5.258255376E+03 9.541602138E+03 4.695220580E+03 6.688671158E+03 1.368934679E+02
1.860000000E+07 5.197807426E+03 9.433117290E+03 4.644486112E+03 6.613234922E+03 1.362228638E+02
1.880000000E+07 5.138842590E+03 9.327300767E+03 4.594968650E+03 6.539607275E+03 1.355505141E+02
1.900000000E+07 5.081306353E+03 9.224054241E+03 4.546624158E+03 6.467723848E+03 1.348767952E+02
1.920000000E+07 5.025146829E+03 9.123284131E+03 4.499410694E+03 6.397523266E+03 1.342020618E+02
1.940000000E+07 4.970314605E+03 9.024901314E+03 4.453288281E+03 6.328946974E+03 1.335266479E+02
1.960000000E+07 4.916762593E+03 8.928820871E+03 4.408218801E+03 6.261939082E+03 1.328508679E+02
1.980000000E+07 4.864445899E+03 8.834961845E+03 4.364165886E+03 6.196446212E+03 1.321750183E+02
2.000000000E+07 4.813321699E+03 8.743247007E+03 4.321094818E+03 6.132417363E+03 1.314993779E+02
2.020000000E+07 4.763349117E+03 8.653602655E+03 4.278972440E+03 6.069803781E+03 1.308242097E+02
2.040000000E+07 4.714489121E+03 8.565958412E+03 4.237767069E+03 6.008558836E+03 1.301497612E+02
2.060000000E+07 4.667238197E+03 8.481312117E+03 4.198030609E+03 5.950510018E+03 1.313683056E+02
2.080000000E+07 4.620502148E+03 8.397487410E+03 4.158579703E+03 5.891903226E+03 1.307174409E+02
2.100000000E+07 4.574771179E+03 8.315468910E+03 4.119958302E+03 5.834535194E+03 1.300672760E+02
2.120000000E+07 4.530012689E+03 8.235197854E+03 4.082139882E+03 5.778366781E+03 1.294180777E+02
2.140000000E+07 4.486195467E+03 8.156617991E+03 4.045099037E+03 5.723360467E+03 1.287700905E+02
2.160000000E+07 4.443289626E+03 8.079675457E+03 4.008811422E+03 5.669480268E+03 1.281235394E+02
2.180000000E+07 4.401266528E+03 8.004318645E+03 3.973253699E+03 5.616691661E+03 1.274786311E+02
2.200000000E+07 4.360098722E+03 7.930498092E+03 3.938403484E+03 5.564961514E+03 1.268355557E+02
2.220000000E+07 4.319759886E+03 7.858166369E+03 3.904239300E+03 5.514258012E+03 1.261944878E+02
2.240000000E+07 4.280224765E+03 7.787277980E+03 3.870740536E+03 5.464550597E+03 1.255555882E+02
2.260000000E+07 4.241469123E+03 7.717789262E+03 3.837887395E+03 5.415809906E+03 1.249190051E+02
2.280000000E+07 4.203469689E+03 7.649658297E+03 3.805660864E+03 5.368007715E+03 1.242848743E+02
2.300000000E+07 4.166204109E+03 7.582844823E+03 3.774042669E+03 5.321116881E+03 1.236533212E+02
2.320000000E+07 4.129650906E+03 7.517310157E+03 3.743015244E+03 5.275111295E+03 1.230244610E+02
2.340000000E+07 4.093789432E+03 7.453017119E+03 3.712561694E+03 5.229965831E+03 1.223983995E+02
2.360000000E+07 4.058599833E+03 7.389929957E+03 3.682665765E+03 5.185656304E+03 1.217752341E+02
2.380000000E+07 4.024063008E+03 7.328014279E+03 3.653311814E+03 5.142159419E+03 1.211550543E+02
2.400000000E+07 3.990549869E+03 7.268014021E+03 3.624909892E+03 5.100822046E+03 1.219569663E+02
2.420000000E+07 3.957269662E+03 7.208354346E+03 3.596601400E+03 5.058904051E+03 1.213571584E+02
2.440000000E+07 3.924588859E+03 7.149770032E+03 3.568791072E+03 5.017732926E+03 1.207601689E+02
2.460000000E+07 3.892491051E+03 7.092231544E+03 3.541465445E+03 4.977288597E+03 1.201660889E+02
2.480000000E+07 3.860960422E+03 7.035710422E+03 3.514611542E+03 4.937551698E+03 1.195750006E+02
2.500000000E+07 3.829981728E+03 6.980179232E+03 3.488216845E+03 4.898503546E+03 1.189869784E+02
2.520000000E+07 3.799540266E+03 6.925611523E+03 3.462269281E+03 4.860126107E+03 1.184020890E+02
2.540000000E+07 3.769621856E+03 6.871981780E+03 3.436757199E+03 4.822401973E+03 1.178203923E+02
2.560000000E+07 3.740212812E+03 6.819265388E+03 3.411669349E+03 4.785314331E+03 1.172419421E+02
2.580000000E+07 3.711299927E+03 6.767438586E+03 3.386994873E+03 4.748846940E+03 1.166667863E+02
2.600000000E+07 3.682870447E+03 6.716478438E+03 3.362723280E+03 4.712984107E+03 1.160949675E+02
2.620000000E+07 3.654912056E+03 6.666362792E+03 3.338844435E+03 4.677710663E+03 1.155265236E+02
2.640000000E+07 3.627412852E+03 6.617070251E+03 3.315348543E+03 4.643011945E+03 1.149614878E+02
2.660000000E+07 3.600361336E+03 6.568580134E+03 3.292226135E+03 4.608873771E+03 1.143998892E+02
2.680000000E+07 3.573746392E+03 6.520872457E+03 3.269468054E+03 4.575282420E+03 1.138417531E+02
2.700000000E+07 3.547557269E+03 6.473927895E+03 3.247065443E+03 4.542224620E+03 1.132871013E+02
2.720000000E+07 3.521783571E+03 6.427727758E+03 3.225009732E+03 4.509687522E+03 1.127359522E+02
2.740000000E+07 3.496415239E+03 6.382253969E+03 3.203292629E+03 4.477658688E+03 1.121883213E+02
2.760000000E+07 3.471442539E+03 6.337489032E+03 3.181906104E+03 4.446126074E+03 1.116442213E+02
2.780000000E+07 3.446856046E+03 6.293416014E+03 3.160842383E+03 4.415078014E+03 1.111036623E+02
2.800000000E+07 3.422932690E+03 6.250589645E+03 3.140406639E+03 4.385511936E+03 1.116380275E+02
2.820000000E+07 3.399094913E+03 6.207858578E+03 3.119969921E+03 4.355411707E+03 1.111139538E+02
2.840000000E+07 3.375616689E+03 6.165771512E+03 3.099833966E+03 4.325762690E+03 1.105932086E+02
2.860000000E+07 3.352489725E+03 6.124313551E+03 3.079991925E+03 4.296554597E+03 1.100758040E+02
2.880000000E+07 3.329705982E+03 6.083470257E+03 3.060437157E+03 4.267777455E+03 1.095617492E+02
2.900000000E+07 3.307257669E+03 6.043227637E+03 3.041163222E+03 4.239421586E+03 1.090510508E+02
2.920000000E+07 3.285137231E+03 6.003572123E+03 3.022163874E+03 4.211477604E+03 1.085437131E+02
2.940000000E+07 3.263337336E+03 5.964490552E+03 3.003433052E+03 4.183936400E+03 1.080397381E+02
2.960000000E+07 3.241850877E+03 5.925970162E+03 2.984964875E+03 4.156789133E+03 1.075391261E+02
2.980000000E+07 3.220670953E+03 5.887998567E+03 2.966753634E+03 4.130027218E+03 1.070418751E+02
3.000000000E+07 3.199790869E+03 5.850563743E+03 2.948793789E+03 4.103642321E+03 1.065479818E+02
3.020000000E+07 3.179204123E+03 5.813654025E+03 2.931079957E+03 4.077626347E+03 1.060574412E+02
3.040000000E+07 3.158904403E+03 5.777258082E+03 2.913606911E+03 4.051971432E+03 1.055702469E+02
3.060000000E+07 3.138885577E+03 5.741364911E+03 2.896369573E+03 4.026669936E+03 1.050863911E+02
3.080000000E+07 3.119141692E+03 5.705963827E+03 2.879363011E+03 4.001714433E+03 1.046058648E+02
3.100000000E+07 3.099666959E+03 5.671044445E+03 2.862582427E+03 3.977097705E+03 1.041286580E+02
3.120000000E+07 3.080455755E+03 5.636596677E+03 2.846023161E+03 3.952812736E+03 1.036547596E+02
3.140000000E+07 3.061502613E+03 5.602610714E+03 2.829680680E+03 3.928852701E+03 1.031841575E+02
3.160000000E+07 3.042802218E+03 5.569077022E+03 2.813550576E+03 3.905210963E+03 1.027168389E+02
3.180000000E+07 3.024349402E+03 5.535986332E+03 2.797628562E+03 3.881881065E+03 1.022527900E+02
3.200000000E+07 3.006139138E+03 5.503329629E+03 2.781910468E+03 3.858856728E+03 1.017919964E+02
3.220000000E+07 2.988166535E+03 5.471098141E+03 2.766392235E+03 3.836131836E+03 1.013344430E+02
3.240000000E+07 2.970634941E+03 5.439698921E+03 2.751297577E+03 3.814435656E+03 1.016835845E+02
3.260000000E+07 2.953125694E+03 5.408296862E+03 2.736169733E+03 3.792299851E+03 1.012389131E+02
3.280000000E+07 2.935840139E+03 5.377294957E+03 2.721230132E+03 3.770445853E+03 1.007972917E+02
3.300000000E+07 2.918773888E+03 5.346685337E+03 2.706475128E+03 3.748868170E+03 1.003587075E+02
3.320000000E+07 2.901922669E+03 5.316460348E+03 2.691901174E+03 3.727561456E+03 9.992314675E+01
3.340000000E+07 2.885282322E+03 5.286612530E+03 2.677504811E+03 3.706520501E+03 9.949059503E+01
3.360000000E+07 2.868848795E+03 5.257134621E+03 2.663282671E+03 3.685740229E+03 9.906103737E+01
3.380000000E+07 2.852618138E+03 5.228019545E+03 2.649231472E+03 3.665215694E+03 9.863445822E+01
3.400000000E+07 2.836586506E+03 5.199260408E+03 2.635348014E+03 3.644942075E+03 9.821084150E+01
3.420000000E+07 2.820750149E+03 5.170850494E+03 2.621629180E+03 3.624914673E+03 9.779017069E+01
3.440000000E+07 2.805105411E+03 5.142783252E+03 2.608071928E+03 3.605128906E+03 9.737242883E+01
3.460000000E+07 2.789648733E+03 5.115052303E+03 2.594673294E+03 3.585580306E+03 9.695759862E+01
3.480000000E+07 2.774376637E+03 5.087651420E+03 2.581430388E+03 3.566264516E+03 9.654566239E+01
3.500000000E+07 2.759285739E+03 5.060574537E+03 2.568340388E+03 3.547177285E+03 9.613660218E+01
3.520000000E+07 2.744372733E+03 5.033815737E+03 2.555400545E+03 3.528314467E+03 9.573039977E+01
3.540000000E+07 2.729634395E+03 5.007369245E+03 2.542608172E+03 3.509672016E+03 9.532703670E+01
3.560000000E+07 2.715067582E+03 4.981229428E+03 2.529960652E+03 3.491245984E+03 9.492649429E+01
3.580000000E+07 2.700669224E+03 4.955390792E+03 2.517455426E+03 3.473032517E+03 9.452875370E+01
3.600000000E+07 2.686436326E+03 4.929847975E+03 2.505090000E+03 3.455027854E+03 9.413379590E+01
3.620000000E+07 2.672365965E+03 4.904595740E+03 2.492861936E+03 3.437228320E+03 9.374160175E+01
3.640000000E+07 2.658455286E+03 4.879628977E+03 2.480768854E+03 3.419630331E+03 9.335215198E+01
3.660000000E+07 2.644701503E+03 4.854942699E+03 2.468808432E+03 3.402230384E+03 9.296542723E+01
3.680000000E+07 2.631101894E+03 4.830532031E+03 2.456978399E+03 3.385025058E+03 9.258140806E+01
3.700000000E+07 2.617653800E+03 4.806392217E+03 2.445276538E+03 3.368011011E+03 9.220007497E+01
3.720000000E+07 2.604354626E+03 4.782518610E+03 2.433700682E+03 3.351184978E+03 9.182140841E+01
3.740000000E+07 2.591201835E+03 4.758906668E+03 2.422248716E+03 3.334543769E+03 9.144538880E+01
3.760000000E+07 2.578345556E+03 4.735856774E+03 2.411085640E+03 3.318624353E+03 9.167816925E+01
3.780000000E+07 2.565479538E+03 4.712757734E+03 2.399876825E+03 3.302348519E+03 9.131180217E+01
3.800000000E+07 2.552752594E+03 4.689907274E+03 2.388785787E+03 3.286248225E+03 9.094793746E+01
3.820000000E+07 2.540162410E+03 4.667301252E+03 2.377810594E+03 3.270320559E+03 9.058655715E+01
3.840000000E+07 2.527706724E+03 4.644935621E+03 2.366949357E+03 3.254562674E+03 9.022764320E+01
3.860000000E+07 2.515383326E+03 4.622806425E+03 2.356200227E+03 3.238971787E+03 8.987117753E+01
3.880000000E+07 2.503190050E+03 4.600909792E+03 2.345561398E+03 3.223545174E+03 8.951714200E+01
3.900000000E+07 2.491124783E+03 4.579241940E+03 2.335031101E+03 3.208280172E+03 8.916551850E+01
3.920000000E+07 2.479185455E+03 4.557799167E+03 2.324607607E+03 3.193174176E+03 8.881628885E+01
3.940000000E+07 2.467370042E+03 4.536577854E+03 2.314289224E+03 3.178224638E+03 8.846943494E+01
3.960000000E+07 2.455676564E+03 4.515574458E+03 2.304074295E+03 3.163429063E+03 8.812493862E+01
3.980000000E+07 2.444103082E+03 4.494785512E+03 2.293961200E+03 3.148785010E+03 8.778278181E+01
4.000000000E+07 2.432647702E+03 4.474207629E+03 2.283948354E+03 3.134290092E+03 8.744294643E+01
4.020000000E+07 2.421308567E+03 4.453837487E+03 2.274034202E+03 3.119941969E+03 8.710541447E+01
4.040000000E+07 2.410083860E+03 4.433671837E+03 2.264217226E+03 3.105738353E+03 8.677016797E+01
4.060000000E+07 2.398971804E+03 4.413707502E+03 2.254495936E+03 3.091677004E+03 8.643718900E+01
4.080000000E+07 2.387970656E+03 4.393941367E+03 2.244868874E+03 3.077755726E+03 8.610645973E+01
4.100000000E+07 2.377078712E+03 4.374370383E+03 2.235334614E+03 3.063972371E+03 8.577796239E+01
4.120000000E+07 2.366294302E+03 4.354991568E+03 2.225891758E+03 3.050324835E+03 8.545167927E+01
4.140000000E+07 2.355615791E+03 4.335801995E+03 2.216538935E+03 3.036811055E+03 8.512759277E+01
4.160000000E+07 2.345041578E+03 4.316798804E+03 2.207274804E+03 3.023429014E+03 8.480568536E+01
4.180000000E+07 2.334570093E+03 4.297979187E+03 2.198098049E+03 3.010176732E+03 8.448593960E+01
4.200000000E+07 2.324199797E+03 4.279340397E+03 2.189007383E+03 2.997052271E+03 8.416833814E+01
4.220000000E+07 2.313929187E+03 4.260879743E+03 2.180001543E+03 2.984053731E+03 8.385286375E+01
4.240000000E+07 2.303756785E+03 4.242594586E+03 2.171079291E+03 2.971179252E+03 8.353949928E+01
4.260000000E+07 2.293681145E+03 4.224482341E+03 2.162239416E+03 2.958427008E+03 8.322822769E+01
4.280000000E+07 2.283700847E+03 4.206540473E+03 2.153480726E+03 2.945795211E+03 8.291903204E+01
4.300000000E+07 2.273814504E+03 4.188766498E+03 2.144802057E+03 2.933282107E+03 8.261189551E+01
4.320000000E+07 2.264020751E+03 4.171157981E+03 2.136202266E+03 2.920885978E+03 8.230680139E+01
4.340000000E+07 2.254318253E+03 4.153712535E+03 2.127680230E+03 2.908605138E+03 8.200373307E+01
4.360000000E+07 2.244705700E+03 4.136427819E+03 2.119234852E+03 2.896437934E+03 8.170267407E+01
4.380000000E+07 2.235294702E+03 4.119527073E+03 2.110988729E+03 2.884782934E+03 8.186416139E+01
4.400000000E+07 2.225859076E+03 4.102558712E+03 2.102694409E+03 2.872841302E+03 8.157006969E+01
4.420000000E+07 2.216509593E+03 4.085744283E+03 2.094473548E+03 2.861008459E+03 8.127788683E+01
4.440000000E+07 2.207245040E+03 4.069081620E+03 2.086325129E+03 2.849282875E+03 8.098759736E+01
4.460000000E+07 2.198064228E+03 4.052568600E+03 2.078248152E+03 2.837663051E+03 8.069918592E+01
4.480000000E+07 2.188965991E+03 4.036203137E+03 2.070241638E+03 2.826147512E+03 8.041263724E+01
4.500000000E+07 2.179949182E+03 4.019983186E+03 2.062304624E+03 2.814734815E+03 8.012793618E+01
4.520000000E+07 2.171012679E+03 4.003906741E+03 2.054436167E+03 2.803423541E+03 7.984506770E+01
4.540000000E+07 2.162155379E+03 3.987971832E+03 2.046635339E+03 2.792212299E+03 7.956401686E+01
4.560000000E+07 2.153376200E+03 3.972176526E+03 2.038901231E+03 2.781099722E+03 7.928476886E+01
4.580000000E+07 2.144674080E+03 3.956518926E+03 2.031232950E+03 2.770084471E+03 7.900730898E+01
4.600000000E+07 2.136047976E+03 3.940997171E+03 2.023629620E+03 2.759165228E+03 7.873162264E+01
4.620000000E+07 2.127496865E+03 3.925609433E+03 2.016090379E+03 2.748340702E+03 7.845769535E+01
4.640000000E+07 2.119019741E+03 3.910353914E+03 2.008614382E+03 2.737609624E+03 7.818551277E+01
4.660000000E+07 2.110615617E+03 3.895228854E+03 2.001200798E+03 2.726970747E+03 7.791506063E+01
4.680000000E+07 2.102283524E+03 3.880232521E+03 1.993848812E+03 2.716422848E+03 7.764632483E+01
4.700000000E+07 2.094022512E+03 3.865363218E+03 1.986557623E+03 2.705964727E+03 7.737929134E+01
4.720000000E+07 2.085831644E+03 3.850619273E+03 1.979326445E+03 2.695595201E+03 7.711394628E+01
4.740000000E+07 2.077710002E+03 3.835999047E+03 1.972154503E+03 2.685313113E+03 7.685027586E+01
4.760000000E+07 2.069656685E+03 3.821500932E+03 1.965041040E+03 2.675117323E+03 7.658826644E+01
4.780000000E+07 2.061670806E+03 3.807123342E+03 1.957985307E+03 2.665006712E+03 7.632790445E+01
4.800000000E+07 2.053751495E+03 3.792864724E+03 1.950986572E+03 2.654980181E+03 7.606917649E+01
4.820000000E+07 2.045897896E+03 3.778723551E+03 1.944044115E+03 2.645036650E+03 7.581206924E+01
4.840000000E+07 2.038109168E+03 3.764698323E+03 1.937157227E+03 2.635175058E+03 7.555656950E+01
4.860000000E+07 2.030384486E+03 3.750787564E+03 1.930325212E+03 2.625394361E+03 7.530266421E+01
4.880000000E+07 2.022723038E+03 3.736989824E+03 1.923547386E+03 2.615693534E+03 7.505034039E+01
4.900000000E+07 2.015124024E+03 3.723303680E+03 1.916823075E+03 2.606071569E+03 7.479958520E+01
4.920000000E+07 2.007586663E+03 3.709727730E+03 1.910151619E+03 2.596527475E+03 7.455038592E+01
4.940000000E+07 2.000110180E+03 3.696260599E+03 1.903532367E+03 2.587060280E+03 7.430272991E+01
4.960000000E+07 1.992693820E+03 3.682900933E+03 1.896964680E+03 2.577669025E+03 7.405660467E+01
4.980000000E+07 1.985336837E+03 3.669647402E+03 1.890447930E+03 2.568352769E+03 7.381199781E+01
5.000000000E+07 1.978038496E+03 3.656498696E+03 1.883981497E+03 2.559110586E+03 7.356889705E+01
5.020000000E+07 1.970798078E+03 3.643453531E+03 1.877564774E+03 2.549941567E+03 7.332729022E+01
5.040000000E+07 1.963614875E+03 3.630510640E+03 1.871197162E+03 2.540844816E+03 7.308716525E+01
5.060000000E+07 1.956488189E+03 3.617668780E+03 1.864878074E+03 2.531819453E+03 7.284851019E+01
5.080000000E+07 1.949500360E+03 3.605092616E+03 1.858697933E+03 2.523159300E+03 7.295943817E+01
5.100000000E+07 1.942485219E+03 3.592450283E+03 1.852474780E+03 2.514276138E+03 7.272576202E+01
5.120000000E+07 1.935524561E+03 3.579905345E+03 1.846298429E+03 2.505461767E+03 7.249348887E+01
5.140000000E+07 1.928617732E+03 3.567456640E+03 1.840168329E+03 2.496715363E+03 7.226260737E+01
5.160000000E+07 1.921764091E+03 3.555103019E+03 1.834083937E+03 2.488036114E+03 7.203310630E+01
5.180000000E+07 1.914963005E+03 3.542843357E+03 1.828044720E+03 2.479423223E+03 7.180497451E+01
5.200000000E+07 1.908213853E+03 3.530676543E+03 1.822050152E+03 2.470875905E+03 7.157820098E+01
5.220000000E+07 1.901516023E+03 3.518601486E+03 1.816099717E+03 2.462393387E+03 7.135277478E+01
5.240000000E+07 1.894868915E+03 3.506617114E+03 1.810192906E+03 2.453974910E+03 7.112868510E+01
5.260000000E+07 1.888271934E+03 3.494722367E+03 1.804329218E+03 2.445619724E+03 7.090592120E+01
5.280000000E+07 1.881724499E+03 3.482916206E+03 1.798508160E+03 2.437327094E+03 7.068447248E+01
5.300000000E+07 1.875226035E+03 3.471197608E+03 1.792729248E+03 2.429096295E+03 7.046432842E+01
5.320000000E+07 1.868775978E+03 3.459565563E+03 1.786992002E+03 2.420926613E+03 7.024547859E+01
5.340000000E+07 1.862373771E+03 3.448019080E+03 1.781295953E+03 2.412817347E+03 7.002791270E+01
5.360000000E+07 1.856018868E+03 3.436557181E+03 1.775640638E+03 2.404767804E+03 6.981162050E+01
5.380000000E+07 1.849710728E+03 3.425178905E+03 1.770025600E+03 2.396777304E+03 6.959659190E+01
5.400000000E+07 1.843448822E+03 3.413883305E+03 1.764450390E+03 2.388845178E+03 6.938281685E+01
5.420000000E+07 1.837232626E+03 3.402669450E+03 1.758914567E+03 2.380970764E+03 6.917028544E+01
5.440000000E+07 1.831061628E+03 3.391536420E+03 1.753417694E+03 2.373153413E+03 6.895898783E+01
5.460000000E+07 1.824935318E+03 3.380483310E+03 1.747959342E+03 2.365392485E+03 6.874891429E+01
5.480000000E+07 1.818853199E+03 3.369509232E+03 1.742539088E+03 2.357687350E+03 6.854005516E+01
5.500000000E+07 1.812814779E+03 3.358613308E+03 1.737156518E+03 2.350037388E+03 6.833240090E+01
5.520000000E+07 1.806819574E+03 3.347794673E+03 1.731811219E+03 2.342441985E+03 6.812594205E+01
5.540000000E+07 1.800867107E+03 3.337052478E+03 1.726502788E+03 2.334900542E+03 6.792066923E+01
5.560000000E+07 1.794956907E+03 3.326385883E+03 1.721230828E+03 2.327412463E+03 6.771657318E+01
5.580000000E+07 1.789088513E+03 3.315794064E+03 1.715994945E+03 2.319977165E+03 6.751364468E+01
5.600000000E+07 1.783261469E+03 3.305276207E+03 1.710794754E+03 2.312594072E+03 6.731187466E+01
5.620000000E+07 1.777475324E+03 3.294831509E+03 1.705629873E+03 2.305262616E+03 6.711125407E+01
5.640000000E+07 1.771729637E+03 3.284459182E+03 1.700499927E+03 2.297982240E+03 6.691177401E+01
5.660000000E+07 1.766023972E+03 3.274158447E+03 1.695404546E+03 2.290752390E+03 6.671342562E+01
5.680000000E+07 1.760357897E+03 3.263928536E+03 1.690343366E+03 2.283572526E+03 6.651620014E+01
5.700000000E+07 1.754730991E+03 3.253768696E+03 1.685316027E+03 2.276442112E+03 6.632008889E+01
5.720000000E+07 1.749142835E+03 3.243678180E+03 1.680322175E+03 2.269360621E+03 6.612508329E+01
5.740000000E+07 1.743593018E+03 3.233656255E+03 1.675361462E+03 2.262327533E+03 6.593117482E+01
5.760000000E+07 1.738081135E+03 3.223702197E+03 1.670433542E+03 2.255342337E+03 6.573835504E+01
5.780000000E+07 1.732606785E+03 3.213815293E+03 1.665538077E+03 2.248404527E+03 6.554661560E+01
5.800000000E+07 1.727169574E+03 3.203994840E+03 1.660674731E+03 2.241513606E+03 6.535594824E+01
5.820000000E+07 1.721769115E+03 3.194240144E+03 1.655843175E+03 2.234669084E+03 6.516634475E+01
5.840000000E+07 1.716405024E+03 3.184550523E+03 1.651043084E+03 2.227870476E+03 6.497779702E+01
5.860000000E+07 1.711076924E+03 3.174925303E+03 1.646274138E+03 2.221117307E+03 6.479029700E+01
5.880000000E+07 1.705784442E+03 3.165363819E+03 1.641536019E+03 2.214409105E+03 6.460383673E+01
5.900000000E+07 1.700588487E+03 3.155987866E+03 1.636895612E+03 2.207963150E+03 6.468224567E+01
5.920000000E+07 1.695366499E+03 3.146552608E+03 1.632218608E+03 2.201344773E+03 6.449925910E+01
5.940000000E+07 1.690179040E+03 3.137179142E+03 1.627571504E+03 2.194769979E+03 6.431728222E+01
5.960000000E+07 1.685025754E+03 3.127866832E+03 1.622953999E+03 2.188238315E+03 6.413629454E+01
5.980000000E+07 1.679906294E+03 3.118615062E+03 1.618365798E+03 2.181749342E+03 6.395628853E+01
6.000000000E+07 1.674820319E+03 3.109423221E+03 1.613806609E+03 2.175302627E+03 6.377725670E+01
6.020000000E+07 1.669767491E+03 3.100290704E+03 1.609276145E+03 2.168897745E+03 6.359919165E+01
6.040000000E+07 1.664747476E+03 3.091216919E+03 1.604774123E+03 2.162534274E+03 6.342208603E+01
6.060000000E+07 1.659759945E+03 3.082201278E+03 1.600300264E+03 2.156211801E+03 6.324593259E+01
6.080000000E+07 1.654804575E+03 3.073243204E+03 1.595854291E+03 2.149929914E+03 6.307072414E+01
6.100000000E+07 1.649881047E+03 3.064342126E+03 1.591435932E+03 2.143688212E+03 6.289645356E+01
6.120000000E+07 1.644989043E+03 3.055497481E+03 1.587044920E+03 2.137486296E+03 6.272311378E+01
6.140000000E+07 1.640128253E+03 3.046708714E+03 1.582680988E+03 2.131323772E+03 6.255069784E+01
6.160000000E+07 1.635298371E+03 3.037975277E+03 1.578343876E+03 2.125200253E+03 6.237919880E+01
6.180000000E+07 1.630499093E+03 3.029296630E+03 1.574033326E+03 2.119115357E+03 6.220860983E+01
6.200000000E+07 1.625730120E+03 3.020672239E+03 1.569749083E+03 2.113068706E+03 6.203892414E+01
6.220000000E+07 1.620991157E+03 3.012101577E+03 1.565490895E+03 2.107059927E+03 6.187013502E+01
6.240000000E+07 1.616281913E+03 3.003584126E+03 1.561258515E+03 2.101088654E+03 6.170223580E+01
6.260000000E+07 1.611602100E+03 2.995119371E+03 1.557051698E+03 2.095154523E+03 6.153521990E+01
6.280000000E+07 1.606951435E+03 2.986706809E+03 1.552870203E+03 2.089257177E+03 6.136908080E+01
6.300000000E+07 1.602329639E+03 2.978345939E+03 1.548713790E+03 2.083396262E+03 6.120381203E+01
6.320000000E+07 1.597736434E+03 2.970036268E+03 1.544582225E+03 2.077571430E+03 6.103940718E+01
6.340000000E+07 1.593171548E+03 2.961777310E+03 1.540475274E+03 2.071782335E+03 6.087585993E+01
6.360000000E+07 1.588634713E+03 2.953568584E+03 1.536392709E+03 2.066028640E+03 6.071316399E+01
6.380000000E+07 1.584125661E+03 2.945409618E+03 1.532334303E+03 2.060310008E+03 6.055131314E+01
6.400000000E+07 1.579644132E+03 2.937299941E+03 1.528299832E+03 2.054626108E+03 6.039030121E+01
6.420000000E+07 1.575189866E+03 2.929239094E+03 1.524289075E+03 2.048976614E+03 6.023012211E+01
6.440000000E+07 1.570762606E+03 2.921226618E+03 1.520301814E+03 2.043361202E+03 6.007076979E+01
6.460000000E+07 1.566362102E+03 2.913262065E+03 1.516337834E+03 2.037779555E+03 5.991223826E+01
6.480000000E+07 1.561988104E+03 2.905344989E+03 1.512396922E+03 2.032231357E+03 5.975452159E+01
6.500000000E+07 1.557640365E+03 2.897474951E+03 1.508478868E+03 2.026716298E+03 5.959761389E+01
6.520000000E+07 1.553318643E+03 2.889651518E+03 1.504583465E+03 2.021234073E+03 5.944150936E+01
6.540000000E+07 1.549022697E+03 2.881874261E+03 1.500710507E+03 2.015784376E+03 5.928620221E+01
6.560000000E+07 1.544752291E+03 2.874142757E+03 1.496859793E+03 2.010366911E+03 5.913168675E+01
6.580000000E+07 1.540507191E+03 2.866456589E+03 1.493031122E+03 2.004981380E+03 5.897795730E+01
6.600000000E+07 1.536287166E+03 2.858815346E+03 1.489224298E+03 1.999627494E+03 5.882500825E+01
6.620000000E+07 1.532091986E+03 2.851218619E+03 1.485439125E+03 1.994304963E+03 5.867283406E+01
6.640000000E+07 1.527921428E+03 2.843666005E+03 1.481675410E+03 1.989013504E+03 5.852142921E+01
6.660000000E+07 1.523775267E+03 2.836157109E+03 1.477932964E+03 1.983752835E+03 5.837078824E+01
6.680000000E+07 1.519653285E+03 2.828691536E+03 1.474211598E+03 1.978522678E+03 5.822090576E+01
6.700000000E+07 1.515555263E+03 2.821268899E+03 1.470511126E+03 1.973322760E+03 5.807177641E+01
6.720000000E+07 1.511480988E+03 2.813888816E+03 1.466831365E+03 1.968152809E+03 5.792339487E+01
6.740000000E+07 1.507430247E+03 2.806550908E+03 1.463172134E+03 1.963012559E+03 5.777575590E+01
6.760000000E+07 1.503402830E+03 2.799254801E+03 1.459533254E+03 1.957901745E+03 5.762885427E+01
6.780000000E+07 1.499398531E+03 2.792000126E+03 1.455914548E+03 1.952820105E+03 5.748268483E+01
6.800000000E+07 1.495417146E+03 2.784786517E+03 1.452315840E+03 1.947767382E+03 5.733724245E+01
6.820000000E+07 1.491458471E+03 2.777613614E+03 1.448736957E+03 1.942743320E+03 5.719252206E+01
6.840000000E+07 1.487522308E+03 2.770481062E+03 1.445177730E+03 1.937747669E+03 5.704851865E+01
6.860000000E+07 1.483653804E+03 2.763479132E+03 1.441687736E+03 1.932941476E+03 5.710560189E+01
6.880000000E+07 1.479762300E+03 2.756426678E+03 1.438167563E+03 1.928002710E+03 5.696399271E+01
6.900000000E+07 1.475892720E+03 2.749413526E+03 1.434666541E+03 1.923091610E+03 5.682308102E+01
6.920000000E+07 1.472044873E+03 2.742439334E+03 1.431184508E+03 1.918207929E+03 5.668285465E+01
6.940000000E+07 1.468218570E+03 2.735503766E+03 1.427721301E+03 1.913351430E+03 5.654330881E+01
6.960000000E+07 1.464413627E+03 2.728606489E+03 1.424276761E+03 1.908521879E+03 5.640443875E+01
6.980000000E+07 1.460629858E+03 2.721747176E+03 1.420850731E+03 1.903719044E+03 5.626623974E+01
7.000000000E+07 1.456867082E+03 2.714925502E+03 1.417443055E+03 1.898942695E+03 5.612870712E+01
7.020000000E+07 1.453125120E+03 2.708141149E+03 1.414053580E+03 1.894192606E+03 5.599183628E+01
7.040000000E+07 1.449403795E+03 2.701393798E+03 1.410682154E+03 1.889468554E+03 5.585562261E+01
7.060000000E+07 1.445702931E+03 2.694683137E+03 1.407328625E+03 1.884770317E+03 5.572006160E+01
7.080000000E+07 1.442022354E+03 2.688008856E+03 1.403992847E+03 1.880097677E+03 5.558514873E+01
7.100000000E+07 1.438361894E+03 2.681370649E+03 1.400674671E+03 1.875450416E+03 5.545087956E+01
7.120000000E+07 1.434721380E+03 2.674768213E+03 1.397373952E+03 1.870828323E+03 5.531724967E+01
7.140000000E+07 1.431100646E+03 2.668201252E+03 1.394090547E+03 1.866231185E+03 5.518425468E+01
7.160000000E+07 1.427499525E+03 2.661669466E+03 1.390824314E+03 1.861658793E+03 5.505189027E+01
7.180000000E+07 1.423917855E+03 2.655172566E+03 1.387575112E+03 1.857110941E+03 5.492015213E+01
7.200000000E+07 1.420355472E+03 2.648710262E+03 1.384342802E+03 1.852587425E+03 5.478903602E+01
7.220000000E+07 1.416812218E+03 2.642282269E+03 1.381127248E+03 1.848088043E+03 5.465853771E+01
7.240000000E+07 1.413287934E+03 2.635888303E+03 1.377928313E+03 1.843612595E+03 5.452865304E+01
7.260000000E+07 1.409782462E+03 2.629528086E+03 1.374745863E+03 1.839160885E+03 5.439937785E+01
7.280000000E+07 1.406295649E+03 2.623201341E+03 1.371579765E+03 1.834732716E+03 5.427070805E+01
7.300000000E+07 1.402827342E+03 2.616907795E+03 1.368429888E+03 1.830327897E+03 5.414263957E+01
7.320000000E+07 1.399377389E+03 2.610647178E+03 1.365296102E+03 1.825946235E+03 5.401516839E+01
7.340000000E+07 1.395945641E+03 2.604419223E+03 1.362178279E+03 1.821587543E+03 5.388829050E+01
7.360000000E+07 1.392531949E+03 2.598223666E+03 1.359076290E+03 1.817251634E+03 5.376200196E+01
7.380000000E+07 1.389136168E+03 2.592060244E+03 1.355990012E+03 1.812938323E+03 5.363629884E+01
7.400000000E+07 1.385758152E+03 2.585928700E+03 1.352919318E+03 1.808647428E+03 5.351117726E+01
7.420000000E+07 1.382397758E+03 2.579828779E+03 1.349864086E+03 1.804378767E+03 5.338663335E+01
7.440000000E+07 1.379054844E+03 2.573760226E+03 1.346824195E+03 1.800132164E+03 5.326266331E+01
7.460000000E+07 1.375729272E+03 2.567722793E+03 1.343799525E+03 1.795907440E+03 5.313926335E+01
7.480000000E+07 1.372420901E+03 2.561716232E+03 1.340789955E+03 1.791704422E+03 5.301642971E+01
7.500000000E+07 1.369129595E+03 2.555740297E+03 1.337795368E+03 1.787522936E+03 5.289415869E+01
7.520000000E+07 1.365855218E+03 2.549794748E+03 1.334815648E+03 1.783362811E+03 5.277244659E+01
7.540000000E+07 1.362597637E+03 2.543879344E+03 1.331850678E+03 1.779223879E+03 5.265128976E+01
7.560000000E+07 1.359356718E+03 2.537993848E+03 1.328900347E+03 1.775105973E+03 5.253068457E+01
7.580000000E+07 1.356132331E+03 2.532138027E+03 1.325964539E+03 1.771008925E+03 5.241062745E+01
7.600000000E+07 1.352924344E+03 2.526311647E+03 1.323043143E+03 1.766932573E+03 5.229111482E+01
7.620000000E+07 1.349732630E+03 2.520514479E+03 1.320136049E+03 1.762876756E+03 5.217214316E+01
7.640000000E+07 1.346557063E+03 2.514746298E+03 1.317243148E+03 1.758841311E+03 5.205370897E+01
7.660000000E+07 1.343397515E+03 2.509006878E+03 1.314364331E+03 1.754826082E+03 5.193580878E+01
7.680000000E+07 1.340253862E+03 2.503295995E+03 1.311499491E+03 1.750830911E+03 5.181843916E+01
7.700000000E+07 1.337125981E+03 2.497613432E+03 1.308648522E+03 1.746855642E+03 5.170159669E+01
7.720000000E+07 1.334013751E+03 2.491958969E+03 1.305811318E+03 1.742900123E+03 5.158527800E+01
7.740000000E+07 1.330917051E+03 2.486332392E+03 1.302987777E+03 1.738964201E+03 5.146947973E+01
7.760000000E+07 1.327835761E+03 2.480733488E+03 1.300177796E+03 1.735047725E+03 5.135419855E+01
7.780000000E+07 1.324769763E+03 2.475162045E+03 1.297381272E+03 1.731150548E+03 5.123943119E+01
7.800000000E+07 1.321718941E+03 2.469617855E+03 1.294598105E+03 1.727272520E+03 5.112517435E+01
7.820000000E+07 1.318683178E+03 2.464100711E+03 1.291828195E+03 1.723413498E+03 5.101142482E+01
7.840000000E+07 1.315662361E+03 2.458610408E+03 1.289071444E+03 1.719573335E+03 5.089817936E+01
7.860000000E+07 1.312656375E+03 2.453146745E+03 1.286327754E+03 1.715751891E+03 5.078543480E+01
7.880000000E+07 1.309665110E+03 2.447709520E+03 1.283597028E+03 1.711949023E+03 5.067318798E+01
7.900000000E+07 1.306688453E+03 2.442298536E+03 1.280879171E+03 1.708164590E+03 5.056143576E+01
7.920000000E+07 1.303726295E+03 2.436913597E+03 1.278174087E+03 1.704398456E+03 5.045017503E+01
7.940000000E+07 1.300778527E+03 2.431554508E+03 1.275481684E+03 1.700650482E+03 5.033940272E+01
7.960000000E+07 1.297845042E+03 2.426221076E+03 1.272801867E+03 1.696920534E+03 5.022911576E+01
7.980000000E+07 1.294959335E+03 2.420980275E+03 1.270171424E+03 1.693328108E+03 5.027164661E+01
8.000000000E+07 1.292054239E+03 2.415697877E+03 1.267516666E+03 1.689634324E+03 5.016299128E+01
8.020000000E+07 1.289163109E+03 2.410440569E+03 1.264874220E+03 1.685958160E+03 5.005480762E+01
8.040000000E+07 1.286285839E+03 2.405208165E+03 1.262243998E+03 1.682299486E+03 4.994708993E+01
8.060000000E+07 1.283422327E+03 2.400000481E+03 1.259625910E+03 1.678658172E+03 4.983983526E+01
8.080000000E+07 1.280572473E+03 2.394817338E+03 1.257019868E+03 1.675034090E+03 4.973304072E+01
8.100000000E+07 1.277736175E+03 2.389658556E+03 1.254425788E+03 1.671427115E+03 4.962670340E+01
8.120000000E+07 1.274913335E+03 2.384523957E+03 1.251843582E+03 1.667837120E+03 4.952082045E+01
8.140000000E+07 1.272103854E+03 2.379413366E+03 1.249273166E+03 1.664263981E+03 4.941538902E+01
8.160000000E+07 1.269307634E+03 2.374326608E+03 1.246714455E+03 1.660707577E+03 4.931040630E+01
8.180000000E+07 1.266524580E+03 2.369263512E+03 1.244167368E+03 1.657167786E+03 4.920586950E+01
8.200000000E+07 1.263754596E+03 2.364223907E+03 1.241631820E+03 1.653644487E+03 4.910177585E+01
8.220000000E+07 1.260997587E+03 2.359207623E+03 1.239107730E+03 1.650137561E+03 4.899812262E+01
8.240000000E+07 1.258253460E+03 2.354214494E+03 1.236595018E+03 1.646646890E+03 4.889490706E+01
8.260000000E+07 1.255522122E+03 2.349244355E+03 1.234093603E+03 1.643172358E+03 4.879212650E+01
8.280000000E+07 1.252803481E+03 2.344297041E+03 1.231603407E+03 1.639713848E+03 4.868977825E+01
8.300000000E+07 1.250097447E+03 2.339372390E+03 1.229124350E+03 1.636271248E+03 4.858785966E+01
8.320000000E+07 1.247403929E+03 2.334470240E+03 1.226656354E+03 1.632844441E+03 4.848636810E+01
8.340000000E+07 1.244722839E+03 2.329590432E+03 1.224199343E+03 1.629433318E+03 4.838530097E+01
8.360000000E+07 1.242054088E+03 2.324732810E+03 1.221753240E+03 1.626037766E+03 4.828465568E+01
8.380000000E+07 1.239397588E+03 2.319897216E+03 1.219317970E+03 1.622657675E+03 4.818442965E+01
8.400000000E+07 1.236753253E+03 2.315083495E+03 1.216893457E+03 1.619292936E+03 4.808462036E+01
8.420000000E+07 1.234120997E+03 2.310291495E+03 1.214479629E+03 1.615943441E+03 4.798522527E+01
8.440000000E+07 1.231500736E+03 2.305521064E+03 1.212076409E+03 1.612609083E+03 4.788624188E+01
8.460000000E+07 1.228892384E+03 2.300772050E+03 1.209683727E+03 1.609289756E+03 4.778766772E+01
8.480000000E+07 1.226295860E+03 2.296044306E+03 1.207301511E+03 1.605985354E+03 4.768950032E+01
8.500000000E+07 1.223711079E+03 2.291337683E+03 1.204929687E+03 1.602695775E+03 4.759173724E+01
8.520000000E+07 1.221137961E+03 2.286652036E+03 1.202568186E+03 1.599420915E+03 4.749437606E+01
8.540000000E+07 1.218576425E+03 2.281987219E+03 1.200216938E+03 1.596160671E+03 4.739741438E+01
8.560000000E+07 1.216026389E+03 2.277343091E+03 1.197875873E+03 1.592914943E+03 4.730084982E+01
8.580000000E+07 1.213487776E+03 2.272719506E+03 1.195544922E+03 1.589683631E+03 4.720468002E+01
8.600000000E+07 1.210960505E+03 2.268116325E+03 1.193224017E+03 1.586466635E+03 4.710890263E+01
8.620000000E+07 1.208444499E+03 2.263533410E+03 1.190913091E+03 1.583263857E+03 4.701351533E+01
8.640000000E+07 1.205939681E+03 2.258970621E+03 1.188612076E+03 1.580075200E+03 4.691851581E+01
8.660000000E+07 1.203445974E+03 2.254427823E+03 1.186320907E+03 1.576900567E+03 4.682390179E+01
8.680000000E+07 1.200963302E+03 2.249904877E+03 1.184039516E+03 1.573739863E+03 4.672967100E+01
8.700000000E+07 1.198491590E+03 2.245401652E+03 1.181767841E+03 1.570592992E+03 4.663582119E+01
8.720000000E+07 1.196030763E+03 2.240918013E+03 1.179505814E+03 1.567459862E+03 4.654235012E+01
8.740000000E+07 1.193580749E+03 2.236453829E+03 1.177253373E+03 1.564340379E+03 4.644925558E+01
8.760000000E+07 1.191141473E+03 2.232008968E+03 1.175010455E+03 1.561234451E+03 4.635653537E+01
8.780000000E+07 1.188712863E+03 2.227583302E+03 1.172776995E+03 1.558141987E+03 4.626418732E+01
8.800000000E+07 1.186294848E+03 2.223176702E+03 1.170552934E+03 1.555062897E+03 4.617220925E+01
8.820000000E+07 1.183887356E+03 2.218789040E+03 1.168338207E+03 1.551997090E+03 4.608059903E+01
8.840000000E+07 1.181490316E+03 2.214420190E+03 1.166132755E+03 1.548944478E+03 4.598935453E+01
8.860000000E+07 1.179103660E+03 2.210070029E+03 1.163936517E+03 1.545904973E+03 4.589847362E+01
8.880000000E+07 1.176727317E+03 2.205738431E+03 1.161749432E+03 1.542878488E+03 4.580795422E+01
8.900000000E+07 1.174361220E+03 2.201425275E+03 1.159571441E+03 1.539864937E+03 4.571779424E+01
8.920000000E+07 1.172005300E+03 2.197130439E+03 1.157402486E+03 1.536864233E+03 4.562799163E+01
8.940000000E+07 1.169659489E+03 2.192853801E+03 1.155242507E+03 1.533876292E+03 4.553854433E+01
8.960000000E+07 1.167323722E+03 2.188595244E+03 1.153091446E+03 1.530901031E+03 4.544945030E+01
8.980000000E+07 1.164997932E+03 2.184354648E+03 1.150949247E+03 1.527938364E+03 4.536070755E+01
9.000000000E+07 1.162682052E+03 2.180131896E+03 1.148815852E+03 1.524988211E+03 4.527231405E+01
9.020000000E+07 1.160376019E+03 2.175926872E+03 1.146691205E+03 1.522050489E+03 4.518426784E+01
9.040000000E+07 1.158079768E+03 2.171739460E+03 1.144575250E+03 1.519125116E+03 4.509656692E+01
9.060000000E+07 1.155793235E+03 2.167569547E+03 1.142467931E+03 1.516212014E+03 4.500920936E+01
9.080000000E+07 1.153516357E+03 2.163417019E+03 1.140369193E+03 1.513311101E+03 4.492219321E+01
9.100000000E+07 1.151249071E+03 2.159281764E+03 1.138278983E+03 1.510422298E+03 4.483551654E+01
9.120000000E+07 1.148991314E+03 2.155163672E+03 1.136197245E+03 1.507545529E+03 4.474917744E+01
9.140000000E+07 1.146743026E+03 2.151062630E+03 1.134123926E+03 1.504680714E+03 4.466317401E+01
9.160000000E+07 1.144504145E+03 2.146978531E+03 1.132058973E+03 1.501827777E+03 4.457750437E+01
9.180000000E+07 1.142274610E+03 2.142911265E+03 1.130002334E+03 1.498986641E+03 4.449216665E+01
9.200000000E+07 1.140054362E+03 2.138860726E+03 1.127953956E+03 1.496157232E+03 4.440715899E+01
9.220000000E+07 1.137843341E+03 2.134826806E+03 1.125913787E+03 1.493339474E+03 4.432247956E+01
9.240000000E+07 1.135641488E+03 2.130809401E+03 1.123881777E+03 1.490533292E+03 4.423812652E+01
9.260000000E+07 1.133473549E+03 2.126857988E+03 1.121885104E+03 1.487826989E+03 4.426939691E+01
9.280000000E+07 1.131289949E+03 2.122873482E+03 1.119869359E+03 1.485044070E+03 4.418615234E+01
9.300000000E+07 1.129115343E+03 2.118905179E+03 1.117861620E+03 1.482272508E+03 4.410322651E+01
9.320000000E+07 1.126949672E+03 2.114952975E+03 1.115861837E+03 1.479512228E+03 4.402061676E+01
9.340000000E+07 1.124792882E+03 2.111016769E+03 1.113869961E+03 1.476763160E+03 4.393831989E+01
9.360000000E+07 1.122644914E+03 2.107096460E+03 1.111885943E+03 1.474025231E+03 4.385633412E+01
9.380000000E+07 1.120505715E+03 2.103191950E+03 1.109909735E+03 1.471298374E+03 4.377465772E+01
9.400000000E+07 1.118375228E+03 2.099303140E+03 1.107941289E+03 1.468582517E+03 4.369328897E+01
9.420000000E+07 1.116253400E+03 2.095429931E+03 1.105980557E+03 1.465877592E+03 4.361222614E+01
9.440000000E+07 1.114140176E+03 2.091572227E+03 1.104027491E+03 1.463183532E+03 4.353146754E+01
9.460000000E+07 1.112035502E+03 2.087729932E+03 1.102082046E+03 1.460500267E+03 4.345101148E+01
9.480000000E+07 1.109939325E+03 2.083902950E+03 1.100144175E+03 1.457827733E+03 4.337085628E+01
9.500000000E+07 1.107851593E+03 2.080091188E+03 1.098213832E+03 1.455165861E+03 4.329100028E+01
9.520000000E+07 1.105772253E+03 2.076294551E+03 1.096290971E+03 1.452514586E+03 4.321144182E+01
9.540000000E+07 1.103701253E+03 2.072512946E+03 1.094375547E+03 1.449873843E+03 4.313217929E+01
9.560000000E+07 1.101638542E+03 2.068746283E+03 1.092467515E+03 1.447243567E+03 4.305321104E+01
9.580000000E+07 1.099584068E+03 2.064994467E+03 1.090566831E+03 1.444623693E+03 4.297453546E+01
9.600000000E+07 1.097537781E+03 2.061257411E+03 1.088673451E+03 1.442014158E+03 4.289615096E+01
9.620000000E+07 1.095499632E+03 2.057535023E+03 1.086787330E+03 1.439414898E+03 4.281805595E+01
9.640000000E+07 1.093469569E+03 2.053827214E+03 1.084908426E+03 1.436825852E+03 4.274024885E+01
9.660000000E+07 1.091447544E+03 2.050133897E+03 1.083036695E+03 1.434246956E+03 4.266272809E+01
9.680000000E+07 1.089433508E+03 2.046454982E+03 1.081172094E+03 1.431678150E+03 4.258549213E+01
9.700000000E+07 1.087427412E+03 2.042790385E+03 1.079314582E+03 1.429119371E+03 4.250853943E+01
9.720000000E+07 1.085429208E+03 2.039140017E+03 1.077464116E+03 1.426570559E+03 4.243186845E+01
9.740000000E+07 1.083438848E+03 2.035503794E+03 1.075620655E+03 1.424031655E+03 4.235547767E+01
9.760000000E+07 1.081456285E+03 2.031881632E+03 1.073784157E+03 1.421502598E+03 4.227936559E+01
9.780000000E+07 1.079481473E+03 2.028273445E+03 1.071954581E+03 1.418983330E+03 4.220353072E+01
9.800000000E+07 1.077514363E+03 2.024679150E+03 1.070131887E+03 1.416473791E+03 4.212797157E+01
9.820000000E+07 1.075554910E+03 2.021098664E+03 1.068316033E+03 1.413973923E+03 4.205268666E+01
9.840000000E+07 1.073603069E+03 2.017531906E+03 1.066506981E+03 1.411483670E+03 4.197767454E+01
9.860000000E+07 1.071658794E+03 2.013978795E+03 1.064704691E+03 1.409002972E+03 4.190293374E+01
9.880000000E+07 1.069722040E+03 2.010439248E+03 1.062909122E+03 1.406531775E+03 4.182846284E+01
9.900000000E+07 1.067792761E+03 2.006913186E+03 1.061120236E+03 1.404070020E+03 4.175426040E+01
9.920000000E+07 1.065870914E+03 2.003400530E+03 1.059337995E+03 1.401617653E+03 4.168032499E+01
9.940000000E+07 1.063956454E+03 1.999901200E+03 1.057562359E+03 1.399174618E+03 4.160665522E+01
9.960000000E+07 1.062049338E+03 1.996415119E+03 1.055793291E+03 1.396740860E+03 4.153324967E+01
9.980000000E+07 1.060149523E+03 1.992942209E+03 1.054030752E+03 1.394316324E+03 4.146010697E+01
1.000000000E+08 1.058256965E+03 1.989482392E+03 1.052274706E+03 1.391900956E+03 4.138722572E+01
