1.100000000E+05 4.910269628E+05 6.257619151E+04 1.502914654E+05 1.558216217E+04 1.742520547E+04
1.200000000E+05 4.963652822E+05 7.214738916E+04 1.785003195E+05 1.839636149E+04 2.155549279E+04
1.300000000E+05 4.916652571E+05 7.782877323E+04 1.954363535E+05 2.058332891E+04 2.426076606E+04
1.400000000E+05 4.894757467E+05 8.583463197E+04 2.206908992E+05 2.285177724E+04 2.776777047E+04
1.500000000E+05 4.844935502E+05 9.264479835E+04 2.428172611E+05 2.480345041E+04 3.070665483E+04
1.600000000E+05 4.715296837E+05 9.508606935E+04 2.514645691E+05 2.631144935E+04 3.221383649E+04
1.700000000E+05 4.593550438E+05 9.772337921E+04 2.611230810E+05 2.766819286E+04 3.364707275E+04
1.800000000E+05 4.441110281E+05 9.830766342E+04 2.644714108E+05 2.876404345E+04 3.439354927E+04
1.900000000E+05 4.257160274E+05 9.671442024E+04 2.610303844E+05 2.962976077E+04 3.450817809E+04
2.000000000E+05 4.083032627E+05 9.515942535E+04 2.578306834E+05 3.035640482E+04 3.452526116E+04
3.000000000E+05 2.591749544E+05 6.851166298E+04 1.894428358E+05 3.181940661E+04 2.897675443E+04
4.000000000E+05 1.715372538E+05 4.784344454E+04 1.351078108E+05 2.846657745E+04 2.260832765E+04
5.000000000E+05 1.199321468E+05 3.415785780E+04 9.815755180E+04 2.431545360E+04 1.764268710E+04
6.000000000E+05 8.823095397E+04 2.536385185E+04 7.398414993E+04 2.053895053E+04 1.399751139E+04
7.000000000E+05 6.760682605E+04 1.950702077E+04 5.761388378E+04 1.738021421E+04 1.131107901E+04
8.000000000E+05 5.350100038E+04 1.544033965E+04 4.606761547E+04 1.480695152E+04 9.299749452E+03
9.000000000E+05 4.346475209E+04 1.252145581E+04 3.766345844E+04 1.272120293E+04 7.765994194E+03
1.000000000E+06 3.608176016E+04 1.036234543E+04 3.136852812E+04 1.102480110E+04 6.575139124E+03
1.200000000E+06 2.617254664E+04 7.452352944E+03 2.275303740E+04 8.488546451E+03 4.881674043E+03
1.400000000E+06 2.001153833E+04 5.641279363E+03 1.729792658E+04 6.731750702E+03 3.766850935E+03
1.600000000E+06 1.591913925E+04 4.440851512E+03 1.363486319E+04 5.474666724E+03 2.998052601E+03
1.800000000E+06 1.305973495E+04 3.605764516E+03 1.106191459E+04 4.548353244E+03 2.447351053E+03
2.000000000E+06 1.097923658E+04 3.001214938E+03 9.185962992E+03 3.847937032E+03 2.040228189E+03
2.200000000E+06 9.415452944E+03 2.549576577E+03 7.777347059E+03 3.306273614E+03 1.731148838E+03
2.400000000E+06 8.207661409E+03 2.202928574E+03 6.692363556E+03 2.879067979E+03 1.491132136E+03
2.600000000E+06 7.253291963E+03 1.930743377E+03 5.838500037E+03 2.536281156E+03 1.301080045E+03
2.800000000E+06 6.484411444E+03 1.712872085E+03 5.154157760E+03 2.257026281E+03 1.148021871E+03
3.000000000E+06 5.854521812E+03 1.535536749E+03 4.596893023E+03 2.026449862E+03 1.022913884E+03
3.200000000E+06 5.330895510E+03 1.389031170E+03 4.136608540E+03 1.833773310E+03 9.193029460E+02
3.400000000E+06 4.890016065E+03 1.266434144E+03 3.751734502E+03 1.671031494E+03 8.324893877E+02
3.600000000E+06 4.514587060E+03 1.162660499E+03 3.426350141E+03 1.532240982E+03 7.589876185E+02
3.800000000E+06 4.191660473E+03 1.073916254E+03 3.148532606E+03 1.412839757E+03 6.961699600E+02
4.000000000E+06 3.911382977E+03 9.973243301E+02 2.909212247E+03 1.309302303E+03 6.420261536E+02
4.200000000E+06 3.666142815E+03 9.306676963E+02 2.701381739E+03 1.218870411E+03 5.949976855E+02
4.400000000E+06 3.449986605E+03 8.722231442E+02 2.519583762E+03 1.139361773E+03 5.538615603E+02
4.600000000E+06 3.258201761E+03 8.206354852E+02 2.359519771E+03 1.069031831E+03 5.176474079E+02
4.800000000E+06 3.086999229E+03 7.748017680E+02 2.217684256E+03 1.006472658E+03 4.855774613E+02
5.000000000E+06 2.933327085E+03 7.338528089E+02 2.091314040E+03 9.505379894E+02 4.570224919E+02
5.200000000E+06 2.794689340E+03 6.970753720E+02 1.978139400E+03 9.002869891E+02 4.314690472E+02
5.400000000E+06 2.669033842E+03 6.638893079E+02 1.876313830E+03 8.549415869E+02 4.084947996E+02
5.600000000E+06 2.554648341E+03 6.338006118E+02 1.784263006E+03 8.138537900E+02 3.877497963E+02
5.800000000E+06 2.450109563E+03 6.064109397E+02 1.700718879E+03 7.764803928E+02 3.689420561E+02
6.000000000E+06 2.354216969E+03 5.813820701E+02 1.624604459E+03 7.423632367E+02 3.518263983E+02
6.200000000E+06 2.265954546E+03 5.584302658E+02 1.555016758E+03 7.111136719E+02 3.361957006E+02
6.400000000E+06 2.184453830E+03 5.373094767E+02 1.491172383E+03 6.824002330E+02 3.218740061E+02
6.600000000E+06 2.108973284E+03 5.178143874E+02 1.432418658E+03 6.559387896E+02 3.087110415E+02
6.800000000E+06 2.038873447E+03 4.997672361E+02 1.378190685E+03 6.314846225E+02 2.965778293E+02
7.000000000E+06 1.973600927E+03 4.830146940E+02 1.328001594E+03 6.088260057E+02 2.853631504E+02
7.200000000E+06 1.912674846E+03 4.674244723E+02 1.281431810E+03 5.877789768E+02 2.749706737E+02
7.400000000E+06 1.855674547E+03 4.528796948E+02 1.238110705E+03 5.681830516E+02 2.653166141E+02
7.600000000E+06 1.802231935E+03 4.392798281E+02 1.197720099E+03 5.498976915E+02 2.563278091E+02
7.800000000E+06 1.752022830E+03 4.265361551E+02 1.159979436E+03 5.327993776E+02 2.479401323E+02
8.000000000E+06 1.704760850E+03 4.145705255E+02 1.124641872E+03 5.167791751E+02 2.400971760E+02
8.200000000E+06 1.660192153E+03 4.033138747E+02 1.091489535E+03 5.017406955E+02 2.327491541E+02
8.400000000E+06 1.618091058E+03 3.927051467E+02 1.060330111E+03 4.875983848E+02 2.258519828E+02
8.600000000E+06 1.578256023E+03 3.826894686E+02 1.030990873E+03 4.742760791E+02 2.193665072E+02
8.800000000E+06 1.540506914E+03 3.732184042E+02 1.003319684E+03 4.617057807E+02 2.132578478E+02
9.000000000E+06 1.504682025E+03 3.642484357E+02 9.771800126E+02 4.498266171E+02 2.074948469E+02
9.200000000E+06 1.470635871E+03 3.557405174E+02 9.524495383E+02 4.385839527E+02 2.020495967E+02
9.400000000E+06 1.438237210E+03 3.476595121E+02 9.290183490E+02 4.279286273E+02 1.968970360E+02
9.600000000E+06 1.407367361E+03 3.399737282E+02 9.067874604E+02 4.178163018E+02 1.920146046E+02
9.800000000E+06 1.377918772E+03 3.326545685E+02 8.856677073E+02 4.082068936E+02 1.873819461E+02
1.000000000E+07 1.349793677E+03 3.256759498E+02 8.655778431E+02 3.990640883E+02 1.829806506E+02
1.020000000E+07 1.322903117E+03 3.190143382E+02 8.464447224E+02 3.903549157E+02 1.787940329E+02
1.040000000E+07 1.297165917E+03 3.126482629E+02 8.282017028E+02 3.820493815E+02 1.748069394E+02
1.060000000E+07 1.272507869E+03 3.065581397E+02 8.107880956E+02 3.741201449E+02 1.710055794E+02
1.080000000E+07 1.248861008E+03 3.007260731E+02 7.941485344E+02 3.665422371E+02 1.673773788E+02
1.100000000E+07 1.226162970E+03 2.951356769E+02 7.782324040E+02 3.592928142E+02 1.639108515E+02
1.120000000E+07 1.204356429E+03 2.897719206E+02 7.629933528E+02 3.523509399E+02 1.605954859E+02
1.140000000E+07 1.183388606E+03 2.846210095E+02 7.483889138E+02 3.456973935E+02 1.574216462E+02
1.160000000E+07 1.163210813E+03 2.796702035E+02 7.343799166E+02 3.393145014E+02 1.543804846E+02
1.180000000E+07 1.143778084E+03 2.749077980E+02 7.209304467E+02 3.331859859E+02 1.514638636E+02
1.200000000E+07 1.125048818E+03 2.703229735E+02 7.080073554E+02 3.272968333E+02 1.486642874E+02
1.220000000E+07 1.106984472E+03 2.659057250E+02 6.955800393E+02 3.216331748E+02 1.459748412E+02
1.240000000E+07 1.089549283E+03 2.616467862E+02 6.836202010E+02 3.161821810E+02 1.433891364E+02
1.260000000E+07 1.072710028E+03 2.575375645E+02 6.721016425E+02 3.109319683E+02 1.409012629E+02
1.280000000E+07 1.056435797E+03 2.535700806E+02 6.610000757E+02 3.058715136E+02 1.385057453E+02
1.300000000E+07 1.040697798E+03 2.497369142E+02 6.502929504E+02 3.009905796E+02 1.361975046E+02
1.320000000E+07 1.025469179E+03 2.460311605E+02 6.399593175E+02 2.962796466E+02 1.339718232E+02
1.340000000E+07 1.010724865E+03 2.424463730E+02 6.299796465E+02 2.917298516E+02 1.318243141E+02
1.360000000E+07 9.964414169E+02 2.389765447E+02 6.203357711E+02 2.873329331E+02 1.297508925E+02
1.380000000E+07 9.825968965E+02 2.356160594E+02 6.110107322E+02 2.830811817E+02 1.277477509E+02
1.400000000E+07 9.691707509E+02 2.323596637E+02 6.019886916E+02 2.789673954E+02 1.258113361E+02
1.420000000E+07 9.561437032E+02 2.292024381E+02 5.932548410E+02 2.749848384E+02 1.239383283E+02
1.440000000E+07 9.434976556E+02 2.261397710E+02 5.847953204E+02 2.711272052E+02 1.221256232E+02
1.460000000E+07 9.312155994E+02 2.231673344E+02 5.765971429E+02 2.673885863E+02 1.203703142E+02
1.480000000E+07 9.192815354E+02 2.202810633E+02 5.686481288E+02 2.637634384E+02 1.186696776E+02
1.500000000E+07 9.076803989E+02 2.174771358E+02 5.609368441E+02 2.602465567E+02 1.170211586E+02
1.520000000E+07 8.963979930E+02 2.147519546E+02 5.534525444E+02 2.568330493E+02 1.154223580E+02
1.540000000E+07 8.854209260E+02 2.121021321E+02 5.461851258E+02 2.535183147E+02 1.138710214E+02
1.560000000E+07 8.747365556E+02 2.095244723E+02 5.391250700E+02 2.502980205E+02 1.123650281E+02
1.580000000E+07 8.643329366E+02 2.070159615E+02 5.322634151E+02 2.471680839E+02 1.109023814E+02
1.600000000E+07 8.541987738E+02 2.045737529E+02 5.255917086E+02 2.441246547E+02 1.094811998E+02
1.620000000E+07 8.443233778E+02 2.021951555E+02 5.191019717E+02 2.411640986E+02 1.080997093E+02
1.640000000E+07 8.346966243E+02 1.998776241E+02 5.127866685E+02 2.382829825E+02 1.067562352E+02
1.660000000E+07 8.253089184E+02 1.976187490E+02 5.066386755E+02 2.354780609E+02 1.054491957E+02
1.680000000E+07 8.161511588E+02 1.954162476E+02 5.006512535E+02 2.327462633E+02 1.041770956E+02
1.700000000E+07 8.072147077E+02 1.932679557E+02 4.948180224E+02 2.300846827E+02 1.029385204E+02
1.720000000E+07 7.984913598E+02 1.911718199E+02 4.891329370E+02 2.274905647E+02 1.017321310E+02
1.740000000E+07 7.899733172E+02 1.891258907E+02 4.835902664E+02 2.249612979E+02 1.005566588E+02
1.760000000E+07 7.816531631E+02 1.871283162E+02 4.781845733E+02 2.224944046E+02 9.941090094E+01
1.780000000E+07 7.735238393E+02 1.851773359E+02 4.729106960E+02 2.200875325E+02 9.829371658E+01
1.800000000E+07 7.655786242E+02 1.832712743E+02 4.677637296E+02 2.177384467E+02 9.720402249E+01
1.820000000E+07 7.578111130E+02 1.814085374E+02 4.627390122E+02 2.154450229E+02 9.614078975E+01
1.840000000E+07 7.502151994E+02 1.795876063E+02 4.578321090E+02 2.132052401E+02 9.510304031E+01
1.860000000E+07 7.427850576E+02 1.778070337E+02 4.530387990E+02 2.110171750E+02 9.408984393E+01
1.880000000E+07 7.355151274E+02 1.760654395E+02 4.483550621E+02 2.088789956E+02 9.310031532E+01
1.900000000E+07 7.284000979E+02 1.743615064E+02 4.437770674E+02 2.067889564E+02 9.213361141E+01
1.920000000E+07 7.214348945E+02 1.726939773E+02 4.393011621E+02 2.047453928E+02 9.118892894E+01
1.940000000E+07 7.146146653E+02 1.710616511E+02 4.349238613E+02 2.027467170E+02 9.026550211E+01
1.960000000E+07 7.079347690E+02 1.694633798E+02 4.306418386E+02 2.007914134E+02 8.936260040E+01
1.980000000E+07 7.013907638E+02 1.678980659E+02 4.264519169E+02 1.988780345E+02 8.847952665E+01
2.000000000E+07 6.949783962E+02 1.663646591E+02 4.223510603E+02 1.970051970E+02 8.761561507E+01
2.020000000E+07 6.886935917E+02 1.648621542E+02 4.183363663E+02 1.951715786E+02 8.677022961E+01
2.040000000E+07 6.825324451E+02 1.633895885E+02 4.144050587E+02 1.933759145E+02 8.594276225E+01
2.060000000E+07 6.764912111E+02 1.619460396E+02 4.105544806E+02 1.916169944E+02 8.513263148E+01
2.080000000E+07 6.705662978E+02 1.605306237E+02 4.067820892E+02 1.898936593E+02 8.433928091E+01
2.100000000E+07 6.647542566E+02 1.591424923E+02 4.030854459E+02 1.882047991E+02 8.356217788E+01
2.120000000E+07 6.590517767E+02 1.577808319E+02 3.994622154E+02 1.865493501E+02 8.280081228E+01
2.140000000E+07 6.534556777E+02 1.564448613E+02 3.959101581E+02 1.849262922E+02 8.205469527E+01
2.160000000E+07 6.479629032E+02 1.551338305E+02 3.924271261E+02 1.833346472E+02 8.132335826E+01
2.180000000E+07 6.425705154E+02 1.538470192E+02 3.890110580E+02 1.817734764E+02 8.060635188E+01
2.200000000E+07 6.372756881E+02 1.525837347E+02 3.856599748E+02 1.802418783E+02 7.990324493E+01
2.220000000E+07 6.320757021E+02 1.513433111E+02 3.823719757E+02 1.787389874E+02 7.921362353E+01
2.240000000E+07 6.269679405E+02 1.501251080E+02 3.791452342E+02 1.772639722E+02 7.853709026E+01
2.260000000E+07 6.219498833E+02 1.489285090E+02 3.759779946E+02 1.758160331E+02 7.787326330E+01
2.280000000E+07 6.170191031E+02 1.477529209E+02 3.728685688E+02 1.743944016E+02 7.722177574E+01
2.300000000E+07 6.121732609E+02 1.465977723E+02 3.698153326E+02 1.729983382E+02 7.658227479E+01
2.320000000E+07 6.074101017E+02 1.454625127E+02 3.668167230E+02 1.716271313E+02 7.595442113E+01
2.340000000E+07 6.027274518E+02 1.443466118E+02 3.638712353E+02 1.702800960E+02 7.533788832E+01
2.360000000E+07 5.981232138E+02 1.432495582E+02 3.609774204E+02 1.689565726E+02 7.473236214E+01
2.380000000E+07 5.935953639E+02 1.421708586E+02 3.581338819E+02 1.676559256E+02 7.413753999E+01
2.400000000E+07 5.891419489E+02 1.411100376E+02 3.553392747E+02 1.663775426E+02 7.355313047E+01
2.420000000E+07 5.847610824E+02 1.400666358E+02 3.525923014E+02 1.651208331E+02 7.297885273E+01
2.440000000E+07 5.804509430E+02 1.390402101E+02 3.498917107E+02 1.638852277E+02 7.241443611E+01
2.460000000E+07 5.762097701E+02 1.380303323E+02 3.472362955E+02 1.626701773E+02 7.185961961E+01
2.480000000E+07 5.720358627E+02 1.370365892E+02 3.446248909E+02 1.614751516E+02 7.131415149E+01
2.500000000E+07 5.679275760E+02 1.360585811E+02 3.420563724E+02 1.602996390E+02 7.077778885E+01
2.520000000E+07 5.638833195E+02 1.350959219E+02 3.395296540E+02 1.591431454E+02 7.025029725E+01
2.540000000E+07 5.599015546E+02 1.341482382E+02 3.370436867E+02 1.580051936E+02 6.973145034E+01
2.560000000E+07 5.559807925E+02 1.332151689E+02 3.345974569E+02 1.568853222E+02 6.922102953E+01
2.580000000E+07 5.521195923E+02 1.322963647E+02 3.321899848E+02 1.557830857E+02 6.871882361E+01
2.600000000E+07 5.483165588E+02 1.313914876E+02 3.298203230E+02 1.546980531E+02 6.822462851E+01
2.620000000E+07 5.445703408E+02 1.305002102E+02 3.274875555E+02 1.536298076E+02 6.773824695E+01
2.640000000E+07 5.408796297E+02 1.296222157E+02 3.251907958E+02 1.525779460E+02 6.725948817E+01
2.660000000E+07 5.372431572E+02 1.287571972E+02 3.229291863E+02 1.515420783E+02 6.678816764E+01
2.680000000E+07 5.336596942E+02 1.279048574E+02 3.207018968E+02 1.505218268E+02 6.632410687E+01
2.700000000E+07 5.301280492E+02 1.270649083E+02 3.185081233E+02 1.495168260E+02 6.586713311E+01
2.720000000E+07 5.266470665E+02 1.262370704E+02 3.163470873E+02 1.485267218E+02 6.541707910E+01
2.740000000E+07 5.232156258E+02 1.254210731E+02 3.142180347E+02 1.475511712E+02 6.497378294E+01
2.760000000E+07 5.198326395E+02 1.246166537E+02 3.121202348E+02 1.465898419E+02 6.453708777E+01
2.780000000E+07 5.164970525E+02 1.238235577E+02 3.100529790E+02 1.456424118E+02 6.410684167E+01
2.800000000E+07 5.132078408E+02 1.230415378E+02 3.080155810E+02 1.447085687E+02 6.368289738E+01
2.820000000E+07 5.099640098E+02 1.222703543E+02 3.060073746E+02 1.437880098E+02 6.326511218E+01
2.840000000E+07 5.067645943E+02 1.215097742E+02 3.040277138E+02 1.428804414E+02 6.285334771E+01
2.860000000E+07 5.036086562E+02 1.207595716E+02 3.020759720E+02 1.419855785E+02 6.244746977E+01
2.880000000E+07 5.004952847E+02 1.200195268E+02 3.001515411E+02 1.411031448E+02 6.204734821E+01
2.900000000E+07 4.974235938E+02 1.192894267E+02 2.982538307E+02 1.402328718E+02 6.165285674E+01
2.920000000E+07 4.943927236E+02 1.185690640E+02 2.963822677E+02 1.393744990E+02 6.126387279E+01
2.940000000E+07 4.914018371E+02 1.178582373E+02 2.945362955E+02 1.385277735E+02 6.088027737E+01
2.960000000E+07 4.884501211E+02 1.171567509E+02 2.927153737E+02 1.376924494E+02 6.050195500E+01
2.980000000E+07 4.855367846E+02 1.164644146E+02 2.909189770E+02 1.368682881E+02 6.012879352E+01
3.000000000E+07 4.826610575E+02 1.157810432E+02 2.891465949E+02 1.360550576E+02 5.976068392E+01
3.020000000E+07 4.798221917E+02 1.151064567E+02 2.873977316E+02 1.352525324E+02 5.939752039E+01
3.040000000E+07 4.770194580E+02 1.144404801E+02 2.856719047E+02 1.344604933E+02 5.903920003E+01
3.060000000E+07 4.742521475E+02 1.137829430E+02 2.839686453E+02 1.336787273E+02 5.868562285E+01
3.080000000E+07 4.715195697E+02 1.131336796E+02 2.822874976E+02 1.329070271E+02 5.833669167E+01
3.100000000E+07 4.688210525E+02 1.124925283E+02 2.806280178E+02 1.321451911E+02 5.799231195E+01
3.120000000E+07 4.661559413E+02 1.118593322E+02 2.789897745E+02 1.313930232E+02 5.765239178E+01
3.140000000E+07 4.635235981E+02 1.112339382E+02 2.773723475E+02 1.306503324E+02 5.731684172E+01
3.160000000E+07 4.609234015E+02 1.106161971E+02 2.757753280E+02 1.299169330E+02 5.698557475E+01
3.180000000E+07 4.583547463E+02 1.100059638E+02 2.741983181E+02 1.291926442E+02 5.665850621E+01
3.200000000E+07 4.558170428E+02 1.094030969E+02 2.726409305E+02 1.284772900E+02 5.633555372E+01
3.220000000E+07 4.533097155E+02 1.088074585E+02 2.711027876E+02 1.277706987E+02 5.601663701E+01
3.240000000E+07 4.508322038E+02 1.082189142E+02 2.695835219E+02 1.270727034E+02 5.570167798E+01
3.260000000E+07 4.483839610E+02 1.076373331E+02 2.680827753E+02 1.263831414E+02 5.539060054E+01
3.280000000E+07 4.459644543E+02 1.070625874E+02 2.666001990E+02 1.257018542E+02 5.508333061E+01
3.300000000E+07 4.435731630E+02 1.064945525E+02 2.651354527E+02 1.250286871E+02 5.477979596E+01
3.320000000E+07 4.412095801E+02 1.059331071E+02 2.636882052E+02 1.243634897E+02 5.447992626E+01
3.340000000E+07 4.388732104E+02 1.053781326E+02 2.622581331E+02 1.237061151E+02 5.418365294E+01
3.360000000E+07 4.365635710E+02 1.048295134E+02 2.608449215E+02 1.230564200E+02 5.389090918E+01
3.380000000E+07 4.342801902E+02 1.042871367E+02 2.594482630E+02 1.224142650E+02 5.360162984E+01
3.400000000E+07 4.320226076E+02 1.037508923E+02 2.580678579E+02 1.217795138E+02 5.331575136E+01
3.420000000E+07 4.297903743E+02 1.032206730E+02 2.567034140E+02 1.211520337E+02 5.303321183E+01
3.440000000E+07 4.275830508E+02 1.026963735E+02 2.553546456E+02 1.205316948E+02 5.275395077E+01
3.460000000E+07 4.254002092E+02 1.021778917E+02 2.540212748E+02 1.199183709E+02 5.247790928E+01
3.480000000E+07 4.232414302E+02 1.016651273E+02 2.527030294E+02 1.193119384E+02 5.220502980E+01
3.500000000E+07 4.211063052E+02 1.011579827E+02 2.513996444E+02 1.187122768E+02 5.193525620E+01
3.520000000E+07 4.189944347E+02 1.006563625E+02 2.501108610E+02 1.181192685E+02 5.166853373E+01
3.540000000E+07 4.169054281E+02 1.001601733E+02 2.488364260E+02 1.175327985E+02 5.140480888E+01
3.560000000E+07 4.148389037E+02 9.966932408E+01 2.475760925E+02 1.169527547E+02 5.114402943E+01
3.580000000E+07 4.127944887E+02 9.918372568E+01 2.463296194E+02 1.163790275E+02 5.088614441E+01
3.600000000E+07 4.107718184E+02 9.870329115E+01 2.450967712E+02 1.158115099E+02 5.063110404E+01
3.620000000E+07 4.087705363E+02 9.822793534E+01 2.438773174E+02 1.152500972E+02 5.037885967E+01
3.640000000E+07 4.067902935E+02 9.775757507E+01 2.426710331E+02 1.146946872E+02 5.012936378E+01
3.660000000E+07 4.048307494E+02 9.729212899E+01 2.414776985E+02 1.141451800E+02 4.988256999E+01
3.680000000E+07 4.028915703E+02 9.683151755E+01 2.402970988E+02 1.136014781E+02 4.963843291E+01
3.700000000E+07 4.009724299E+02 9.637566291E+01 2.391290236E+02 1.130634859E+02 4.939690820E+01
3.720000000E+07 3.990730091E+02 9.592448900E+01 2.379732678E+02 1.125311102E+02 4.915795255E+01
3.740000000E+07 3.971929957E+02 9.547792136E+01 2.368296305E+02 1.120042597E+02 4.892152363E+01
3.760000000E+07 3.953320840E+02 9.503588710E+01 2.356979152E+02 1.114828451E+02 4.868757999E+01
3.780000000E+07 3.934899746E+02 9.459831488E+01 2.345779298E+02 1.109667792E+02 4.845608113E+01
3.800000000E+07 3.916663750E+02 9.416513501E+01 2.334694864E+02 1.104559765E+02 4.822698747E+01
3.820000000E+07 3.898609984E+02 9.373627910E+01 2.323724010E+02 1.099503536E+02 4.800026026E+01
3.840000000E+07 3.880735642E+02 9.331168035E+01 2.312864939E+02 1.094498287E+02 4.777586163E+01
3.860000000E+07 3.863037977E+02 9.289127332E+01 2.302115890E+02 1.089543218E+02 4.755375449E+01
3.880000000E+07 3.845514295E+02 9.247499382E+01 2.291475139E+02 1.084637547E+02 4.733390258E+01
3.900000000E+07 3.828161960E+02 9.206277909E+01 2.280941000E+02 1.079780506E+02 4.711627040E+01
3.920000000E+07 3.810978393E+02 9.165456772E+01 2.270511822E+02 1.074971346E+02 4.690082321E+01
3.940000000E+07 3.793961062E+02 9.125029945E+01 2.260185988E+02 1.070209332E+02 4.668752699E+01
3.960000000E+07 3.777107489E+02 9.084991527E+01 2.249961916E+02 1.065493746E+02 4.647634849E+01
3.980000000E+07 3.760415243E+02 9.045335736E+01 2.239838054E+02 1.060823881E+02 4.626725507E+01
4.000000000E+07 3.743881953E+02 9.006056920E+01 2.229812887E+02 1.056199050E+02 4.606021487E+01
4.020000000E+07 3.727505277E+02 8.967149518E+01 2.219884926E+02 1.051618576E+02 4.585519661E+01
4.040000000E+07 3.711282933E+02 8.928608093E+01 2.210052714E+02 1.047081797E+02 4.565216967E+01
4.060000000E+07 3.695212679E+02 8.890427316E+01 2.200314825E+02 1.042588065E+02 4.545110411E+01
4.080000000E+07 3.679292319E+02 8.852601962E+01 2.190669859E+02 1.038136744E+02 4.525197052E+01
4.100000000E+07 3.663519697E+02 8.815126903E+01 2.181116447E+02 1.033727211E+02 4.505474014E+01
4.120000000E+07 3.647892703E+02 8.777997121E+01 2.171653245E+02 1.029358857E+02 4.485938480E+01
4.140000000E+07 3.632409263E+02 8.741207687E+01 2.162278937E+02 1.025031082E+02 4.466587683E+01
4.160000000E+07 3.617067349E+02 8.704753773E+01 2.152992233E+02 1.020743301E+02 4.447418919E+01
4.180000000E+07 3.601864963E+02 8.668630637E+01 2.143791867E+02 1.016494937E+02 4.428429531E+01
4.200000000E+07 3.586800151E+02 8.632833632E+01 2.134676599E+02 1.012285429E+02 4.409616918E+01
4.220000000E+07 3.571870997E+02 8.597358203E+01 2.125645212E+02 1.008114222E+02 4.390978531E+01
4.240000000E+07 3.557075618E+02 8.562199877E+01 2.116696514E+02 1.003980775E+02 4.372511868E+01
4.260000000E+07 3.542412169E+02 8.527354267E+01 2.107829336E+02 9.998845557E+01 4.354214477E+01
4.280000000E+07 3.527878834E+02 8.492817062E+01 2.099042528E+02 9.958250429E+01 4.336083953E+01
4.300000000E+07 3.513473838E+02 8.458584041E+01 2.090334966E+02 9.918017248E+01 4.318117938E+01
4.320000000E+07 3.499195433E+02 8.424651055E+01 2.081705546E+02 9.878140996E+01 4.300314119E+01
4.340000000E+07 3.485041905E+02 8.391014032E+01 2.073153183E+02 9.838616744E+01 4.282670225E+01
4.360000000E+07 3.471011574E+02 8.357668978E+01 2.064676815E+02 9.799439663E+01 4.265184031E+01
4.380000000E+07 3.457102786E+02 8.324611971E+01 2.056275399E+02 9.760605008E+01 4.247853352E+01
4.400000000E+07 3.443313918E+02 8.291839155E+01 2.047947909E+02 9.722108123E+01 4.230676044E+01
4.420000000E+07 3.429643381E+02 8.259346757E+01 2.039693343E+02 9.683944444E+01 4.213650006E+01
4.440000000E+07 3.416089608E+02 8.227131055E+01 2.031510712E+02 9.646109479E+01 4.196773172E+01
4.460000000E+07 3.402651066E+02 8.195188412E+01 2.023399049E+02 9.608598833E+01 4.180043517E+01
4.480000000E+07 3.389326244E+02 8.163515238E+01 2.015357402E+02 9.571408177E+01 4.163459051E+01
4.500000000E+07 3.376113658E+02 8.132108014E+01 2.007384837E+02 9.534533266E+01 4.147017821E+01
4.520000000E+07 3.363011855E+02 8.100963290E+01 1.999480439E+02 9.497969934E+01 4.130717911E+01
4.540000000E+07 3.350019403E+02 8.070077667E+01 1.991643306E+02 9.461714085E+01 4.114557437E+01
4.560000000E+07 3.337134895E+02 8.039447810E+01 1.983872554E+02 9.425761699E+01 4.098534554E+01
4.580000000E+07 3.324356953E+02 8.009070443E+01 1.976167316E+02 9.390108828E+01 4.082647445E+01
4.600000000E+07 3.311684219E+02 7.978942347E+01 1.968526737E+02 9.354751591E+01 4.066894327E+01
4.620000000E+07 3.299115358E+02 7.949060358E+01 1.960949980E+02 9.319686180E+01 4.051273451E+01
4.640000000E+07 3.286649059E+02 7.919421358E+01 1.953436221E+02 9.284908846E+01 4.035783095E+01
4.660000000E+07 3.274284032E+02 7.890022294E+01 1.945984650E+02 9.250415910E+01 4.020421570E+01
4.680000000E+07 3.262019011E+02 7.860860160E+01 1.938594474E+02 9.216203754E+01 4.005187215E+01
4.700000000E+07 3.249852752E+02 7.831932008E+01 1.931264911E+02 9.182268832E+01 3.990078401E+01
4.720000000E+07 3.237784030E+02 7.803234928E+01 1.923995192E+02 9.148607650E+01 3.975093525E+01
4.740000000E+07 3.225811637E+02 7.774766060E+01 1.916784564E+02 9.115216766E+01 3.960231009E+01
4.760000000E+07 3.213934396E+02 7.746522611E+01 1.909632285E+02 9.082092821E+01 3.945489310E+01
4.780000000E+07 3.202151136E+02 7.718501803E+01 1.902537624E+02 9.049232486E+01 3.930866903E+01
4.800000000E+07 3.190460716E+02 7.690700932E+01 1.895499866E+02 9.016632503E+01 3.916362293E+01
4.820000000E+07 3.178862008E+02 7.663117325E+01 1.888518306E+02 8.984289670E+01 3.901974011E+01
4.840000000E+07 3.167353905E+02 7.635748356E+01 1.881592251E+02 8.952200832E+01 3.887700613E+01
4.860000000E+07 3.155935318E+02 7.608591441E+01 1.874721019E+02 8.920362887E+01 3.873540675E+01
4.880000000E+07 3.144605173E+02 7.581644039E+01 1.867903940E+02 8.888772788E+01 3.859492802E+01
4.900000000E+07 3.133362416E+02 7.554903651E+01 1.861140355E+02 8.857427537E+01 3.845555620E+01
4.920000000E+07 3.122206011E+02 7.528367817E+01 1.854429617E+02 8.826324185E+01 3.831727778E+01
4.940000000E+07 3.111134935E+02 7.502034116E+01 1.847771087E+02 8.795459829E+01 3.818007948E+01
4.960000000E+07 3.100148184E+02 7.475900167E+01 1.841164138E+02 8.764831617E+01 3.804394821E+01
4.980000000E+07 3.089244771E+02 7.449963632E+01 1.834608154E+02 8.734436744E+01 3.790887116E+01
5.000000000E+07 3.078423718E+02 7.424222193E+01 1.828102526E+02 8.704272440E+01 3.777483564E+01
5.020000000E+07 3.067684072E+02 7.398673593E+01 1.821646660E+02 8.674335995E+01 3.764182924E+01
5.040000000E+07 3.057024890E+02 7.373315593E+01 1.815239966E+02 8.644624735E+01 3.750983973E+01
5.060000000E+07 3.046445239E+02 7.348145991E+01 1.808881866E+02 8.615136019E+01 3.737885504E+01
5.080000000E+07 3.035944212E+02 7.323162631E+01 1.802571792E+02 8.585867268E+01 3.724886335E+01
5.100000000E+07 3.025520906E+02 7.298363371E+01 1.796309182E+02 8.556815926E+01 3.711985299E+01
5.120000000E+07 3.015174437E+02 7.273746125E+01 1.790093488E+02 8.527979486E+01 3.699181249E+01
5.140000000E+07 3.004903933E+02 7.249308823E+01 1.783924165E+02 8.499355484E+01 3.686473058E+01
5.160000000E+07 2.994708533E+02 7.225049429E+01 1.777800680E+02 8.470941480E+01 3.673859611E+01
5.180000000E+07 2.984587395E+02 7.200965942E+01 1.771722506E+02 8.442735085E+01 3.661339817E+01
5.200000000E+07 2.974539684E+02 7.177056388E+01 1.765689126E+02 8.414733940E+01 3.648912598E+01
5.220000000E+07 2.964564582E+02 7.153318832E+01 1.759700032E+02 8.386935731E+01 3.636576896E+01
5.240000000E+07 2.954661282E+02 7.129751357E+01 1.753754721E+02 8.359338170E+01 3.624331666E+01
5.260000000E+07 2.944828985E+02 7.106352076E+01 1.747852699E+02 8.331939007E+01 3.612175881E+01
5.280000000E+07 2.935066912E+02 7.083119140E+01 1.741993480E+02 8.304736028E+01 3.600108530E+01
5.300000000E+07 2.925374289E+02 7.060050719E+01 1.736176584E+02 8.277727052E+01 3.588128617E+01
5.320000000E+07 2.915750355E+02 7.037145006E+01 1.730401540E+02 8.250909928E+01 3.576235159E+01
5.340000000E+07 2.906194361E+02 7.014400236E+01 1.724667883E+02 8.224282542E+01 3.564427194E+01
5.360000000E+07 2.896705570E+02 6.991814656E+01 1.718975155E+02 8.197842808E+01 3.552703768E+01
5.380000000E+07 2.887283253E+02 6.969386545E+01 1.713322905E+02 8.171588671E+01 3.541063944E+01
5.400000000E+07 2.877926695E+02 6.947114206E+01 1.707710690E+02 8.145518111E+01 3.529506801E+01
5.420000000E+07 2.868635190E+02 6.924995969E+01 1.702138072E+02 8.119629135E+01 3.518031429E+01
5.440000000E+07 2.859408041E+02 6.903030187E+01 1.696604619E+02 8.093919778E+01 3.506636932E+01
5.460000000E+07 2.850244562E+02 6.881215230E+01 1.691109906E+02 8.068388103E+01 3.495322427E+01
5.480000000E+07 2.841144077E+02 6.859549501E+01 1.685653516E+02 8.043032205E+01 3.484087046E+01
5.500000000E+07 2.832105921E+02 6.838031427E+01 1.680235036E+02 8.017850208E+01 3.472929934E+01
5.520000000E+07 2.823129435E+02 6.816659444E+01 1.674854059E+02 7.992840255E+01 3.461850244E+01
5.540000000E+07 2.814213974E+02 6.795432027E+01 1.669510186E+02 7.968000527E+01 3.450847148E+01
5.560000000E+07 2.805358897E+02 6.774347660E+01 1.664203020E+02 7.943329219E+01 3.439919823E+01
5.580000000E+07 2.796563577E+02 6.753404858E+01 1.658932174E+02 7.918824565E+01 3.429067464E+01
5.600000000E+07 2.787827393E+02 6.732602149E+01 1.653697263E+02 7.894484813E+01 3.418289275E+01
5.620000000E+07 2.779149733E+02 6.711938085E+01 1.648497911E+02 7.870308242E+01 3.407584470E+01
5.640000000E+07 2.770529993E+02 6.691411240E+01 1.643333743E+02 7.846293155E+01 3.396952277E+01
5.660000000E+07 2.761967579E+02 6.671020206E+01 1.638204393E+02 7.822437876E+01 3.386391934E+01
5.680000000E+07 2.753461903E+02 6.650763591E+01 1.633109499E+02 7.798740752E+01 3.375902688E+01
5.700000000E+07 2.745012390E+02 6.630640033E+01 1.628048704E+02 7.775200163E+01 3.365483801E+01
5.720000000E+07 2.736618467E+02 6.610648175E+01 1.623021654E+02 7.751814497E+01 3.355134540E+01
5.740000000E+07 2.728279572E+02 6.590786690E+01 1.618028005E+02 7.728582175E+01 3.344854188E+01
5.760000000E+07 2.719995150E+02 6.571054267E+01 1.613067413E+02 7.705501639E+01 3.334642034E+01
5.780000000E+07 2.711764654E+02 6.551449604E+01 1.608139541E+02 7.682571347E+01 3.324497377E+01
5.800000000E+07 2.703587542E+02 6.531971422E+01 1.603244054E+02 7.659789779E+01 3.314419526E+01
5.820000000E+07 2.695463283E+02 6.512618467E+01 1.598380627E+02 7.637155441E+01 3.304407804E+01
5.840000000E+07 2.687391352E+02 6.493389492E+01 1.593548934E+02 7.614666858E+01 3.294461536E+01
5.860000000E+07 2.679371231E+02 6.474283274E+01 1.588748657E+02 7.592322574E+01 3.284580064E+01
5.880000000E+07 2.671402406E+02 6.455298596E+01 1.583979480E+02 7.570121147E+01 3.274762731E+01
5.900000000E+07 2.663484374E+02 6.436434269E+01 1.579241092E+02 7.548061164E+01 3.265008894E+01
5.920000000E+07 2.655616637E+02 6.417689111E+01 1.574533187E+02 7.526141227E+01 3.255317919E+01
5.940000000E+07 2.647798704E+02 6.399061964E+01 1.569855463E+02 7.504359959E+01 3.245689180E+01
5.960000000E+07 2.640030088E+02 6.380551674E+01 1.565207621E+02 7.482715989E+01 3.236122055E+01
5.980000000E+07 2.632310312E+02 6.362157115E+01 1.560589366E+02 7.461207986E+01 3.226615938E+01
6.000000000E+07 2.624638905E+02 6.343877167E+01 1.556000409E+02 7.439834620E+01 3.217170226E+01
6.020000000E+07 2.617015399E+02 6.325710727E+01 1.551440463E+02 7.418594584E+01 3.207784325E+01
6.040000000E+07 2.609439336E+02 6.307656708E+01 1.546909245E+02 7.397486589E+01 3.198457650E+01
6.060000000E+07 2.601910259E+02 6.289714034E+01 1.542406476E+02 7.376509360E+01 3.189189622E+01
6.080000000E+07 2.594427720E+02 6.271881643E+01 1.537931879E+02 7.355661639E+01 3.179979671E+01
6.100000000E+07 2.586991280E+02 6.254158493E+01 1.533485185E+02 7.334942191E+01 3.170827235E+01
6.120000000E+07 2.579600500E+02 6.236543547E+01 1.529066124E+02 7.314349788E+01 3.161731758E+01
6.140000000E+07 2.572254947E+02 6.219035783E+01 1.524674431E+02 7.293883220E+01 3.152692691E+01
6.160000000E+07 2.564954199E+02 6.201634201E+01 1.520309845E+02 7.273541299E+01 3.143709494E+01
6.180000000E+07 2.557697834E+02 6.184337802E+01 1.515972110E+02 7.253322847E+01 3.134781633E+01
6.200000000E+07 2.550485437E+02 6.167145604E+01 1.511660968E+02 7.233226700E+01 3.125908581E+01
6.220000000E+07 2.543316598E+02 6.150056640E+01 1.507376170E+02 7.213251712E+01 3.117089817E+01
6.240000000E+07 2.536190914E+02 6.133069951E+01 1.503117467E+02 7.193396749E+01 3.108324828E+01
6.260000000E+07 2.529107982E+02 6.116184589E+01 1.498884614E+02 7.173660690E+01 3.099613106E+01
6.280000000E+07 2.522067412E+02 6.099399629E+01 1.494677369E+02 7.154042437E+01 3.090954152E+01
6.300000000E+07 2.515068813E+02 6.082714146E+01 1.490495494E+02 7.134540899E+01 3.082347472E+01
6.320000000E+07 2.508111798E+02 6.066127225E+01 1.486338752E+02 7.115154994E+01 3.073792576E+01
6.340000000E+07 2.501195990E+02 6.049637972E+01 1.482206911E+02 7.095883664E+01 3.065288984E+01
6.360000000E+07 2.494321011E+02 6.033245498E+01 1.478099741E+02 7.076725856E+01 3.056836220E+01
6.380000000E+07 2.487486493E+02 6.016948927E+01 1.474017014E+02 7.057680535E+01 3.048433814E+01
6.400000000E+07 2.480692069E+02 6.000747394E+01 1.469958508E+02 7.038746676E+01 3.040081302E+01
6.420000000E+07 2.473937377E+02 5.984640041E+01 1.465923999E+02 7.019923270E+01 3.031778228E+01
6.440000000E+07 2.467222059E+02 5.968626021E+01 1.461913269E+02 7.001209315E+01 3.023524136E+01
6.460000000E+07 2.460545763E+02 5.952704505E+01 1.457926103E+02 6.982603827E+01 3.015318584E+01
6.480000000E+07 2.453908142E+02 5.936874665E+01 1.453962287E+02 6.964105829E+01 3.007161126E+01
6.500000000E+07 2.447308848E+02 5.921135681E+01 1.450021610E+02 6.945714360E+01 2.999051330E+01
6.520000000E+07 2.440747543E+02 5.905486760E+01 1.446103864E+02 6.927428470E+01 2.990988764E+01
6.540000000E+07 2.434223890E+02 5.889927095E+01 1.442208843E+02 6.909247215E+01 2.982973001E+01
6.560000000E+07 2.427737557E+02 5.874455907E+01 1.438336344E+02 6.891169673E+01 2.975003625E+01
6.580000000E+07 2.421288216E+02 5.859072418E+01 1.434486167E+02 6.873194921E+01 2.967080218E+01
6.600000000E+07 2.414875545E+02 5.843775863E+01 1.430658114E+02 6.855322062E+01 2.959202373E+01
6.620000000E+07 2.408499218E+02 5.828565478E+01 1.426851987E+02 6.837550192E+01 2.951369682E+01
6.640000000E+07 2.402158923E+02 5.813440517E+01 1.423067594E+02 6.819878429E+01 2.943581746E+01
6.660000000E+07 2.395854346E+02 5.798400243E+01 1.419304745E+02 6.802305904E+01 2.935838172E+01
6.680000000E+07 2.389585175E+02 5.783443918E+01 1.415563248E+02 6.784831744E+01 2.928138566E+01
6.700000000E+07 2.383351108E+02 5.768570824E+01 1.411842918E+02 6.767455105E+01 2.920482545E+01
6.720000000E+07 2.377151840E+02 5.753780243E+01 1.408143571E+02 6.750175138E+01 2.912869726E+01
6.740000000E+07 2.370987074E+02 5.739071470E+01 1.404465024E+02 6.732991012E+01 2.905299733E+01
6.760000000E+07 2.364856515E+02 5.724443807E+01 1.400807097E+02 6.715901903E+01 2.897772194E+01
6.780000000E+07 2.358759872E+02 5.709896567E+01 1.397169611E+02 6.698907000E+01 2.890286742E+01
6.800000000E+07 2.352696854E+02 5.695429062E+01 1.393552392E+02 6.682005493E+01 2.882843012E+01
6.820000000E+07 2.346667176E+02 5.681040617E+01 1.389955263E+02 6.665196586E+01 2.875440643E+01
6.840000000E+07 2.340670560E+02 5.666730573E+01 1.386378055E+02 6.648479499E+01 2.868079284E+01
6.860000000E+07 2.334706723E+02 5.652498263E+01 1.382820597E+02 6.631853450E+01 2.860758580E+01
6.880000000E+07 2.328775392E+02 5.638343040E+01 1.379282721E+02 6.615317675E+01 2.853478188E+01
6.900000000E+07 2.322876293E+02 5.624264257E+01 1.375764260E+02 6.598871409E+01 2.846237761E+01
6.920000000E+07 2.317009159E+02 5.610261281E+01 1.372265051E+02 6.582513908E+01 2.839036964E+01
6.940000000E+07 2.311173723E+02 5.596333481E+01 1.368784932E+02 6.566244427E+01 2.831875459E+01
6.960000000E+07 2.305369720E+02 5.582480228E+01 1.365323741E+02 6.550062229E+01 2.824752915E+01
6.980000000E+07 2.299596892E+02 5.568700917E+01 1.361881321E+02 6.533966593E+01 2.817669007E+01
7.000000000E+07 2.293854979E+02 5.554994929E+01 1.358457514E+02 6.517956797E+01 2.810623407E+01
7.020000000E+07 2.288143730E+02 5.541361670E+01 1.355052166E+02 6.502032139E+01 2.803615800E+01
7.040000000E+07 2.282462892E+02 5.527800543E+01 1.351665124E+02 6.486191915E+01 2.796645867E+01
7.060000000E+07 2.276812215E+02 5.514310955E+01 1.348296235E+02 6.470435428E+01 2.789713294E+01
7.080000000E+07 2.271191455E+02 5.500892329E+01 1.344945350E+02 6.454761998E+01 2.782817774E+01
7.100000000E+07 2.265600367E+02 5.487544087E+01 1.341612320E+02 6.439170943E+01 2.775959000E+01
7.120000000E+07 2.260038708E+02 5.474265657E+01 1.338297000E+02 6.423661591E+01 2.769136669E+01
7.140000000E+07 2.254506245E+02 5.461056481E+01 1.334999244E+02 6.408233284E+01 2.762350483E+01
7.160000000E+07 2.249002739E+02 5.447915997E+01 1.331718908E+02 6.392885360E+01 2.755600145E+01
7.180000000E+07 2.243527958E+02 5.434843657E+01 1.328455852E+02 6.377617177E+01 2.748885364E+01
7.200000000E+07 2.238081671E+02 5.421838913E+01 1.325209935E+02 6.362428089E+01 2.742205850E+01
7.220000000E+07 2.232663653E+02 5.408901232E+01 1.321981018E+02 6.347317465E+01 2.735561317E+01
7.240000000E+07 2.227273675E+02 5.396030076E+01 1.318768964E+02 6.332284674E+01 2.728951483E+01
7.260000000E+07 2.221911514E+02 5.383224914E+01 1.315573637E+02 6.317329094E+01 2.722376065E+01
7.280000000E+07 2.216576952E+02 5.370485233E+01 1.312394905E+02 6.302450117E+01 2.715834791E+01
7.300000000E+07 2.211269769E+02 5.357810508E+01 1.309232632E+02 6.287647132E+01 2.709327384E+01
7.320000000E+07 2.205989750E+02 5.345200234E+01 1.306086690E+02 6.272919535E+01 2.702853573E+01
7.340000000E+07 2.200736680E+02 5.332653902E+01 1.302956946E+02 6.258266736E+01 2.696413091E+01
7.360000000E+07 2.195510350E+02 5.320171016E+01 1.299843275E+02 6.243688147E+01 2.690005675E+01
7.380000000E+07 2.190310547E+02 5.307751077E+01 1.296745546E+02 6.229183184E+01 2.683631060E+01
7.400000000E+07 2.185137067E+02 5.295393596E+01 1.293663637E+02 6.214751270E+01 2.677288988E+01
7.420000000E+07 2.179989705E+02 5.283098089E+01 1.290597421E+02 6.200391837E+01 2.670979201E+01
7.440000000E+07 2.174868258E+02 5.270864081E+01 1.287546776E+02 6.186104322E+01 2.664701448E+01
7.460000000E+07 2.169772526E+02 5.258691092E+01 1.284511580E+02 6.171888170E+01 2.658455476E+01
7.480000000E+07 2.164702310E+02 5.246578657E+01 1.281491713E+02 6.157742825E+01 2.652241038E+01
7.500000000E+07 2.159657413E+02 5.234526305E+01 1.278487055E+02 6.143667741E+01 2.646057886E+01
7.520000000E+07 2.154637643E+02 5.222533584E+01 1.275497490E+02 6.129662381E+01 2.639905778E+01
7.540000000E+07 2.149642805E+02 5.210600036E+01 1.272522898E+02 6.115726207E+01 2.633784474E+01
7.560000000E+07 2.144672712E+02 5.198725211E+01 1.269563167E+02 6.101858694E+01 2.627693735E+01
7.580000000E+07 2.139727172E+02 5.186908662E+01 1.266618180E+02 6.088059315E+01 2.621633327E+01
7.600000000E+07 2.134806000E+02 5.175149948E+01 1.263687825E+02 6.074327552E+01 2.615603014E+01
7.620000000E+07 2.129909013E+02 5.163448635E+01 1.260771990E+02 6.060662893E+01 2.609602567E+01
7.640000000E+07 2.125036028E+02 5.151804291E+01 1.257870565E+02 6.047064833E+01 2.603631758E+01
7.660000000E+07 2.120186863E+02 5.140216487E+01 1.254983440E+02 6.033532867E+01 2.597690362E+01
7.680000000E+07 2.115361338E+02 5.128684797E+01 1.252110505E+02 6.020066495E+01 2.591778151E+01
7.700000000E+07 2.110559280E+02 5.117208808E+01 1.249251654E+02 6.006665231E+01 2.585894909E+01
7.720000000E+07 2.105780510E+02 5.105788100E+01 1.246406781E+02 5.993328584E+01 2.580040414E+01
7.740000000E+07 2.101024855E+02 5.094422265E+01 1.243575780E+02 5.980056072E+01 2.574214449E+01
7.760000000E+07 2.096292147E+02 5.083110898E+01 1.240758548E+02 5.966847221E+01 2.568416801E+01
7.780000000E+07 2.091582210E+02 5.071853592E+01 1.237954980E+02 5.953701553E+01 2.562647256E+01
7.800000000E+07 2.086894880E+02 5.060649952E+01 1.235164976E+02 5.940618606E+01 2.556905605E+01
7.820000000E+07 2.082229989E+02 5.049499584E+01 1.232388434E+02 5.927597913E+01 2.551191640E+01
7.840000000E+07 2.077587370E+02 5.038402095E+01 1.229625253E+02 5.914639015E+01 2.545505153E+01
7.860000000E+07 2.072966864E+02 5.027357101E+01 1.226875336E+02 5.901741464E+01 2.539845943E+01
7.880000000E+07 2.068368306E+02 5.016364218E+01 1.224138584E+02 5.888904805E+01 2.534213805E+01
7.900000000E+07 2.063791537E+02 5.005423067E+01 1.221414900E+02 5.876128594E+01 2.528608541E+01
7.920000000E+07 2.059236398E+02 4.994533273E+01 1.218704189E+02 5.863412392E+01 2.523029953E+01
7.940000000E+07 2.054702731E+02 4.983694463E+01 1.216006354E+02 5.850755763E+01 2.517477845E+01
7.960000000E+07 2.050190382E+02 4.972906271E+01 1.213321302E+02 5.838158274E+01 2.511952022E+01
7.980000000E+07 2.045699196E+02 4.962168332E+01 1.210648940E+02 5.825619499E+01 2.506452293E+01
8.000000000E+07 2.041229023E+02 4.951480286E+01 1.207989175E+02 5.813139014E+01 2.500978469E+01
8.020000000E+07 2.036779708E+02 4.940841774E+01 1.205341916E+02 5.800716399E+01 2.495530359E+01
8.040000000E+07 2.032351106E+02 4.930252443E+01 1.202707073E+02 5.788351241E+01 2.490107779E+01
8.060000000E+07 2.027943065E+02 4.919711944E+01 1.200084556E+02 5.776043127E+01 2.484710544E+01
8.080000000E+07 2.023555440E+02 4.909219925E+01 1.197474275E+02 5.763791649E+01 2.479338469E+01
8.100000000E+07 2.019188086E+02 4.898776050E+01 1.194876144E+02 5.751596407E+01 2.473991376E+01
8.120000000E+07 2.014840859E+02 4.888379972E+01 1.192290075E+02 5.739457000E+01 2.468669084E+01
8.140000000E+07 2.010513615E+02 4.878031356E+01 1.189715982E+02 5.727373032E+01 2.463371416E+01
8.160000000E+07 2.006206216E+02 4.867729870E+01 1.187153780E+02 5.715344112E+01 2.458098196E+01
8.180000000E+07 2.001918520E+02 4.857475182E+01 1.184603384E+02 5.703369853E+01 2.452849251E+01
8.200000000E+07 1.997650389E+02 4.847266962E+01 1.182064711E+02 5.691449869E+01 2.447624407E+01
8.220000000E+07 1.993401685E+02 4.837104887E+01 1.179537677E+02 5.679583780E+01 2.442423494E+01
8.240000000E+07 1.989172273E+02 4.826988635E+01 1.177022200E+02 5.667771209E+01 2.437246343E+01
8.260000000E+07 1.984962019E+02 4.816917890E+01 1.174518200E+02 5.656011784E+01 2.432092787E+01
8.280000000E+07 1.980770790E+02 4.806892335E+01 1.172025595E+02 5.644305136E+01 2.426962659E+01
8.300000000E+07 1.976598454E+02 4.796911659E+01 1.169544306E+02 5.632650898E+01 2.421855797E+01
8.320000000E+07 1.972444878E+02 4.786975549E+01 1.167074254E+02 5.621048704E+01 2.416772035E+01
8.340000000E+07 1.968309934E+02 4.777083700E+01 1.164615360E+02 5.609498196E+01 2.411711213E+01
8.360000000E+07 1.964193495E+02 4.767235811E+01 1.162167547E+02 5.597999023E+01 2.406673173E+01
8.380000000E+07 1.960095431E+02 4.757431575E+01 1.159730738E+02 5.586550824E+01 2.401657754E+01
8.400000000E+07 1.956015618E+02 4.747670698E+01 1.157304857E+02 5.575153254E+01 2.396664801E+01
8.420000000E+07 1.951953931E+02 4.737952886E+01 1.154889829E+02 5.563805969E+01 2.391694160E+01
8.440000000E+07 1.947910246E+02 4.728277843E+01 1.152485578E+02 5.552508622E+01 2.386745675E+01
8.460000000E+07 1.943884439E+02 4.718645279E+01 1.150092031E+02 5.541260874E+01 2.381819195E+01
8.480000000E+07 1.939876392E+02 4.709054909E+01 1.147709115E+02 5.530062391E+01 2.376914568E+01
8.500000000E+07 1.935885980E+02 4.699506444E+01 1.145336757E+02 5.518912832E+01 2.372031645E+01
8.520000000E+07 1.931913089E+02 4.689999608E+01 1.142974884E+02 5.507811877E+01 2.367170278E+01
8.540000000E+07 1.927957598E+02 4.680534116E+01 1.140623427E+02 5.496759191E+01 2.362330320E+01
8.560000000E+07 1.924019390E+02 4.671109696E+01 1.138282313E+02 5.485754454E+01 2.357511627E+01
8.580000000E+07 1.920098350E+02 4.661726067E+01 1.135951473E+02 5.474797340E+01 2.352714053E+01
8.600000000E+07 1.916194362E+02 4.652382961E+01 1.133630838E+02 5.463887531E+01 2.347937455E+01
8.620000000E+07 1.912307312E+02 4.643080108E+01 1.131320339E+02 5.453024714E+01 2.343181694E+01
8.640000000E+07 1.908437089E+02 4.633817243E+01 1.129019908E+02 5.442208576E+01 2.338446627E+01
8.660000000E+07 1.904583580E+02 4.624594099E+01 1.126729477E+02 5.431438807E+01 2.333732119E+01
8.680000000E+07 1.900746673E+02 4.615410410E+01 1.124448979E+02 5.420715095E+01 2.329038027E+01
8.700000000E+07 1.896926261E+02 4.606265922E+01 1.122178349E+02 5.410037142E+01 2.324364219E+01
8.720000000E+07 1.893122232E+02 4.597160372E+01 1.119917520E+02 5.399404641E+01 2.319710558E+01
8.740000000E+07 1.889334481E+02 4.588093512E+01 1.117666428E+02 5.388817297E+01 2.315076911E+01
8.760000000E+07 1.885562897E+02 4.579065079E+01 1.115425007E+02 5.378274808E+01 2.310463143E+01
8.780000000E+07 1.881807379E+02 4.570074828E+01 1.113193195E+02 5.367776887E+01 2.305869126E+01
8.800000000E+07 1.878067820E+02 4.561122512E+01 1.110970928E+02 5.357323241E+01 2.301294728E+01
8.820000000E+07 1.874344114E+02 4.552207881E+01 1.108758142E+02 5.346913578E+01 2.296739819E+01
8.840000000E+07 1.870636159E+02 4.543330688E+01 1.106554775E+02 5.336547612E+01 2.292204271E+01
8.860000000E+07 1.866943854E+02 4.534490698E+01 1.104360768E+02 5.326225065E+01 2.287687959E+01
8.880000000E+07 1.863267095E+02 4.525687665E+01 1.102176056E+02 5.315945650E+01 2.283190755E+01
8.900000000E+07 1.859605785E+02 4.516921355E+01 1.100000582E+02 5.305709093E+01 2.278712536E+01
8.920000000E+07 1.855959822E+02 4.508191529E+01 1.097834283E+02 5.295515115E+01 2.274253177E+01
8.940000000E+07 1.852329106E+02 4.499497953E+01 1.095677101E+02 5.285363441E+01 2.269812557E+01
8.960000000E+07 1.848713542E+02 4.490840398E+01 1.093528977E+02 5.275253804E+01 2.265390554E+01
8.980000000E+07 1.845113032E+02 4.482218633E+01 1.091389852E+02 5.265185933E+01 2.260987047E+01
9.000000000E+07 1.841527478E+02 4.473632427E+01 1.089259668E+02 5.255159558E+01 2.256601918E+01
9.020000000E+07 1.837956787E+02 4.465081557E+01 1.087138368E+02 5.245174420E+01 2.252235048E+01
9.040000000E+07 1.834400863E+02 4.456565800E+01 1.085025895E+02 5.235230255E+01 2.247886320E+01
9.060000000E+07 1.830859613E+02 4.448084932E+01 1.082922193E+02 5.225326803E+01 2.243555617E+01
9.080000000E+07 1.827332944E+02 4.439638735E+01 1.080827204E+02 5.215463806E+01 2.239242826E+01
9.100000000E+07 1.823820763E+02 4.431226987E+01 1.078740874E+02 5.205641007E+01 2.234947830E+01
9.120000000E+07 1.820322981E+02 4.422849476E+01 1.076663149E+02 5.195858158E+01 2.230670518E+01
9.140000000E+07 1.816839503E+02 4.414505982E+01 1.074593972E+02 5.186115001E+01 2.226410776E+01
9.160000000E+07 1.813370244E+02 4.406196300E+01 1.072533291E+02 5.176411295E+01 2.222168495E+01
9.180000000E+07 1.809915110E+02 4.397920209E+01 1.070481051E+02 5.166746785E+01 2.217943562E+01
9.200000000E+07 1.806474018E+02 4.389677509E+01 1.068437200E+02 5.157121234E+01 2.213735870E+01
9.220000000E+07 1.803046876E+02 4.381467987E+01 1.066401683E+02 5.147534393E+01 2.209545309E+01
9.240000000E+07 1.799633600E+02 4.373291440E+01 1.064374451E+02 5.137986025E+01 2.205371772E+01
9.260000000E+07 1.796234101E+02 4.365147661E+01 1.062355450E+02 5.128475891E+01 2.201215153E+01
9.280000000E+07 1.792848297E+02 4.357036451E+01 1.060344629E+02 5.119003753E+01 2.197075346E+01
9.300000000E+07 1.789476103E+02 4.348957611E+01 1.058341937E+02 5.109569380E+01 2.192952246E+01
9.320000000E+07 1.786117431E+02 4.340910937E+01 1.056347324E+02 5.100172535E+01 2.188845748E+01
9.340000000E+07 1.782772202E+02 4.332896234E+01 1.054360739E+02 5.090812990E+01 2.184755751E+01
9.360000000E+07 1.779440331E+02 4.324913306E+01 1.052382133E+02 5.081490515E+01 2.180682151E+01
9.380000000E+07 1.776121739E+02 4.316961962E+01 1.050411457E+02 5.072204886E+01 2.176624849E+01
9.400000000E+07 1.772816342E+02 4.309042006E+01 1.048448662E+02 5.062955874E+01 2.172583742E+01
9.420000000E+07 1.769524060E+02 4.301153248E+01 1.046493699E+02 5.053743259E+01 2.168558732E+01
9.440000000E+07 1.766244813E+02 4.293295499E+01 1.044546520E+02 5.044566817E+01 2.164549719E+01
9.460000000E+07 1.762978523E+02 4.285468571E+01 1.042607077E+02 5.035426331E+01 2.160556606E+01
9.480000000E+07 1.759725111E+02 4.277672277E+01 1.040675324E+02 5.026321583E+01 2.156579295E+01
9.500000000E+07 1.756484497E+02 4.269906436E+01 1.038751213E+02 5.017252356E+01 2.152617691E+01
9.520000000E+07 1.753256607E+02 4.262170862E+01 1.036834699E+02 5.008218436E+01 2.148671697E+01
9.540000000E+07 1.750041362E+02 4.254465373E+01 1.034925734E+02 4.999219612E+01 2.144741218E+01
9.560000000E+07 1.746838688E+02 4.246789792E+01 1.033024273E+02 4.990255675E+01 2.140826163E+01
9.580000000E+07 1.743648506E+02 4.239143934E+01 1.031130271E+02 4.981326410E+01 2.136926434E+01
9.600000000E+07 1.740470746E+02 4.231527630E+01 1.029243683E+02 4.972431617E+01 2.133041943E+01
9.620000000E+07 1.737305329E+02 4.223940697E+01 1.027364464E+02 4.963571085E+01 2.129172595E+01
9.640000000E+07 1.734152185E+02 4.216382964E+01 1.025492571E+02 4.954744613E+01 2.125318301E+01
9.660000000E+07 1.731011239E+02 4.208854256E+01 1.023627958E+02 4.945951997E+01 2.121478970E+01
9.680000000E+07 1.727882419E+02 4.201354405E+01 1.021770582E+02 4.937193039E+01 2.117654512E+01
9.700000000E+07 1.724765654E+02 4.193883238E+01 1.019920402E+02 4.928467538E+01 2.113844840E+01
9.720000000E+07 1.721660871E+02 4.186440586E+01 1.018077372E+02 4.919775298E+01 2.110049864E+01
9.740000000E+07 1.718568002E+02 4.179026283E+01 1.016241452E+02 4.911116122E+01 2.106269498E+01
9.760000000E+07 1.715486974E+02 4.171640161E+01 1.014412598E+02 4.902489816E+01 2.102503654E+01
9.780000000E+07 1.712417719E+02 4.164282057E+01 1.012590770E+02 4.893896188E+01 2.098752247E+01
9.800000000E+07 1.709360168E+02 4.156951806E+01 1.010775925E+02 4.885335047E+01 2.095015192E+01
9.820000000E+07 1.706314251E+02 4.149649244E+01 1.008968023E+02 4.876806200E+01 2.091292403E+01
9.840000000E+07 1.703279902E+02 4.142374214E+01 1.007167022E+02 4.868309463E+01 2.087583798E+01
9.860000000E+07 1.700257053E+02 4.135126554E+01 1.005372883E+02 4.859844650E+01 2.083889294E+01
9.880000000E+07 1.697245636E+02 4.127906105E+01 1.003585564E+02 4.851411571E+01 2.080208805E+01
9.900000000E+07 1.694245585E+02 4.120712709E+01 1.001805027E+02 4.843010045E+01 2.076542252E+01
9.920000000E+07 1.691256836E+02 4.113546214E+01 1.000031231E+02 4.834639892E+01 2.072889554E+01
9.940000000E+07 1.688279322E+02 4.106406463E+01 9.982641375E+01 4.826300927E+01 2.069250628E+01
9.960000000E+07 1.685312979E+02 4.099293300E+01 9.965037072E+01 4.817992973E+01 2.065625396E+01
9.980000000E+07 1.682357741E+02 4.092206574E+01 9.947499019E+01 4.809715852E+01 2.062013778E+01
1.000000000E+08 1.679413545E+02 4.085146135E+01 9.930026830E+01 4.801469385E+01 2.058415696E+01
