1.000000000E+06 1.071886002E+03 9.602171104E+02 6.035417776E+02 9.707373276E+02 0.000000000E+00
1.200000000E+06 9.427233543E+02 8.546389843E+02 5.452226490E+02 8.845340928E+02 6.310397842E-01
1.400000000E+06 8.434361141E+02 7.718360008E+02 4.981345500E+02 8.122575068E+02 1.929028559E+00
1.600000000E+06 7.645386417E+02 7.050255511E+02 4.593136394E+02 7.512934657E+02 2.965503470E+00
1.800000000E+06 7.001959588E+02 6.498714362E+02 4.267192157E+02 6.993241430E+02 3.775207515E+00
2.000000000E+06 6.464075462E+02 6.032609626E+02 3.987391822E+02 6.538598251E+02 3.852291354E+00
2.200000000E+06 6.011173294E+02 5.637207077E+02 3.747894807E+02 6.150810702E+02 4.463174477E+00
2.400000000E+06 5.620455531E+02 5.293289156E+02 3.537095383E+02 5.804328741E+02 4.493373776E+00
2.600000000E+06 5.282944113E+02 4.994587892E+02 3.352892895E+02 5.503645124E+02 4.940651469E+00
2.800000000E+06 4.985271206E+02 4.729422446E+02 3.187810745E+02 5.230718630E+02 4.937809080E+00
3.000000000E+06 4.723173825E+02 4.494960251E+02 3.041186441E+02 4.990196838E+02 5.256276570E+00
3.200000000E+06 4.488244543E+02 4.283675835E+02 2.908020922E+02 4.769366289E+02 5.231219184E+00
3.400000000E+06 4.278283868E+02 4.094193680E+02 2.788170326E+02 4.572111564E+02 5.450056712E+00
3.600000000E+06 4.087771035E+02 3.921493323E+02 2.678221705E+02 4.389504724E+02 5.410583371E+00
3.800000000E+06 3.914738507E+02 3.764086243E+02 2.577560009E+02 4.222193726E+02 5.361628692E+00
4.000000000E+06 3.757587215E+02 3.620755060E+02 2.485677325E+02 4.070725933E+02 5.504553343E+00
4.200000000E+06 3.612893362E+02 3.488304323E+02 2.400310397E+02 3.928793604E+02 5.449434412E+00
4.400000000E+06 3.479742095E+02 3.366074308E+02 2.321250361E+02 3.797310477E+02 5.389218907E+00
4.600000000E+06 3.357327390E+02 3.253467381E+02 2.248283311E+02 3.676921492E+02 5.476602337E+00
4.800000000E+06 3.243413164E+02 3.148361670E+02 2.179867939E+02 3.563173321E+02 5.414656712E+00
5.000000000E+06 3.137537289E+02 3.050442946E+02 2.115943985E+02 3.456889161E+02 5.350055547E+00
5.200000000E+06 3.039253518E+02 2.959387635E+02 2.056413308E+02 3.358613753E+02 5.396657269E+00
5.400000000E+06 2.947063392E+02 2.873759330E+02 2.000217146E+02 3.265232419E+02 5.332718750E+00
5.600000000E+06 2.860706221E+02 2.793388283E+02 1.947340766E+02 3.177376378E+02 5.267524869E+00
5.800000000E+06 2.779631740E+02 2.717790100E+02 1.897487802E+02 3.094555717E+02 5.201528613E+00
6.000000000E+06 2.703648282E+02 2.646840657E+02 1.850650595E+02 3.017274771E+02 5.220875020E+00
6.200000000E+06 2.631764820E+02 2.579576349E+02 1.806102980E+02 2.943324170E+02 5.157163348E+00
6.400000000E+06 2.563879652E+02 2.515948034E+02 1.763877791E+02 2.873242853E+02 5.093292661E+00
6.600000000E+06 2.499659915E+02 2.455659666E+02 1.723791401E+02 2.806726006E+02 5.029493888E+00
6.800000000E+06 2.438809257E+02 2.398447070E+02 1.685679459E+02 2.743500630E+02 4.965961707E+00
7.000000000E+06 2.381279579E+02 2.344298667E+02 1.649583848E+02 2.684022305E+02 4.968581559E+00
7.200000000E+06 2.326409257E+02 2.292561561E+02 1.615000795E+02 2.626698722E+02 4.908021833E+00
7.400000000E+06 2.274190895E+02 2.243258168E+02 1.581990275E+02 2.571995609E+02 4.847942280E+00
7.600000000E+06 2.224431996E+02 2.196215493E+02 1.550443508E+02 2.519731901E+02 4.788441575E+00
7.800000000E+06 2.176958521E+02 2.151276839E+02 1.520261728E+02 2.469743147E+02 4.729602464E+00
8.000000000E+06 2.131612723E+02 2.108299929E+02 1.491355053E+02 2.421879656E+02 4.671493733E+00
8.200000000E+06 2.088413878E+02 2.067324138E+02 1.463783826E+02 2.376532228E+02 4.664772213E+00
8.400000000E+06 2.046911771E+02 2.027899393E+02 1.437193382E+02 2.332540004E+02 4.609643930E+00
8.600000000E+06 2.007143320E+02 1.990079757E+02 1.411651624E+02 2.290294299E+02 4.555260961E+00
8.800000000E+06 1.968999440E+02 1.953766208E+02 1.387095470E+02 2.249689967E+02 4.501654835E+00
9.000000000E+06 1.932380136E+02 1.918867839E+02 1.363466904E+02 2.210630292E+02 4.448850856E+00
9.200000000E+06 1.897193577E+02 1.885301046E+02 1.340712468E+02 2.173026160E+02 4.396868823E+00
9.400000000E+06 1.863473200E+02 1.853111285E+02 1.318886100E+02 2.137178286E+02 4.383659203E+00
9.600000000E+06 1.830909206E+02 1.821986605E+02 1.297739129E+02 2.102257873E+02 4.334372585E+00
9.800000000E+06 1.799543170E+02 1.791979129E+02 1.277328662E+02 2.068562741E+02 4.285861778E+00
1.000000000E+07 1.769308562E+02 1.763027966E+02 1.257615502E+02 2.036027529E+02 4.238131344E+00
1.020000000E+07 1.740143751E+02 1.735076639E+02 1.238563236E+02 2.004591525E+02 4.191183519E+00
1.040000000E+07 1.711991566E+02 1.708072695E+02 1.220137994E+02 1.974198258E+02 4.145018477E+00
1.060000000E+07 1.684798894E+02 1.681967352E+02 1.202308232E+02 1.944795135E+02 4.099634553E+00
1.080000000E+07 1.658516328E+02 1.656715176E+02 1.185044529E+02 1.916333117E+02 4.055028455E+00
1.100000000E+07 1.633186242E+02 1.632365633E+02 1.168396881E+02 1.889054029E+02 4.040360095E+00
1.120000000E+07 1.608591364E+02 1.608698055E+02 1.152186834E+02 1.862348024E+02 3.997987174E+00
1.140000000E+07 1.584777266E+02 1.585764441E+02 1.136465396E+02 1.836453585E+02 3.956325158E+00
1.160000000E+07 1.561706446E+02 1.563530162E+02 1.121210022E+02 1.811333136E+02 3.915366451E+00
1.180000000E+07 1.539343800E+02 1.541962764E+02 1.106399558E+02 1.786951424E+02 3.875102934E+00
1.200000000E+07 1.517656426E+02 1.521031806E+02 1.092014134E+02 1.763275341E+02 3.835526023E+00
1.220000000E+07 1.496613461E+02 1.500708704E+02 1.078035074E+02 1.740273766E+02 3.796626734E+00
1.240000000E+07 1.476185921E+02 1.480966588E+02 1.064444799E+02 1.717917421E+02 3.758395728E+00
1.260000000E+07 1.456346557E+02 1.461780178E+02 1.051226755E+02 1.696178731E+02 3.720823368E+00
1.280000000E+07 1.437135379E+02 1.443193870E+02 1.038422894E+02 1.675245604E+02 3.706152412E+00
1.300000000E+07 1.418398516E+02 1.425050445E+02 1.025904750E+02 1.654670961E+02 3.670350399E+00
1.320000000E+07 1.400177115E+02 1.407395128E+02 1.013714444E+02 1.634639805E+02 3.635146015E+00
1.340000000E+07 1.382449684E+02 1.390207907E+02 1.001838814E+02 1.615130226E+02 3.600529015E+00
1.360000000E+07 1.365195924E+02 1.373469868E+02 9.902654065E+01 1.596121494E+02 3.566489224E+00
1.380000000E+07 1.348396645E+02 1.357163116E+02 9.789824291E+01 1.577593980E+02 3.533016539E+00
1.400000000E+07 1.332033698E+02 1.341270711E+02 9.679787065E+01 1.559529086E+02 3.500100937E+00
1.420000000E+07 1.316089896E+02 1.325776603E+02 9.572436408E+01 1.541909179E+02 3.467732476E+00
1.440000000E+07 1.300548961E+02 1.310665575E+02 9.467671752E+01 1.524717528E+02 3.435901304E+00
1.460000000E+07 1.285395457E+02 1.295923189E+02 9.365397584E+01 1.507938248E+02 3.404597658E+00
1.480000000E+07 1.270662976E+02 1.281585864E+02 9.265946326E+01 1.491713602E+02 3.390620656E+00
1.500000000E+07 1.256242181E+02 1.267541409E+02 9.168394548E+01 1.475718010E+02 3.360687362E+00
1.520000000E+07 1.242166964E+02 1.253826387E+02 9.073073290E+01 1.460091423E+02 3.331233676E+00
1.540000000E+07 1.228424756E+02 1.240429006E+02 8.979904293E+01 1.444820832E+02 3.302250246E+00
1.560000000E+07 1.215003597E+02 1.227338043E+02 8.888812981E+01 1.429893843E+02 3.273727929E+00
1.580000000E+07 1.201892102E+02 1.214542802E+02 8.799728245E+01 1.415298638E+02 3.245657789E+00
1.600000000E+07 1.189079421E+02 1.202033087E+02 8.712582242E+01 1.401023943E+02 3.218031079E+00
1.620000000E+07 1.176555216E+02 1.189799174E+02 8.627310209E+01 1.387058999E+02 3.190839245E+00
1.640000000E+07 1.164309622E+02 1.177831781E+02 8.543850291E+01 1.373393531E+02 3.164073909E+00
1.660000000E+07 1.152333230E+02 1.166122047E+02 8.462143383E+01 1.360017722E+02 3.137726870E+00
1.680000000E+07 1.140617051E+02 1.154661503E+02 8.382132969E+01 1.346922189E+02 3.111790090E+00
1.700000000E+07 1.129152500E+02 1.143442057E+02 8.303764988E+01 1.334097957E+02 3.086255696E+00
1.720000000E+07 1.117967116E+02 1.132493111E+02 8.227301390E+01 1.321653159E+02 3.073900515E+00
1.740000000E+07 1.106982237E+02 1.121733672E+02 8.152071210E+01 1.309348373E+02 3.049387318E+00
1.760000000E+07 1.096225374E+02 1.111193039E+02 8.078334292E+01 1.297290054E+02 3.025241811E+00
1.780000000E+07 1.085689336E+02 1.100864417E+02 8.006045116E+01 1.285470648E+02 3.001456697E+00
1.800000000E+07 1.075367233E+02 1.090741291E+02 7.935160026E+01 1.273882914E+02 2.978024871E+00
1.820000000E+07 1.065252463E+02 1.080817418E+02 7.865637134E+01 1.262519902E+02 2.954939416E+00
1.840000000E+07 1.055338696E+02 1.071086805E+02 7.797436230E+01 1.251374943E+02 2.932193594E+00
1.860000000E+07 1.045619859E+02 1.061543702E+02 7.730518698E+01 1.240441633E+02 2.909780836E+00
1.880000000E+07 1.036090128E+02 1.052182590E+02 7.664847443E+01 1.229713822E+02 2.887694741E+00
1.900000000E+07 1.026743907E+02 1.042998166E+02 7.600386810E+01 1.219185599E+02 2.865929060E+00
1.920000000E+07 1.017575826E+02 1.033985334E+02 7.537102517E+01 1.208851281E+02 2.844477697E+00
1.940000000E+07 1.008580721E+02 1.025139197E+02 7.474961590E+01 1.198705404E+02 2.823334700E+00
1.960000000E+07 9.997536313E+01 1.016455044E+02 7.413932300E+01 1.188742712E+02 2.802494252E+00
1.980000000E+07 9.910897861E+01 1.007928343E+02 7.353984103E+01 1.178958145E+02 2.781950673E+00
2.000000000E+07 9.826111022E+01 9.995822828E+01 7.295320302E+01 1.169433471E+02 2.771426561E+00
2.020000000E+07 9.742605830E+01 9.913580168E+01 7.237450960E+01 1.159992157E+02 2.751625686E+00
2.040000000E+07 9.660600232E+01 9.832785711E+01 7.180577432E+01 1.150714803E+02 2.732097905E+00
2.060000000E+07 9.580053263E+01 9.753400475E+01 7.124673382E+01 1.141597048E+02 2.712837994E+00
2.080000000E+07 9.500925456E+01 9.675386884E+01 7.069713413E+01 1.132634688E+02 2.693840872E+00
2.100000000E+07 9.423178769E+01 9.598708705E+01 7.015673021E+01 1.123823667E+02 2.675101590E+00
2.120000000E+07 9.346776526E+01 9.523330990E+01 6.962528558E+01 1.115160070E+02 2.656615331E+00
2.140000000E+07 9.271683352E+01 9.449220014E+01 6.910257192E+01 1.106640120E+02 2.638377402E+00
2.160000000E+07 9.197865118E+01 9.376343229E+01 6.858836875E+01 1.098260168E+02 2.620383226E+00
2.180000000E+07 9.125288888E+01 9.304669208E+01 6.808246311E+01 1.090016690E+02 2.602628344E+00
2.200000000E+07 9.053922863E+01 9.234167599E+01 6.758464917E+01 1.081906282E+02 2.585108405E+00
2.220000000E+07 8.983736336E+01 9.164809077E+01 6.709472801E+01 1.073925654E+02 2.567819162E+00
2.240000000E+07 8.914699643E+01 9.096565306E+01 6.661250730E+01 1.066071627E+02 2.550756472E+00
2.260000000E+07 8.846784120E+01 9.029408890E+01 6.613780103E+01 1.058341123E+02 2.533916286E+00
2.280000000E+07 8.779962061E+01 8.963313341E+01 6.567042922E+01 1.050731169E+02 2.517294651E+00
2.300000000E+07 8.714206676E+01 8.898253035E+01 6.521021773E+01 1.043238887E+02 2.500887701E+00
2.320000000E+07 8.649687813E+01 8.834406656E+01 6.475871715E+01 1.035925524E+02 2.492058529E+00
2.340000000E+07 8.585991714E+01 8.771346201E+01 6.431235082E+01 1.028661251E+02 2.476184935E+00
2.360000000E+07 8.523286916E+01 8.709248831E+01 6.387265370E+01 1.021506512E+02 2.460510294E+00
2.380000000E+07 8.461549931E+01 8.648092048E+01 6.343947257E+01 1.014458775E+02 2.445031046E+00
2.400000000E+07 8.400758019E+01 8.587854060E+01 6.301265898E+01 1.007515589E+02 2.429743720E+00
2.420000000E+07 8.340889153E+01 8.528513749E+01 6.259206900E+01 1.000674577E+02 2.414644935E+00
2.440000000E+07 8.281921992E+01 8.470050652E+01 6.217756312E+01 9.939334348E+01 2.399731396E+00
2.460000000E+07 8.223835857E+01 8.412444928E+01 6.176900598E+01 9.872899279E+01 2.384999885E+00
2.480000000E+07 8.166610704E+01 8.355677342E+01 6.136626631E+01 9.807418891E+01 2.370447266E+00
2.500000000E+07 8.110227097E+01 8.299729235E+01 6.096921673E+01 9.742872156E+01 2.356070478E+00
2.520000000E+07 8.054666190E+01 8.244582508E+01 6.057773361E+01 9.679238670E+01 2.341866531E+00
2.540000000E+07 7.999909702E+01 8.190219597E+01 6.019169695E+01 9.616498627E+01 2.327832506E+00
2.560000000E+07 7.945939897E+01 8.136623456E+01 5.981099022E+01 9.554632801E+01 2.313965553E+00
2.580000000E+07 7.892739562E+01 8.083777539E+01 5.943550026E+01 9.493622523E+01 2.300262884E+00
2.600000000E+07 7.840291990E+01 8.031665779E+01 5.906511716E+01 9.433449662E+01 2.286721775E+00
2.620000000E+07 7.788580959E+01 7.980272570E+01 5.869973411E+01 9.374096604E+01 2.273339564E+00
2.640000000E+07 7.737590720E+01 7.929582755E+01 5.833924734E+01 9.315546235E+01 2.260113644E+00
2.660000000E+07 7.687305971E+01 7.879581604E+01 5.798355596E+01 9.257781921E+01 2.247041467E+00
2.680000000E+07 7.637711846E+01 7.830254803E+01 5.763256189E+01 9.200787495E+01 2.234120537E+00
2.700000000E+07 7.588939271E+01 7.781739551E+01 5.728744678E+01 9.145023096E+01 2.226957690E+00
2.720000000E+07 7.540685270E+01 7.733721971E+01 5.694557973E+01 9.089527673E+01 2.214410692E+00
2.740000000E+07 7.493079686E+01 7.686338067E+01 5.660813096E+01 9.034756017E+01 2.202004876E+00
2.760000000E+07 7.446109245E+01 7.639575040E+01 5.627501265E+01 8.980693656E+01 2.189737931E+00
2.780000000E+07 7.399761039E+01 7.593420439E+01 5.594613933E+01 8.927326510E+01 2.177607601E+00
2.800000000E+07 7.354022509E+01 7.547862150E+01 5.562142781E+01 8.874640870E+01 2.165611682E+00
2.820000000E+07 7.308881436E+01 7.502888380E+01 5.530079707E+01 8.822623393E+01 2.153748022E+00
2.840000000E+07 7.264325931E+01 7.458487652E+01 5.498416825E+01 8.771261088E+01 2.142014517E+00
2.860000000E+07 7.220344419E+01 7.414648790E+01 5.467146450E+01 8.720541300E+01 2.130409112E+00
2.880000000E+07 7.176925634E+01 7.371360911E+01 5.436261100E+01 8.670451706E+01 2.118929795E+00
2.900000000E+07 7.134058605E+01 7.328613414E+01 5.405753482E+01 8.620980297E+01 2.107574601E+00
2.920000000E+07 7.091732648E+01 7.286395975E+01 5.375616490E+01 8.572115376E+01 2.096341607E+00
2.940000000E+07 7.049937355E+01 7.244698532E+01 5.345843198E+01 8.523845540E+01 2.085228933E+00
2.960000000E+07 7.008662589E+01 7.203511282E+01 5.316426855E+01 8.476159677E+01 2.074234736E+00
2.980000000E+07 6.967898473E+01 7.162824669E+01 5.287360880E+01 8.429046955E+01 2.063357214E+00
3.000000000E+07 6.927635375E+01 7.122629377E+01 5.258638851E+01 8.382496810E+01 2.052594603E+00
3.020000000E+07 6.887863916E+01 7.082916326E+01 5.230254512E+01 8.336498945E+01 2.041945174E+00
3.040000000E+07 6.848574945E+01 7.043676659E+01 5.202201754E+01 8.291043313E+01 2.031407233E+00
3.060000000E+07 6.809759544E+01 7.004901739E+01 5.174474620E+01 8.246120115E+01 2.020979121E+00
3.080000000E+07 6.771409015E+01 6.966583142E+01 5.147067298E+01 8.201719793E+01 2.010659212E+00
3.100000000E+07 6.733514874E+01 6.928712646E+01 5.119974113E+01 8.157833016E+01 2.000445912E+00
3.120000000E+07 6.696068844E+01 6.891282232E+01 5.093189531E+01 8.114450681E+01 1.990337657E+00
3.140000000E+07 6.659170664E+01 6.854396150E+01 5.066802875E+01 8.071917038E+01 1.984596534E+00
3.160000000E+07 6.622597979E+01 6.817823802E+01 5.040620420E+01 8.029520941E+01 1.974747511E+00
3.180000000E+07 6.586449720E+01 6.781668565E+01 5.014730691E+01 7.987603118E+01 1.964997228E+00
3.200000000E+07 6.550718379E+01 6.745923157E+01 4.989128655E+01 7.946155294E+01 1.955344227E+00
3.220000000E+07 6.515396625E+01 6.710580464E+01 4.963809393E+01 7.905169386E+01 1.945787080E+00
3.240000000E+07 6.480477303E+01 6.675633541E+01 4.938768101E+01 7.864637500E+01 1.936324391E+00
3.260000000E+07 6.445953422E+01 6.641075599E+01 4.914000083E+01 7.824551920E+01 1.926954791E+00
3.280000000E+07 6.411818158E+01 6.606900014E+01 4.889500754E+01 7.784905111E+01 1.917676942E+00
3.300000000E+07 6.378064840E+01 6.573100304E+01 4.865265627E+01 7.745689703E+01 1.908489529E+00
3.320000000E+07 6.344686954E+01 6.539670141E+01 4.841290319E+01 7.706898497E+01 1.899391269E+00
3.340000000E+07 6.311678134E+01 6.506603337E+01 4.817570546E+01 7.668524454E+01 1.890380902E+00
3.360000000E+07 6.279032159E+01 6.473893845E+01 4.794102117E+01 7.630560693E+01 1.881457193E+00
3.380000000E+07 6.246742948E+01 6.441535755E+01 4.770880935E+01 7.593000483E+01 1.872618932E+00
3.400000000E+07 6.214804556E+01 6.409523282E+01 4.747902992E+01 7.555837245E+01 1.863864934E+00
3.420000000E+07 6.183211174E+01 6.377850778E+01 4.725164370E+01 7.519064543E+01 1.855194034E+00
3.440000000E+07 6.151957118E+01 6.346512711E+01 4.702661231E+01 7.482676081E+01 1.846605093E+00
3.460000000E+07 6.121036835E+01 6.315503676E+01 4.680389827E+01 7.446665701E+01 1.838096990E+00
3.480000000E+07 6.090444887E+01 6.284818382E+01 4.658346485E+01 7.411027377E+01 1.829668628E+00
3.500000000E+07 6.060175961E+01 6.254451653E+01 4.636527612E+01 7.375755214E+01 1.821318928E+00
3.520000000E+07 6.030224858E+01 6.224398428E+01 4.614929694E+01 7.340843442E+01 1.813046834E+00
3.540000000E+07 6.000586488E+01 6.194653748E+01 4.593549287E+01 7.306286413E+01 1.804851305E+00
3.560000000E+07 5.971255873E+01 6.165212765E+01 4.572383022E+01 7.272078601E+01 1.796731324E+00
3.580000000E+07 5.942228143E+01 6.136070730E+01 4.551427600E+01 7.238214593E+01 1.788685887E+00
3.600000000E+07 5.913498530E+01 6.107222997E+01 4.530679792E+01 7.204689092E+01 1.780714011E+00
3.620000000E+07 5.885062365E+01 6.078665014E+01 4.510136433E+01 7.171496908E+01 1.772814729E+00
3.640000000E+07 5.856994592E+01 6.050474990E+01 4.489864303E+01 7.138893534E+01 1.768204504E+00
3.660000000E+07 5.829132462E+01 6.022484014E+01 4.469721270E+01 7.106355321E+01 1.760484714E+00
3.680000000E+07 5.801550333E+01 5.994769671E+01 4.449773559E+01 7.074135420E+01 1.752833614E+00
3.700000000E+07 5.774243914E+01 5.967327774E+01 4.430018255E+01 7.042229055E+01 1.745250296E+00
3.720000000E+07 5.747209005E+01 5.940154223E+01 4.410452504E+01 7.010631544E+01 1.737733866E+00
3.740000000E+07 5.720441488E+01 5.913245000E+01 4.391073509E+01 6.979338303E+01 1.730283450E+00
3.760000000E+07 5.693937330E+01 5.886596166E+01 4.371878525E+01 6.948344837E+01 1.722898189E+00
3.780000000E+07 5.667692579E+01 5.860203861E+01 4.352864866E+01 6.917646738E+01 1.715577240E+00
3.800000000E+07 5.641703364E+01 5.834064306E+01 4.334029896E+01 6.887239690E+01 1.708319777E+00
3.820000000E+07 5.615965891E+01 5.808173791E+01 4.315371031E+01 6.857119460E+01 1.701124986E+00
3.840000000E+07 5.590476440E+01 5.782528684E+01 4.296885739E+01 6.827281896E+01 1.693992071E+00
3.860000000E+07 5.565231368E+01 5.757125423E+01 4.278571535E+01 6.797722929E+01 1.686920248E+00
3.880000000E+07 5.540227100E+01 5.731960513E+01 4.260425982E+01 6.768438567E+01 1.679908750E+00
3.900000000E+07 5.515460132E+01 5.707030528E+01 4.242446691E+01 6.739424896E+01 1.672956822E+00
3.920000000E+07 5.490927031E+01 5.682332111E+01 4.224631319E+01 6.710678078E+01 1.666063720E+00
3.940000000E+07 5.466624429E+01 5.657861967E+01 4.206977566E+01 6.682194346E+01 1.659228718E+00
3.960000000E+07 5.442549022E+01 5.633616864E+01 4.189483176E+01 6.653970007E+01 1.652451098E+00
3.980000000E+07 5.418697569E+01 5.609593631E+01 4.172145935E+01 6.626001435E+01 1.645730157E+00
4.000000000E+07 5.395066897E+01 5.585789162E+01 4.154963673E+01 6.598285076E+01 1.639065204E+00
4.020000000E+07 5.371653885E+01 5.562200402E+01 4.137934256E+01 6.570817439E+01 1.632455558E+00
4.040000000E+07 5.348455478E+01 5.538824358E+01 4.121055595E+01 6.543595100E+01 1.625900551E+00
4.060000000E+07 5.325468674E+01 5.515658093E+01 4.104325635E+01 6.516614699E+01 1.619399525E+00
4.080000000E+07 5.302690530E+01 5.492698723E+01 4.087742361E+01 6.489872936E+01 1.612951833E+00
4.100000000E+07 5.280118157E+01 5.469943418E+01 4.071303795E+01 6.463366575E+01 1.606556841E+00
4.120000000E+07 5.257748721E+01 5.447389401E+01 4.055007993E+01 6.437092437E+01 1.600213921E+00
4.140000000E+07 5.235579438E+01 5.425033944E+01 4.038853050E+01 6.411047400E+01 1.593922458E+00
4.160000000E+07 5.213607578E+01 5.402874372E+01 4.022837091E+01 6.385228401E+01 1.587681846E+00
4.180000000E+07 5.191830459E+01 5.380908054E+01 4.006958277E+01 6.359632430E+01 1.581491489E+00
4.200000000E+07 5.170245448E+01 5.359132408E+01 3.991214802E+01 6.334256533E+01 1.575350800E+00
4.220000000E+07 5.148908604E+01 5.337605872E+01 3.975656438E+01 6.309290069E+01 1.571684808E+00
4.240000000E+07 5.127700591E+01 5.316204523E+01 3.960178778E+01 6.284347271E+01 1.565667316E+00
4.260000000E+07 5.106677061E+01 5.294986366E+01 3.944831217E+01 6.259615955E+01 1.559697108E+00
4.280000000E+07 5.085835564E+01 5.273948999E+01 3.929612071E+01 6.235093368E+01 1.553773628E+00
4.300000000E+07 5.065173697E+01 5.253090062E+01 3.914519689E+01 6.210776809E+01 1.547896329E+00
4.320000000E+07 5.044689099E+01 5.232407239E+01 3.899552445E+01 6.186663622E+01 1.542064671E+00
4.340000000E+07 5.024379449E+01 5.211898250E+01 3.884708743E+01 6.162751196E+01 1.536278126E+00
4.360000000E+07 5.004242469E+01 5.191560859E+01 3.869987016E+01 6.139036968E+01 1.530536173E+00
4.380000000E+07 4.984275920E+01 5.171392865E+01 3.855385719E+01 6.115518417E+01 1.524838300E+00
4.400000000E+07 4.964477599E+01 5.151392108E+01 3.840903338E+01 6.092193065E+01 1.519184003E+00
4.420000000E+07 4.944845347E+01 5.131556465E+01 3.826538384E+01 6.069058478E+01 1.513572788E+00
4.440000000E+07 4.925377037E+01 5.111883846E+01 3.812289390E+01 6.046112261E+01 1.508004165E+00
4.460000000E+07 4.906070583E+01 5.092372200E+01 3.798154918E+01 6.023352061E+01 1.502477657E+00
4.480000000E+07 4.886923930E+01 5.073019510E+01 3.784133551E+01 6.000775565E+01 1.496992791E+00
4.500000000E+07 4.867935061E+01 5.053823789E+01 3.770223896E+01 5.978380496E+01 1.491549103E+00
4.520000000E+07 4.849101992E+01 5.034783091E+01 3.756424584E+01 5.956164618E+01 1.486146136E+00
4.540000000E+07 4.830422774E+01 5.015895495E+01 3.742734268E+01 5.934125730E+01 1.480783440E+00
4.560000000E+07 4.811895488E+01 4.997159117E+01 3.729151624E+01 5.912261669E+01 1.475460572E+00
4.580000000E+07 4.793518250E+01 4.978572102E+01 3.715675349E+01 5.890570308E+01 1.470177096E+00
4.600000000E+07 4.775289206E+01 4.960132626E+01 3.702304161E+01 5.869049552E+01 1.464932584E+00
4.620000000E+07 4.757206534E+01 4.941838897E+01 3.689036802E+01 5.847697344E+01 1.459726613E+00
4.640000000E+07 4.739268438E+01 4.923689147E+01 3.675872027E+01 5.826511656E+01 1.454558765E+00
4.660000000E+07 4.721473157E+01 4.905681642E+01 3.662808620E+01 5.805490498E+01 1.449428632E+00
4.680000000E+07 4.703818955E+01 4.887814673E+01 3.649845376E+01 5.784631907E+01 1.444335808E+00
4.700000000E+07 4.686304128E+01 4.870086562E+01 3.636981118E+01 5.763933956E+01 1.439279897E+00
4.720000000E+07 4.668926995E+01 4.852495656E+01 3.624214681E+01 5.743394746E+01 1.434260507E+00
4.740000000E+07 4.651685905E+01 4.835040326E+01 3.611544919E+01 5.723012409E+01 1.429277250E+00
4.760000000E+07 4.634579235E+01 4.817718975E+01 3.598970710E+01 5.702785108E+01 1.424329745E+00
4.780000000E+07 4.617605384E+01 4.800530024E+01 3.586490942E+01 5.682711032E+01 1.419417619E+00
4.800000000E+07 4.600762780E+01 4.783471925E+01 3.574104524E+01 5.662788403E+01 1.414540500E+00
4.820000000E+07 4.584049874E+01 4.766543152E+01 3.561810384E+01 5.643015466E+01 1.409698023E+00
4.840000000E+07 4.567465144E+01 4.749742204E+01 3.549607463E+01 5.623390497E+01 1.404889830E+00
4.860000000E+07 4.551007089E+01 4.733067601E+01 3.537494721E+01 5.603911796E+01 1.400115565E+00
4.880000000E+07 4.534674233E+01 4.716517889E+01 3.525471132E+01 5.584577693E+01 1.395374879E+00
4.900000000E+07 4.518508488E+01 4.700136721E+01 3.513573809E+01 5.565528767E+01 1.392500613E+00
4.920000000E+07 4.502422009E+01 4.683832840E+01 3.501725790E+01 5.546479976E+01 1.387843475E+00
4.940000000E+07 4.486456430E+01 4.667649610E+01 3.489963936E+01 5.527570896E+01 1.383218482E+00
4.960000000E+07 4.470610367E+01 4.651585664E+01 3.478287283E+01 5.508799955E+01 1.378625300E+00
4.980000000E+07 4.454882455E+01 4.635639655E+01 3.466694883E+01 5.490165605E+01 1.374063599E+00
5.000000000E+07 4.439271347E+01 4.619810255E+01 3.455185798E+01 5.471666319E+01 1.369533055E+00
5.020000000E+07 4.423775723E+01 4.604096160E+01 3.443759109E+01 5.453300596E+01 1.365033349E+00
5.040000000E+07 4.408394278E+01 4.588496083E+01 3.432413908E+01 5.435066958E+01 1.360564164E+00
5.060000000E+07 4.393125727E+01 4.573008754E+01 3.421149300E+01 5.416963945E+01 1.356125191E+00
5.080000000E+07 4.377968808E+01 4.557632929E+01 3.409964407E+01 5.398990122E+01 1.351716124E+00
5.100000000E+07 4.362922275E+01 4.542367375E+01 3.398858358E+01 5.381144075E+01 1.347336660E+00
5.120000000E+07 4.347984900E+01 4.527210882E+01 3.387830300E+01 5.363424409E+01 1.342986504E+00
5.140000000E+07 4.333155478E+01 4.512162256E+01 3.376879390E+01 5.345829753E+01 1.338665361E+00
5.160000000E+07 4.318432815E+01 4.497220320E+01 3.366004797E+01 5.328358750E+01 1.334372943E+00
5.180000000E+07 4.303815739E+01 4.482383917E+01 3.355205703E+01 5.311010070E+01 1.330108965E+00
5.200000000E+07 4.289303096E+01 4.467651903E+01 3.344481302E+01 5.293782396E+01 1.325873147E+00
5.220000000E+07 4.274893747E+01 4.453023155E+01 3.333830799E+01 5.276674434E+01 1.321665211E+00
5.240000000E+07 4.260586569E+01 4.438496563E+01 3.323253412E+01 5.259684909E+01 1.317484885E+00
5.260000000E+07 4.246380459E+01 4.424071035E+01 3.312748366E+01 5.242812560E+01 1.313331900E+00
5.280000000E+07 4.232274325E+01 4.409745492E+01 3.302314902E+01 5.226056148E+01 1.309205990E+00
5.300000000E+07 4.218267095E+01 4.395518874E+01 3.291952270E+01 5.209414451E+01 1.305106894E+00
5.320000000E+07 4.204357710E+01 4.381390133E+01 3.281659728E+01 5.192886264E+01 1.301034353E+00
5.340000000E+07 4.190545127E+01 4.367358240E+01 3.271436549E+01 5.176470397E+01 1.296988113E+00
5.360000000E+07 4.176828319E+01 4.353422175E+01 3.261282012E+01 5.160165681E+01 1.292967922E+00
5.380000000E+07 4.163206272E+01 4.339580937E+01 3.251195409E+01 5.143970959E+01 1.288973533E+00
5.400000000E+07 4.149677987E+01 4.325833537E+01 3.241176041E+01 5.127885094E+01 1.285004700E+00
5.420000000E+07 4.136242480E+01 4.312179001E+01 3.231223218E+01 5.111906963E+01 1.281061183E+00
5.440000000E+07 4.122898780E+01 4.298616369E+01 3.221336260E+01 5.096035458E+01 1.277142744E+00
5.460000000E+07 4.109645929E+01 4.285144690E+01 3.211514498E+01 5.080269488E+01 1.273249146E+00
5.480000000E+07 4.096482983E+01 4.271763033E+01 3.201757268E+01 5.064607975E+01 1.269380158E+00
5.500000000E+07 4.083409012E+01 4.258470475E+01 3.192063921E+01 5.049049859E+01 1.265535551E+00
5.520000000E+07 4.070423098E+01 4.245266108E+01 3.182433811E+01 5.033594091E+01 1.261715099E+00
5.540000000E+07 4.057524338E+01 4.232149035E+01 3.172866305E+01 5.018239640E+01 1.257918578E+00
5.560000000E+07 4.044711836E+01 4.219118372E+01 3.163360775E+01 5.002985484E+01 1.254145767E+00
5.580000000E+07 4.031984715E+01 4.206173248E+01 3.153916607E+01 4.987830621E+01 1.250396450E+00
5.600000000E+07 4.019342105E+01 4.193312802E+01 3.144533188E+01 4.972774057E+01 1.246670410E+00
5.620000000E+07 4.006783150E+01 4.180536185E+01 3.135209920E+01 4.957814816E+01 1.242967436E+00
5.640000000E+07 3.994307007E+01 4.167842562E+01 3.125946207E+01 4.942951931E+01 1.239287317E+00
5.660000000E+07 3.981912841E+01 4.155231105E+01 3.116741467E+01 4.928184452E+01 1.235629846E+00
5.680000000E+07 3.969599830E+01 4.142701000E+01 3.107595120E+01 4.913511437E+01 1.231994819E+00
5.700000000E+07 3.957399336E+01 4.130284894E+01 3.098534884E+01 4.899037510E+01 1.229772413E+00
5.720000000E+07 3.945246416E+01 4.117915301E+01 3.089503799E+01 4.884551315E+01 1.226193358E+00
5.740000000E+07 3.933172248E+01 4.105624678E+01 3.080529419E+01 4.870156830E+01 1.222635895E+00
5.760000000E+07 3.921176054E+01 4.093412251E+01 3.071611195E+01 4.855853164E+01 1.219099829E+00
5.780000000E+07 3.909257066E+01 4.081277259E+01 3.062748587E+01 4.841639436E+01 1.215584963E+00
5.800000000E+07 3.897414523E+01 4.069218949E+01 3.053941061E+01 4.827514780E+01 1.212091106E+00
5.820000000E+07 3.885647680E+01 4.057236580E+01 3.045188091E+01 4.813478339E+01 1.208618069E+00
5.840000000E+07 3.873955798E+01 4.045329417E+01 3.036489156E+01 4.799529267E+01 1.205165665E+00
5.860000000E+07 3.862338148E+01 4.033496741E+01 3.027843746E+01 4.785666732E+01 1.201733708E+00
5.880000000E+07 3.850794009E+01 4.021737834E+01 3.019251351E+01 4.771889907E+01 1.198322016E+00
5.900000000E+07 3.839322674E+01 4.010051993E+01 3.010711472E+01 4.758197981E+01 1.194930409E+00
5.920000000E+07 3.827923441E+01 3.998438523E+01 3.002223616E+01 4.744590150E+01 1.191558710E+00
5.940000000E+07 3.816595619E+01 3.986896738E+01 2.993787296E+01 4.731065624E+01 1.188206743E+00
5.960000000E+07 3.805338524E+01 3.975425958E+01 2.985402029E+01 4.717623617E+01 1.184874334E+00
5.980000000E+07 3.794151484E+01 3.964025515E+01 2.977067340E+01 4.704263359E+01 1.181561313E+00
6.000000000E+07 3.783033832E+01 3.952694750E+01 2.968782761E+01 4.690984086E+01 1.178267509E+00
6.020000000E+07 3.771984913E+01 3.941433008E+01 2.960547829E+01 4.677785046E+01 1.174992758E+00
6.040000000E+07 3.761004078E+01 3.930239646E+01 2.952362084E+01 4.664665493E+01 1.171736892E+00
6.060000000E+07 3.750090685E+01 3.919114028E+01 2.944225076E+01 4.651624695E+01 1.168499751E+00
6.080000000E+07 3.739244103E+01 3.908055525E+01 2.936136358E+01 4.638661924E+01 1.165281172E+00
6.100000000E+07 3.728463710E+01 3.897063519E+01 2.928095489E+01 4.625776465E+01 1.162080997E+00
6.120000000E+07 3.717748886E+01 3.886137395E+01 2.920102035E+01 4.612967611E+01 1.158899069E+00
6.140000000E+07 3.707099024E+01 3.875276548E+01 2.912155563E+01 4.600234662E+01 1.155735234E+00
6.160000000E+07 3.696513524E+01 3.864480383E+01 2.904255651E+01 4.587576929E+01 1.152589337E+00
6.180000000E+07 3.685991791E+01 3.853748309E+01 2.896401879E+01 4.574993730E+01 1.149461227E+00
6.200000000E+07 3.675533239E+01 3.843079741E+01 2.888593832E+01 4.562484390E+01 1.146350756E+00
6.220000000E+07 3.665137289E+01 3.832474106E+01 2.880831100E+01 4.550048245E+01 1.143257774E+00
6.240000000E+07 3.654803370E+01 3.821930834E+01 2.873113279E+01 4.537684639E+01 1.140182137E+00
6.260000000E+07 3.644530915E+01 3.811449362E+01 2.865439970E+01 4.525392920E+01 1.137123700E+00
6.280000000E+07 3.634319368E+01 3.801029138E+01 2.857810777E+01 4.513172449E+01 1.134082319E+00
6.300000000E+07 3.624168179E+01 3.790669612E+01 2.850225310E+01 4.501022591E+01 1.131057855E+00
6.320000000E+07 3.614076801E+01 3.780370242E+01 2.842683185E+01 4.488942721E+01 1.128050167E+00
6.340000000E+07 3.604044697E+01 3.770130494E+01 2.835184019E+01 4.476932219E+01 1.125059118E+00
6.360000000E+07 3.594071336E+01 3.759949838E+01 2.827727437E+01 4.464990475E+01 1.122084572E+00
6.380000000E+07 3.584156193E+01 3.749827753E+01 2.820313067E+01 4.453116885E+01 1.119126394E+00
6.400000000E+07 3.574298749E+01 3.739763722E+01 2.812940541E+01 4.441310852E+01 1.116184450E+00
6.420000000E+07 3.564498493E+01 3.729757235E+01 2.805609496E+01 4.429571786E+01 1.113258609E+00
6.440000000E+07 3.554754916E+01 3.719807788E+01 2.798319574E+01 4.417899105E+01 1.110348741E+00
6.460000000E+07 3.545067521E+01 3.709914883E+01 2.791070418E+01 4.406292232E+01 1.107454716E+00
6.480000000E+07 3.535435811E+01 3.700078028E+01 2.783861680E+01 4.394750599E+01 1.104576408E+00
6.500000000E+07 3.525859299E+01 3.690296735E+01 2.776693011E+01 4.383273642E+01 1.101713690E+00
6.520000000E+07 3.516337502E+01 3.680570526E+01 2.769564071E+01 4.371860807E+01 1.098866437E+00
6.540000000E+07 3.506869942E+01 3.670898924E+01 2.762474519E+01 4.360511542E+01 1.096034527E+00
6.560000000E+07 3.497456148E+01 3.661281459E+01 2.755424021E+01 4.349225305E+01 1.093217837E+00
6.580000000E+07 3.488095655E+01 3.651717668E+01 2.748412247E+01 4.338001560E+01 1.090416246E+00
6.600000000E+07 3.478811669E+01 3.642231700E+01 2.741459680E+01 4.326917443E+01 1.088671169E+00
6.620000000E+07 3.469556531E+01 3.632774020E+01 2.734524490E+01 4.315817522E+01 1.085907460E+00
6.640000000E+07 3.460353325E+01 3.623368651E+01 2.727627052E+01 4.304778511E+01 1.083158345E+00
6.660000000E+07 3.451201608E+01 3.614015151E+01 2.720767050E+01 4.293799899E+01 1.080423708E+00
6.680000000E+07 3.442100939E+01 3.604713079E+01 2.713944170E+01 4.282881177E+01 1.077703433E+00
6.700000000E+07 3.433050884E+01 3.595462003E+01 2.707158105E+01 4.272021844E+01 1.074997406E+00
6.720000000E+07 3.424051013E+01 3.586261495E+01 2.700408548E+01 4.261221405E+01 1.072305513E+00
6.740000000E+07 3.415100902E+01 3.577111132E+01 2.693695198E+01 4.250479369E+01 1.069627643E+00
6.760000000E+07 3.406200131E+01 3.568010494E+01 2.687017756E+01 4.239795252E+01 1.066963685E+00
6.780000000E+07 3.397348285E+01 3.558959169E+01 2.680375927E+01 4.229168576E+01 1.064313529E+00
6.800000000E+07 3.388544953E+01 3.549956746E+01 2.673769418E+01 4.218598865E+01 1.061677068E+00
6.820000000E+07 3.379789728E+01 3.541002820E+01 2.667197940E+01 4.208085652E+01 1.059054194E+00
6.840000000E+07 3.371082212E+01 3.532096993E+01 2.660661208E+01 4.197628473E+01 1.056444802E+00
6.860000000E+07 3.362422005E+01 3.523238867E+01 2.654158939E+01 4.187226870E+01 1.053848786E+00
6.880000000E+07 3.353808718E+01 3.514428051E+01 2.647690855E+01 4.176880390E+01 1.051266044E+00
6.900000000E+07 3.345241960E+01 3.505664159E+01 2.641256677E+01 4.166588584E+01 1.048696473E+00
6.920000000E+07 3.336721349E+01 3.496946807E+01 2.634856135E+01 4.156351010E+01 1.046139971E+00
6.940000000E+07 3.328246505E+01 3.488275618E+01 2.628488956E+01 4.146167228E+01 1.043596440E+00
6.960000000E+07 3.319817053E+01 3.479650215E+01 2.622154872E+01 4.136036806E+01 1.041065779E+00
6.980000000E+07 3.311432623E+01 3.471070230E+01 2.615853621E+01 4.125959313E+01 1.038547891E+00
7.000000000E+07 3.303092846E+01 3.462535295E+01 2.609584939E+01 4.115934327E+01 1.036042678E+00
7.020000000E+07 3.294797360E+01 3.454045049E+01 2.603348569E+01 4.105961426E+01 1.033550046E+00
7.040000000E+07 3.286545808E+01 3.445599133E+01 2.597144254E+01 4.096040197E+01 1.031069900E+00
7.060000000E+07 3.278337831E+01 3.437197192E+01 2.590971740E+01 4.086170227E+01 1.028602144E+00
7.080000000E+07 3.270173081E+01 3.428838876E+01 2.584830778E+01 4.076351112E+01 1.026146688E+00
7.100000000E+07 3.262051210E+01 3.420523837E+01 2.578721118E+01 4.066582448E+01 1.023703439E+00
7.120000000E+07 3.253971872E+01 3.412251733E+01 2.572642516E+01 4.056863837E+01 1.021272306E+00
7.140000000E+07 3.245934730E+01 3.404022223E+01 2.566594728E+01 4.047194887E+01 1.018853200E+00
7.160000000E+07 3.237939446E+01 3.395834972E+01 2.560577515E+01 4.037575208E+01 1.016446031E+00
7.180000000E+07 3.229985688E+01 3.387689648E+01 2.554590638E+01 4.028004415E+01 1.014050712E+00
7.200000000E+07 3.222073126E+01 3.379585921E+01 2.548633863E+01 4.018482127E+01 1.011667156E+00
7.220000000E+07 3.214201436E+01 3.371523466E+01 2.542706957E+01 4.009007966E+01 1.009295277E+00
7.240000000E+07 3.206370294E+01 3.363501962E+01 2.536809690E+01 3.999581559E+01 1.006934988E+00
7.260000000E+07 3.198579382E+01 3.355521088E+01 2.530941832E+01 3.990202537E+01 1.004586207E+00
7.280000000E+07 3.190828385E+01 3.347580531E+01 2.525103161E+01 3.980870534E+01 1.002248848E+00
7.300000000E+07 3.183116990E+01 3.339679978E+01 2.519293451E+01 3.971585190E+01 9.999228311E-01
7.320000000E+07 3.175444889E+01 3.331819121E+01 2.513512481E+01 3.962346145E+01 9.976080726E-01
7.340000000E+07 3.167811776E+01 3.323997653E+01 2.507760034E+01 3.953153045E+01 9.953044920E-01
7.360000000E+07 3.160217349E+01 3.316215274E+01 2.502035893E+01 3.944005541E+01 9.930120090E-01
7.380000000E+07 3.152661308E+01 3.308471683E+01 2.496339843E+01 3.934903285E+01 9.907305442E-01
7.400000000E+07 3.145143358E+01 3.300766584E+01 2.490671673E+01 3.925845934E+01 9.884600190E-01
7.420000000E+07 3.137663205E+01 3.293099684E+01 2.485031173E+01 3.916833147E+01 9.862003554E-01
7.440000000E+07 3.130220559E+01 3.285470693E+01 2.479418135E+01 3.907864589E+01 9.839514764E-01
7.460000000E+07 3.122815134E+01 3.277879325E+01 2.473832354E+01 3.898939927E+01 9.817133057E-01
7.480000000E+07 3.115446646E+01 3.270325294E+01 2.468273626E+01 3.890058831E+01 9.794857674E-01
7.500000000E+07 3.108114811E+01 3.262808319E+01 2.462741749E+01 3.881220975E+01 9.772687868E-01
7.520000000E+07 3.100819355E+01 3.255328124E+01 2.457236524E+01 3.872426035E+01 9.750622896E-01
7.540000000E+07 3.093559999E+01 3.247884430E+01 2.451757754E+01 3.863673693E+01 9.728662023E-01
7.560000000E+07 3.086336473E+01 3.240476966E+01 2.446305244E+01 3.854963631E+01 9.706804521E-01
7.580000000E+07 3.079148505E+01 3.233105462E+01 2.440878799E+01 3.846295536E+01 9.685049668E-01
7.600000000E+07 3.071995829E+01 3.225769650E+01 2.435478228E+01 3.837669099E+01 9.663396751E-01
7.620000000E+07 3.064878180E+01 3.218469265E+01 2.430103341E+01 3.829084012E+01 9.641845061E-01
7.640000000E+07 3.057795298E+01 3.211204046E+01 2.424753952E+01 3.820539971E+01 9.620393896E-01
7.660000000E+07 3.050764403E+01 3.203991911E+01 2.419445247E+01 3.812094061E+01 9.606880117E-01
7.680000000E+07 3.043750360E+01 3.196796333E+01 2.414146368E+01 3.803631488E+01 9.585682274E-01
7.700000000E+07 3.036770313E+01 3.189635151E+01 2.408872433E+01 3.795209064E+01 9.564582003E-01
7.720000000E+07 3.029824008E+01 3.182508109E+01 2.403623260E+01 3.786826495E+01 9.543578622E-01
7.740000000E+07 3.022911198E+01 3.175414960E+01 2.398398671E+01 3.778483494E+01 9.522671451E-01
7.760000000E+07 3.016031637E+01 3.168355458E+01 2.393198490E+01 3.770179773E+01 9.501859821E-01
7.780000000E+07 3.009185078E+01 3.161329355E+01 2.388022539E+01 3.761915048E+01 9.481143066E-01
7.800000000E+07 3.002371283E+01 3.154336413E+01 2.382870647E+01 3.753689039E+01 9.460520529E-01
7.820000000E+07 2.995590010E+01 3.147376390E+01 2.377742641E+01 3.745501467E+01 9.439991557E-01
7.840000000E+07 2.988841023E+01 3.140449048E+01 2.372638351E+01 3.737352057E+01 9.419555506E-01
7.860000000E+07 2.982124089E+01 3.133554154E+01 2.367557608E+01 3.729240537E+01 9.399211737E-01
7.880000000E+07 2.975438973E+01 3.126691474E+01 2.362500245E+01 3.721166636E+01 9.378959615E-01
7.900000000E+07 2.968785446E+01 3.119860778E+01 2.357466097E+01 3.713130085E+01 9.358798514E-01
7.920000000E+07 2.962163281E+01 3.113061837E+01 2.352454999E+01 3.705130620E+01 9.338727814E-01
7.940000000E+07 2.955572251E+01 3.106294425E+01 2.347466790E+01 3.697167980E+01 9.318746900E-01
7.960000000E+07 2.949012134E+01 3.099558318E+01 2.342501309E+01 3.689241902E+01 9.298855163E-01
7.980000000E+07 2.942482707E+01 3.092853295E+01 2.337558397E+01 3.681352131E+01 9.279051999E-01
8.000000000E+07 2.935983753E+01 3.086179136E+01 2.332637896E+01 3.673498410E+01 9.259336813E-01
8.020000000E+07 2.929515053E+01 3.079535622E+01 2.327739649E+01 3.665680488E+01 9.239709012E-01
8.040000000E+07 2.923076394E+01 3.072922540E+01 2.322863502E+01 3.657898114E+01 9.220168011E-01
8.060000000E+07 2.916667562E+01 3.066339674E+01 2.318009302E+01 3.650151039E+01 9.200713230E-01
8.080000000E+07 2.910288345E+01 3.059786814E+01 2.313176896E+01 3.642439018E+01 9.181344095E-01
8.100000000E+07 2.903938536E+01 3.053263750E+01 2.308366135E+01 3.634761809E+01 9.162060037E-01
8.120000000E+07 2.897617927E+01 3.046770275E+01 2.303576869E+01 3.627119169E+01 9.142860492E-01
8.140000000E+07 2.891326314E+01 3.040306182E+01 2.298808950E+01 3.619510861E+01 9.123744903E-01
8.160000000E+07 2.885063493E+01 3.033871269E+01 2.294062233E+01 3.611936647E+01 9.104712716E-01
8.180000000E+07 2.878829263E+01 3.027465334E+01 2.289336572E+01 3.604396293E+01 9.085763386E-01
8.200000000E+07 2.872623426E+01 3.021088176E+01 2.284631823E+01 3.596889567E+01 9.066896368E-01
8.220000000E+07 2.866445782E+01 3.014739598E+01 2.279947845E+01 3.589416238E+01 9.048111126E-01
8.240000000E+07 2.860296138E+01 3.008419403E+01 2.275284496E+01 3.581976079E+01 9.029407128E-01
8.260000000E+07 2.854174300E+01 3.002127397E+01 2.270641637E+01 3.574568865E+01 9.010783847E-01
8.280000000E+07 2.848080075E+01 2.995863388E+01 2.266019130E+01 3.567194370E+01 8.992240761E-01
8.300000000E+07 2.842013275E+01 2.989627185E+01 2.261416837E+01 3.559852374E+01 8.973777351E-01
8.320000000E+07 2.835973709E+01 2.983418598E+01 2.256834621E+01 3.552542657E+01 8.955393106E-01
8.340000000E+07 2.829961191E+01 2.977237440E+01 2.252272349E+01 3.545265001E+01 8.937087517E-01
8.360000000E+07 2.823975538E+01 2.971083526E+01 2.247729888E+01 3.538019190E+01 8.918860081E-01
8.380000000E+07 2.818016565E+01 2.964956672E+01 2.243207104E+01 3.530805010E+01 8.900710299E-01
8.400000000E+07 2.812084090E+01 2.958856695E+01 2.238703866E+01 3.523622250E+01 8.882637676E-01
8.420000000E+07 2.806177935E+01 2.952783415E+01 2.234220046E+01 3.516470700E+01 8.864641723E-01
8.440000000E+07 2.800297921E+01 2.946736653E+01 2.229755514E+01 3.509350152E+01 8.846721955E-01
8.460000000E+07 2.794443872E+01 2.940716232E+01 2.225310143E+01 3.502260398E+01 8.828877889E-01
8.480000000E+07 2.788615611E+01 2.934721976E+01 2.220883805E+01 3.495201237E+01 8.811109049E-01
8.500000000E+07 2.782812966E+01 2.928753709E+01 2.216476376E+01 3.488172463E+01 8.793414961E-01
8.520000000E+07 2.777035766E+01 2.922811261E+01 2.212087733E+01 3.481173878E+01 8.775795158E-01
8.540000000E+07 2.771283839E+01 2.916894460E+01 2.207717751E+01 3.474205283E+01 8.758249173E-01
8.560000000E+07 2.765557018E+01 2.911003137E+01 2.203366308E+01 3.467266479E+01 8.740776547E-01
8.580000000E+07 2.759855135E+01 2.905137122E+01 2.199033284E+01 3.460357271E+01 8.723376822E-01
8.600000000E+07 2.754178023E+01 2.899296250E+01 2.194718558E+01 3.453477467E+01 8.706049546E-01
8.620000000E+07 2.748525519E+01 2.893480357E+01 2.190422013E+01 3.446626873E+01 8.688794268E-01
8.640000000E+07 2.742897461E+01 2.887689277E+01 2.186143530E+01 3.439805301E+01 8.671610545E-01
8.660000000E+07 2.737293686E+01 2.881922850E+01 2.181882993E+01 3.433012561E+01 8.654497934E-01
8.680000000E+07 2.731714035E+01 2.876180914E+01 2.177640285E+01 3.426248465E+01 8.637455997E-01
8.700000000E+07 2.726158349E+01 2.870463310E+01 2.173415292E+01 3.419512831E+01 8.620484300E-01
8.720000000E+07 2.720626471E+01 2.864769879E+01 2.169207901E+01 3.412805471E+01 8.603582412E-01
8.740000000E+07 2.715118247E+01 2.859100467E+01 2.165017998E+01 3.406126207E+01 8.586749906E-01
8.760000000E+07 2.709633520E+01 2.853454916E+01 2.160845472E+01 3.399474856E+01 8.569986359E-01
8.780000000E+07 2.704172138E+01 2.847833073E+01 2.156690212E+01 3.392851240E+01 8.553291350E-01
8.800000000E+07 2.698733950E+01 2.842234788E+01 2.152552109E+01 3.386255181E+01 8.536664461E-01
8.820000000E+07 2.693318805E+01 2.836659907E+01 2.148431053E+01 3.379686504E+01 8.520105281E-01
8.840000000E+07 2.687926554E+01 2.831108280E+01 2.144326936E+01 3.373145034E+01 8.503613399E-01
8.860000000E+07 2.682557050E+01 2.825579760E+01 2.140239652E+01 3.366630599E+01 8.487188408E-01
8.880000000E+07 2.677210146E+01 2.820074199E+01 2.136169094E+01 3.360143026E+01 8.470829904E-01
8.900000000E+07 2.671898635E+01 2.814604906E+01 2.132126537E+01 3.353724630E+01 8.460445538E-01
8.920000000E+07 2.666596551E+01 2.809144883E+01 2.128089164E+01 3.347290452E+01 8.444255188E-01
8.940000000E+07 2.661316633E+01 2.803707383E+01 2.124068204E+01 3.340882630E+01 8.428129614E-01
8.960000000E+07 2.656058743E+01 2.798292265E+01 2.120063554E+01 3.334500998E+01 8.412068421E-01
8.980000000E+07 2.650822738E+01 2.792899389E+01 2.116075112E+01 3.328145392E+01 8.396071215E-01
9.000000000E+07 2.645608480E+01 2.787528612E+01 2.112102778E+01 3.321815648E+01 8.380137607E-01
9.020000000E+07 2.640415831E+01 2.782179798E+01 2.108146451E+01 3.315511607E+01 8.364267211E-01
9.040000000E+07 2.635244655E+01 2.776852809E+01 2.104206033E+01 3.309233107E+01 8.348459644E-01
9.060000000E+07 2.630094816E+01 2.771547507E+01 2.100281426E+01 3.302979990E+01 8.332714527E-01
9.080000000E+07 2.624966179E+01 2.766263759E+01 2.096372531E+01 3.296752098E+01 8.317031482E-01
9.100000000E+07 2.619858611E+01 2.761001429E+01 2.092479251E+01 3.290549276E+01 8.301410137E-01
9.120000000E+07 2.614771982E+01 2.755760386E+01 2.088601492E+01 3.284371368E+01 8.285850120E-01
9.140000000E+07 2.609706157E+01 2.750540495E+01 2.084739157E+01 3.278218221E+01 8.270351066E-01
9.160000000E+07 2.604661010E+01 2.745341629E+01 2.080892154E+01 3.272089683E+01 8.254912609E-01
9.180000000E+07 2.599636410E+01 2.740163656E+01 2.077060387E+01 3.265985603E+01 8.239534389E-01
9.200000000E+07 2.594632230E+01 2.735006448E+01 2.073243765E+01 3.259905831E+01 8.224216048E-01
9.220000000E+07 2.589648343E+01 2.729869877E+01 2.069442194E+01 3.253850219E+01 8.208957231E-01
9.240000000E+07 2.584684624E+01 2.724753817E+01 2.065655585E+01 3.247818619E+01 8.193757586E-01
9.260000000E+07 2.579740947E+01 2.719658143E+01 2.061883846E+01 3.241810885E+01 8.178616764E-01
9.280000000E+07 2.574817190E+01 2.714582729E+01 2.058126888E+01 3.235826873E+01 8.163534419E-01
9.300000000E+07 2.569913231E+01 2.709527454E+01 2.054384623E+01 3.229866439E+01 8.148510208E-01
9.320000000E+07 2.565028947E+01 2.704492193E+01 2.050656960E+01 3.223929441E+01 8.133543792E-01
9.340000000E+07 2.560164218E+01 2.699476827E+01 2.046943813E+01 3.218015736E+01 8.118634833E-01
9.360000000E+07 2.555318924E+01 2.694481233E+01 2.043245094E+01 3.212125184E+01 8.103782996E-01
9.380000000E+07 2.550492948E+01 2.689505295E+01 2.039560719E+01 3.206257648E+01 8.088987952E-01
9.400000000E+07 2.545686171E+01 2.684548892E+01 2.035890601E+01 3.200412989E+01 8.074249370E-01
9.420000000E+07 2.540898477E+01 2.679611907E+01 2.032234655E+01 3.194591069E+01 8.059566925E-01
9.440000000E+07 2.536129751E+01 2.674694224E+01 2.028592798E+01 3.188791754E+01 8.044940293E-01
9.460000000E+07 2.531379877E+01 2.669795727E+01 2.024964945E+01 3.183014909E+01 8.030369156E-01
9.480000000E+07 2.526648742E+01 2.664916302E+01 2.021351014E+01 3.177260399E+01 8.015853194E-01
9.500000000E+07 2.521936234E+01 2.660055834E+01 2.017750924E+01 3.171528093E+01 8.001392093E-01
9.520000000E+07 2.517242239E+01 2.655214211E+01 2.014164591E+01 3.165817860E+01 7.986985540E-01
9.540000000E+07 2.512566647E+01 2.650391322E+01 2.010591937E+01 3.160129568E+01 7.972633226E-01
9.560000000E+07 2.507909350E+01 2.645587055E+01 2.007032880E+01 3.154463090E+01 7.958334843E-01
9.580000000E+07 2.503270235E+01 2.640801299E+01 2.003487340E+01 3.148818295E+01 7.944090087E-01
9.600000000E+07 2.498649196E+01 2.636033947E+01 1.999955241E+01 3.143195057E+01 7.929898655E-01
9.620000000E+07 2.494046125E+01 2.631284888E+01 1.996436501E+01 3.137593250E+01 7.915760248E-01
9.640000000E+07 2.489460916E+01 2.626554017E+01 1.992931045E+01 3.132012748E+01 7.901674568E-01
9.660000000E+07 2.484893461E+01 2.621841225E+01 1.989438794E+01 3.126453428E+01 7.887641320E-01
9.680000000E+07 2.480343658E+01 2.617146408E+01 1.985959673E+01 3.120915165E+01 7.873660211E-01
9.700000000E+07 2.475811401E+01 2.612469461E+01 1.982493605E+01 3.115397838E+01 7.859730952E-01
9.720000000E+07 2.471296588E+01 2.607810278E+01 1.979040516E+01 3.109901325E+01 7.845853253E-01
9.740000000E+07 2.466799115E+01 2.603168758E+01 1.975600331E+01 3.104425505E+01 7.832026830E-01
9.760000000E+07 2.462318882E+01 2.598544797E+01 1.972172975E+01 3.098970260E+01 7.818251399E-01
9.780000000E+07 2.457855787E+01 2.593938293E+01 1.968758375E+01 3.093535470E+01 7.804526678E-01
9.800000000E+07 2.453409730E+01 2.589349146E+01 1.965356458E+01 3.088121019E+01 7.790852389E-01
9.820000000E+07 2.448980612E+01 2.584777255E+01 1.961967151E+01 3.082726788E+01 7.777228253E-01
9.840000000E+07 2.444568334E+01 2.580222522E+01 1.958590384E+01 3.077352663E+01 7.763653996E-01
9.860000000E+07 2.440172800E+01 2.575684847E+01 1.955226084E+01 3.071998528E+01 7.750129346E-01
9.880000000E+07 2.435793912E+01 2.571164133E+01 1.951874180E+01 3.066664270E+01 7.736654031E-01
9.900000000E+07 2.431431572E+01 2.566660282E+01 1.948534603E+01 3.061349774E+01 7.723227782E-01
9.920000000E+07 2.427085688E+01 2.562173199E+01 1.945207283E+01 3.056054930E+01 7.709850334E-01
9.940000000E+07 2.422756162E+01 2.557702787E+01 1.941892151E+01 3.050779625E+01 7.696521420E-01
9.960000000E+07 2.418442902E+01 2.553248952E+01 1.938589137E+01 3.045523749E+01 7.683240777E-01
9.980000000E+07 2.414145815E+01 2.548811600E+01 1.935298175E+01 3.040287192E+01 7.670008146E-01
1.000000000E+08 2.409864806E+01 2.544390636E+01 1.932019195E+01 3.035069846E+01 7.656823267E-01
