1.100000000E+05 2.704353323E+04 1.865303777E+04 7.614312601E+03 4.115771323E+03 0.000000000E+00
1.200000000E+05 2.515461329E+04 1.773595604E+04 7.365291630E+03 4.380430271E+03 0.000000000E+00
1.300000000E+05 2.330675949E+04 1.676139910E+04 7.070606120E+03 4.490082335E+03 0.000000000E+00
1.400000000E+05 2.163294038E+04 1.585313542E+04 6.806081987E+03 4.626313102E+03 0.000000000E+00
1.500000000E+05 2.006168645E+04 1.495078729E+04 6.524770702E+03 4.674015939E+03 0.000000000E+00
1.600000000E+05 1.863017070E+04 1.409873540E+04 6.254233791E+03 4.702449119E+03 0.000000000E+00
1.700000000E+05 1.733021241E+04 1.329961867E+04 5.994839043E+03 4.714376331E+03 0.000000000E+00
1.800000000E+05 1.615141223E+04 1.255366167E+04 5.746788097E+03 4.712091602E+03 0.000000000E+00
1.900000000E+05 1.508288258E+04 1.185967083E+04 5.510198764E+03 4.697578189E+03 0.000000000E+00
2.000000000E+05 1.411388893E+04 1.121546682E+04 5.285054179E+03 4.672584706E+03 0.000000000E+00
3.000000000E+05 8.061983086E+03 6.856623452E+03 3.587788212E+03 4.093650446E+03 0.000000000E+00
4.000000000E+05 5.342622182E+03 4.698059456E+03 2.614261880E+03 3.429985364E+03 0.000000000E+00
5.000000000E+05 3.902641541E+03 3.498217450E+03 2.025516002E+03 2.887234003E+03 0.000000000E+00
6.000000000E+05 3.044059818E+03 2.762223732E+03 1.644446910E+03 2.471225248E+03 0.000000000E+00
7.000000000E+05 2.484538642E+03 2.273551202E+03 1.381357676E+03 2.148419943E+03 0.000000000E+00
8.000000000E+05 2.097238801E+03 1.931150486E+03 1.191989253E+03 1.898999592E+03 0.000000000E+00
9.000000000E+05 1.814713816E+03 1.679106741E+03 1.049464446E+03 1.699939201E+03 0.000000000E+00
1.000000000E+06 1.600794398E+03 1.487027810E+03 9.389888018E+02 1.539193029E+03 0.000000000E+00
1.200000000E+06 1.299491330E+03 1.214664825E+03 7.792716921E+02 1.296240925E+03 8.097939922E-01
1.400000000E+06 1.098393864E+03 1.031746344E+03 6.698657329E+02 1.123122594E+03 2.425748917E+00
1.600000000E+06 9.547069858E+02 9.004835835E+02 5.901717198E+02 9.936281840E+02 3.669574714E+00
1.800000000E+06 8.468116271E+02 8.015956874E+02 5.294204650E+02 8.931041085E+02 4.615500382E+00
2.000000000E+06 7.624365817E+02 7.240303072E+02 4.812526514E+02 8.119755060E+02 4.713345858E+00
2.200000000E+06 6.949635265E+02 6.618912089E+02 4.424109944E+02 7.464278437E+02 5.404461986E+00
2.400000000E+06 6.392994179E+02 6.104982772E+02 4.100193523E+02 6.910801090E+02 5.440375687E+00
2.600000000E+06 5.928718249E+02 5.675738493E+02 3.828448754E+02 6.447898690E+02 5.924123015E+00
2.800000000E+06 5.531976179E+02 5.308092701E+02 3.594119527E+02 6.044854399E+02 5.912321082E+00
3.000000000E+06 5.191291625E+02 4.992010551E+02 3.391996735E+02 5.699027897E+02 6.238413003E+00
3.200000000E+06 4.892933726E+02 4.714610762E+02 3.213596603E+02 5.391400675E+02 6.194512523E+00
3.400000000E+06 4.631206403E+02 4.470990555E+02 3.056513181E+02 5.122131509E+02 6.403767905E+00
3.600000000E+06 4.397869497E+02 4.253369366E+02 2.915511308E+02 4.878908781E+02 6.339911421E+00
3.800000000E+06 4.189073374E+02 4.058343274E+02 2.788725017E+02 4.660217589E+02 6.264959428E+00
4.000000000E+06 4.001802910E+02 3.883248391E+02 2.674694556E+02 4.464928672E+02 6.388001080E+00
4.200000000E+06 3.831484527E+02 3.723709848E+02 2.570362488E+02 4.285197883E+02 6.305478550E+00
4.400000000E+06 3.676385366E+02 3.578226970E+02 2.474962426E+02 4.120953661E+02 6.217705179E+00
4.600000000E+06 3.535055909E+02 3.445538599E+02 2.387837413E+02 3.972041720E+02 6.281600259E+00
4.800000000E+06 3.404712614E+02 3.322956663E+02 2.307059239E+02 3.833239345E+02 6.192605820E+00
5.000000000E+06 3.284494289E+02 3.209753281E+02 2.232289840E+02 3.704868251E+02 6.101431749E+00
5.200000000E+06 3.173630324E+02 3.105267866E+02 2.163203269E+02 3.587053587E+02 6.124276900E+00
5.400000000E+06 3.070338243E+02 3.007768318E+02 2.098536579E+02 3.476268441E+02 6.035312617E+00
5.600000000E+06 2.974143996E+02 2.916862198E+02 2.038123624E+02 3.372863678E+02 5.945807930E+00
5.800000000E+06 2.884316160E+02 2.831875715E+02 1.981537956E+02 3.276098578E+02 5.856275486E+00
6.000000000E+06 2.800516787E+02 2.752531498E+02 1.928666978E+02 3.186280302E+02 5.854079250E+00
6.200000000E+06 2.721621801E+02 2.677726419E+02 1.878686935E+02 3.100997843E+02 5.768612724E+00
6.400000000E+06 2.647427688E+02 2.607304268E+02 1.831556981E+02 3.020651045E+02 5.683793394E+00
6.600000000E+06 2.577512778E+02 2.540875502E+02 1.787028527E+02 2.944807405E+02 5.599853696E+00
6.800000000E+06 2.511505307E+02 2.478096442E+02 1.744881847E+02 2.873084635E+02 5.516976947E+00
7.000000000E+06 2.449294981E+02 2.418889802E+02 1.705113275E+02 2.805851313E+02 5.501687706E+00
7.200000000E+06 2.390160928E+02 2.362540120E+02 1.667174642E+02 2.741420665E+02 5.423397257E+00
7.400000000E+06 2.334050214E+02 2.309021549E+02 1.631092335E+02 2.680194101E+02 5.346311104E+00
7.600000000E+06 2.280729391E+02 2.258117674E+02 1.596727052E+02 2.621929379E+02 5.270505165E+00
7.800000000E+06 2.229988884E+02 2.209634081E+02 1.563953456E+02 2.566408632E+02 5.196036397E+00
8.000000000E+06 2.181639982E+02 2.163395586E+02 1.532658442E+02 2.513435321E+02 5.122946253E+00
8.200000000E+06 2.135676064E+02 2.119413986E+02 1.502883016E+02 2.463362856E+02 5.102234102E+00
8.400000000E+06 2.091620936E+02 2.077211593E+02 1.474252635E+02 2.414986716E+02 5.033379211E+00
8.600000000E+06 2.049491710E+02 2.036821321E+02 1.446820332E+02 2.368669467E+02 4.965834528E+00
8.800000000E+06 2.009160915E+02 1.998124520E+02 1.420509072E+02 2.324277474E+02 4.899607129E+00
9.000000000E+06 1.970512289E+02 1.961012901E+02 1.395248456E+02 2.281688686E+02 4.834698007E+00
9.200000000E+06 1.933439556E+02 1.925387415E+02 1.370974012E+02 2.240791385E+02 4.771103131E+00
9.400000000E+06 1.897963720E+02 1.891280193E+02 1.347730211E+02 2.201867418E+02 4.746880302E+00
9.600000000E+06 1.863762893E+02 1.858366354E+02 1.325259050E+02 2.164067842E+02 4.686973907E+00
9.800000000E+06 1.830868439E+02 1.826687068E+02 1.303609791E+02 2.127674290E+02 4.628212558E+00
1.000000000E+07 1.799204813E+02 1.796171762E+02 1.282736307E+02 2.092607279E+02 4.570636729E+00
1.020000000E+07 1.768702151E+02 1.766755116E+02 1.262595832E+02 2.058792900E+02 4.514229965E+00
1.040000000E+07 1.739295873E+02 1.738376711E+02 1.243148764E+02 2.026162757E+02 4.458974454E+00
1.060000000E+07 1.710926181E+02 1.710980570E+02 1.224358375E+02 1.994653456E+02 4.404851297E+00
1.080000000E+07 1.683537624E+02 1.684514754E+02 1.206190548E+02 1.964206145E+02 4.351840746E+00
1.100000000E+07 1.657167413E+02 1.659023151E+02 1.188691294E+02 1.935054741E+02 4.329190491E+00
1.120000000E+07 1.631592715E+02 1.634279124E+02 1.171677762E+02 1.906579327E+02 4.279046850E+00
1.140000000E+07 1.606854879E+02 1.610330101E+02 1.155197686E+02 1.879011895E+02 4.229903732E+00
1.160000000E+07 1.582912305E+02 1.587137026E+02 1.139225313E+02 1.852308114E+02 4.181740468E+00
1.180000000E+07 1.559726155E+02 1.564663414E+02 1.123736560E+02 1.826426557E+02 4.134536447E+00
1.200000000E+07 1.537260119E+02 1.542875135E+02 1.108708882E+02 1.801328461E+02 4.088271176E+00
1.220000000E+07 1.515480214E+02 1.521740231E+02 1.094121146E+02 1.776977518E+02 4.042924327E+00
1.240000000E+07 1.494354597E+02 1.501228739E+02 1.079953523E+02 1.753339675E+02 3.998475774E+00
1.260000000E+07 1.473853398E+02 1.481312537E+02 1.066187386E+02 1.730382961E+02 3.954905620E+00
1.280000000E+07 1.454014378E+02 1.462033577E+02 1.052862925E+02 1.708291762E+02 3.934502586E+00
1.300000000E+07 1.434681139E+02 1.443231916E+02 1.039849645E+02 1.686614236E+02 3.893118601E+00
1.320000000E+07 1.415892940E+02 1.424950719E+02 1.027188180E+02 1.665532422E+02 3.852524022E+00
1.340000000E+07 1.397626412E+02 1.407167938E+02 1.014863878E+02 1.645021221E+02 3.812700400E+00
1.360000000E+07 1.379859525E+02 1.389862777E+02 1.002862908E+02 1.625056958E+02 3.773629736E+00
1.380000000E+07 1.362571492E+02 1.373015604E+02 9.911722027E+01 1.605617276E+02 3.735294481E+00
1.400000000E+07 1.345742680E+02 1.356607870E+02 9.797794063E+01 1.586681046E+02 3.697677516E+00
1.420000000E+07 1.329354534E+02 1.340622031E+02 9.686728253E+01 1.568228284E+02 3.660762149E+00
1.440000000E+07 1.313389500E+02 1.325041485E+02 9.578413844E+01 1.550240070E+02 3.624532098E+00
1.460000000E+07 1.297830960E+02 1.309850505E+02 9.472745850E+01 1.532698480E+02 3.588971483E+00
1.480000000E+07 1.282711489E+02 1.295084396E+02 9.370048593E+01 1.515744142E+02 3.570902331E+00
1.500000000E+07 1.267920567E+02 1.280629690E+02 9.269389042E+01 1.499049184E+02 3.536981172E+00
1.520000000E+07 1.253491212E+02 1.266521988E+02 9.171091241E+01 1.482752151E+02 3.503664772E+00
1.540000000E+07 1.239409967E+02 1.252748534E+02 9.075069800E+01 1.466838488E+02 3.470938811E+00
1.560000000E+07 1.225664049E+02 1.239297201E+02 8.981243486E+01 1.451294358E+02 3.438789406E+00
1.580000000E+07 1.212241300E+02 1.226156453E+02 8.889534972E+01 1.436106595E+02 3.407203093E+00
1.600000000E+07 1.199130154E+02 1.213315309E+02 8.799870602E+01 1.421262665E+02 3.376166809E+00
1.620000000E+07 1.186319598E+02 1.200763307E+02 8.712180174E+01 1.406750625E+02 3.345667876E+00
1.640000000E+07 1.173799139E+02 1.188490479E+02 8.626396732E+01 1.392559093E+02 3.315693982E+00
1.660000000E+07 1.161558776E+02 1.176487316E+02 8.542456381E+01 1.378677209E+02 3.286233167E+00
1.680000000E+07 1.149588967E+02 1.164744744E+02 8.460298112E+01 1.365094610E+02 3.257273809E+00
1.700000000E+07 1.137880607E+02 1.153254100E+02 8.379863636E+01 1.351801398E+02 3.228804608E+00
1.720000000E+07 1.126460786E+02 1.142044297E+02 8.301411303E+01 1.338904976E+02 3.213614375E+00
1.740000000E+07 1.115250303E+02 1.131033751E+02 8.224265685E+01 1.326164836E+02 3.186333414E+00
1.760000000E+07 1.104276277E+02 1.120251330E+02 8.148683457E+01 1.313686790E+02 3.159498476E+00
1.780000000E+07 1.093531110E+02 1.109689793E+02 8.074615788E+01 1.301462561E+02 3.133099427E+00
1.800000000E+07 1.083007531E+02 1.099342209E+02 8.002015904E+01 1.289484221E+02 3.107126451E+00
1.820000000E+07 1.072698577E+02 1.089201937E+02 7.930838977E+01 1.277744177E+02 3.081570030E+00
1.840000000E+07 1.062597581E+02 1.079262615E+02 7.861042027E+01 1.266235152E+02 3.056420938E+00
1.860000000E+07 1.052698151E+02 1.069518141E+02 7.792583823E+01 1.254950166E+02 3.031670225E+00
1.880000000E+07 1.042994159E+02 1.059962663E+02 7.725424795E+01 1.243882526E+02 3.007309203E+00
1.900000000E+07 1.033479727E+02 1.050590567E+02 7.659526952E+01 1.233025806E+02 2.983329438E+00
1.920000000E+07 1.024149212E+02 1.041396460E+02 7.594853798E+01 1.222373837E+02 2.959722737E+00
1.940000000E+07 1.014997198E+02 1.032375164E+02 7.531370264E+01 1.211920691E+02 2.936481137E+00
1.960000000E+07 1.006018482E+02 1.023521703E+02 7.469042630E+01 1.201660674E+02 2.913596896E+00
1.980000000E+07 9.972080631E+01 1.014831293E+02 7.407838470E+01 1.191588308E+02 2.891062483E+00
2.000000000E+07 9.885876644E+01 1.006326907E+02 7.347959494E+01 1.181785039E+02 2.878606837E+00
2.020000000E+07 9.801000408E+01 9.979494277E+01 7.288913693E+01 1.172073817E+02 2.856916348E+00
2.040000000E+07 9.717668128E+01 9.897216881E+01 7.230900995E+01 1.162534954E+02 2.835546784E+00
2.060000000E+07 9.635836992E+01 9.816395864E+01 7.173893537E+01 1.153163749E+02 2.814491362E+00
2.080000000E+07 9.555465783E+01 9.736991722E+01 7.117864476E+01 1.143955677E+02 2.793743502E+00
2.100000000E+07 9.476514794E+01 9.658966388E+01 7.062787931E+01 1.134906377E+02 2.773296814E+00
2.120000000E+07 9.398945772E+01 9.582283171E+01 7.008638946E+01 1.126011643E+02 2.753145097E+00
2.140000000E+07 9.322721841E+01 9.506906692E+01 6.955393445E+01 1.117267422E+02 2.733282325E+00
2.160000000E+07 9.247807444E+01 9.432802828E+01 6.903028199E+01 1.108669803E+02 2.713702643E+00
2.180000000E+07 9.174168286E+01 9.359938653E+01 6.851520781E+01 1.100215010E+02 2.694400358E+00
2.200000000E+07 9.101771275E+01 9.288282385E+01 6.800849538E+01 1.091899401E+02 2.675369934E+00
2.220000000E+07 9.030584469E+01 9.217803338E+01 6.750993550E+01 1.083719458E+02 2.656605986E+00
2.240000000E+07 8.960577029E+01 9.148471875E+01 6.701932607E+01 1.075671782E+02 2.638103270E+00
2.260000000E+07 8.891719167E+01 9.080259363E+01 6.653647173E+01 1.067753090E+02 2.619856681E+00
2.280000000E+07 8.823982107E+01 9.013138127E+01 6.606118359E+01 1.059960207E+02 2.601861249E+00
2.300000000E+07 8.757338033E+01 8.947081412E+01 6.559327896E+01 1.052290064E+02 2.584112128E+00
2.320000000E+07 8.691955933E+01 8.882266942E+01 6.513430131E+01 1.044803765E+02 2.573975732E+00
2.340000000E+07 8.627420892E+01 8.818265451E+01 6.468066422E+01 1.037371233E+02 2.556820628E+00
2.360000000E+07 8.563900668E+01 8.755253230E+01 6.423389617E+01 1.030052779E+02 2.539893403E+00
2.380000000E+07 8.501370922E+01 8.693206838E+01 6.379383685E+01 1.022845714E+02 2.523189610E+00
2.400000000E+07 8.439808101E+01 8.632103584E+01 6.336033100E+01 1.015747433E+02 2.506704968E+00
2.420000000E+07 8.379189402E+01 8.571921492E+01 6.293322821E+01 1.008755413E+02 2.490435311E+00
2.440000000E+07 8.319492745E+01 8.512639278E+01 6.251238273E+01 1.001867211E+02 2.474376584E+00
2.460000000E+07 8.260696741E+01 8.454236316E+01 6.209765329E+01 9.950804595E+01 2.458524841E+00
2.480000000E+07 8.202780667E+01 8.396692619E+01 6.168890291E+01 9.883928625E+01 2.442876239E+00
2.500000000E+07 8.145724439E+01 8.339988807E+01 6.128599876E+01 9.818021952E+01 2.427427037E+00
2.520000000E+07 8.089508589E+01 8.284106092E+01 6.088881199E+01 9.753062996E+01 2.412173585E+00
2.540000000E+07 8.034114239E+01 8.229026249E+01 6.049721759E+01 9.689030826E+01 2.397112331E+00
2.560000000E+07 7.979523081E+01 8.174731599E+01 6.011109422E+01 9.625905134E+01 2.382239808E+00
2.580000000E+07 7.925717353E+01 8.121204984E+01 5.973032411E+01 9.563666212E+01 2.367552637E+00
2.600000000E+07 7.872679820E+01 8.068429754E+01 5.935479290E+01 9.502294927E+01 2.353047519E+00
2.620000000E+07 7.820393755E+01 8.016389741E+01 5.898438954E+01 9.441772706E+01 2.338721236E+00
2.640000000E+07 7.768842921E+01 7.965069247E+01 5.861900613E+01 9.382081508E+01 2.324570647E+00
2.660000000E+07 7.718011548E+01 7.914453023E+01 5.825853785E+01 9.323203810E+01 2.310592684E+00
2.680000000E+07 7.667884321E+01 7.864526257E+01 5.790288284E+01 9.265122587E+01 2.296784351E+00
2.700000000E+07 7.618591793E+01 7.815425728E+01 5.755321961E+01 9.208297346E+01 2.288754246E+00
2.720000000E+07 7.569830455E+01 7.766836978E+01 5.720691273E+01 9.151765861E+01 2.275355266E+00
2.740000000E+07 7.521729810E+01 7.718895626E+01 5.686512956E+01 9.095982348E+01 2.262114448E+00
2.760000000E+07 7.474276199E+01 7.671588447E+01 5.652777904E+01 9.040931600E+01 2.249029031E+00
2.780000000E+07 7.427456344E+01 7.624902581E+01 5.619477257E+01 8.986598826E+01 2.236096332E+00
2.800000000E+07 7.381257333E+01 7.578825518E+01 5.586602395E+01 8.932969641E+01 2.223313736E+00
2.820000000E+07 7.335666606E+01 7.533345087E+01 5.554144929E+01 8.880030045E+01 2.210678692E+00
2.840000000E+07 7.290671944E+01 7.488449445E+01 5.522096693E+01 8.827766417E+01 2.198188709E+00
2.860000000E+07 7.246261459E+01 7.444127065E+01 5.490449737E+01 8.776165496E+01 2.185841357E+00
2.880000000E+07 7.202423579E+01 7.400366727E+01 5.459196319E+01 8.725214373E+01 2.173634261E+00
2.900000000E+07 7.159147041E+01 7.357157503E+01 5.428328899E+01 8.674900477E+01 2.161565104E+00
2.920000000E+07 7.116420880E+01 7.314488756E+01 5.397840131E+01 8.625211567E+01 2.149631622E+00
2.940000000E+07 7.074234415E+01 7.272350120E+01 5.367722859E+01 8.576135717E+01 2.137831602E+00
2.960000000E+07 7.032577248E+01 7.230731501E+01 5.337970108E+01 8.527661308E+01 2.126162882E+00
2.980000000E+07 6.991439247E+01 7.189623061E+01 5.308575082E+01 8.479777018E+01 2.114623347E+00
3.000000000E+07 6.950810538E+01 7.149015212E+01 5.279531152E+01 8.432471813E+01 2.103210931E+00
3.020000000E+07 6.910681506E+01 7.108898613E+01 5.250831861E+01 8.385734938E+01 2.091923612E+00
3.040000000E+07 6.871042771E+01 7.069264149E+01 5.222470905E+01 8.339555902E+01 2.080759411E+00
3.060000000E+07 6.831885196E+01 7.030102942E+01 5.194442141E+01 8.293924482E+01 2.069716392E+00
3.080000000E+07 6.793199872E+01 6.991406329E+01 5.166739576E+01 8.248830703E+01 2.058792662E+00
3.100000000E+07 6.754978106E+01 6.953165860E+01 5.139357359E+01 8.204264837E+01 2.047986365E+00
3.120000000E+07 6.717211425E+01 6.915373295E+01 5.112289786E+01 8.160217391E+01 2.037295685E+00
3.140000000E+07 6.679999406E+01 6.878132701E+01 5.085626045E+01 8.117032342E+01 2.030983633E+00
3.160000000E+07 6.643119449E+01 6.841213209E+01 5.059172198E+01 8.073997984E+01 2.020572638E+00
3.180000000E+07 6.606670334E+01 6.804718030E+01 5.033016644E+01 8.031454791E+01 2.010270244E+00
3.200000000E+07 6.570644382E+01 6.768639688E+01 5.007154201E+01 7.989394150E+01 2.000074760E+00
3.220000000E+07 6.535034093E+01 6.732970880E+01 4.981579808E+01 7.947807650E+01 1.989984540E+00
3.240000000E+07 6.499832150E+01 6.697704483E+01 4.956288522E+01 7.906687079E+01 1.979997975E+00
3.260000000E+07 6.465031407E+01 6.662833534E+01 4.931275513E+01 7.866024416E+01 1.970113491E+00
3.280000000E+07 6.430624889E+01 6.628351237E+01 4.906536067E+01 7.825811829E+01 1.960329545E+00
3.300000000E+07 6.396605777E+01 6.594250949E+01 4.882065571E+01 7.786041662E+01 1.950644630E+00
3.320000000E+07 6.362967416E+01 6.560526183E+01 4.857859522E+01 7.746706439E+01 1.941057271E+00
3.340000000E+07 6.329703303E+01 6.527170598E+01 4.833913518E+01 7.707798850E+01 1.931566024E+00
3.360000000E+07 6.296807085E+01 6.494178000E+01 4.810223254E+01 7.669311754E+01 1.922169472E+00
3.380000000E+07 6.264272552E+01 6.461542333E+01 4.786784523E+01 7.631238171E+01 1.912866233E+00
3.400000000E+07 6.232093634E+01 6.429257676E+01 4.763593210E+01 7.593571274E+01 1.903654947E+00
3.420000000E+07 6.200264404E+01 6.397318244E+01 4.740645294E+01 7.556304392E+01 1.894534287E+00
3.440000000E+07 6.168779058E+01 6.365718374E+01 4.717936837E+01 7.519430998E+01 1.885502949E+00
3.460000000E+07 6.137631929E+01 6.334452535E+01 4.695463992E+01 7.482944712E+01 1.876559658E+00
3.480000000E+07 6.106817472E+01 6.303515312E+01 4.673222992E+01 7.446839289E+01 1.867703161E+00
3.500000000E+07 6.076330265E+01 6.272901411E+01 4.651210153E+01 7.411108625E+01 1.858932231E+00
3.520000000E+07 6.046165005E+01 6.242605654E+01 4.629421870E+01 7.375746744E+01 1.850245665E+00
3.540000000E+07 6.016316503E+01 6.212622970E+01 4.607854615E+01 7.340747799E+01 1.841642284E+00
3.560000000E+07 5.986779682E+01 6.182948400E+01 4.586504933E+01 7.306106070E+01 1.833120929E+00
3.580000000E+07 5.957549578E+01 6.153577091E+01 4.565369444E+01 7.271815957E+01 1.824680463E+00
3.600000000E+07 5.928621329E+01 6.124504292E+01 4.544444838E+01 7.237871980E+01 1.816319773E+00
3.620000000E+07 5.899990178E+01 6.095725352E+01 4.523727874E+01 7.204268770E+01 1.808037764E+00
3.640000000E+07 5.871730998E+01 6.067318398E+01 4.503285273E+01 7.171261700E+01 1.803051371E+00
3.660000000E+07 5.843680922E+01 6.039114391E+01 4.482974799E+01 7.138326847E+01 1.794960657E+00
3.680000000E+07 5.815914244E+01 6.011190844E+01 4.462862622E+01 7.105717254E+01 1.786944372E+00
3.700000000E+07 5.788426594E+01 5.983543479E+01 4.442945758E+01 7.073427983E+01 1.779001476E+00
3.720000000E+07 5.761213692E+01 5.956168109E+01 4.423221287E+01 7.041454200E+01 1.771130963E+00
3.740000000E+07 5.734271348E+01 5.929060632E+01 4.403686345E+01 7.009791170E+01 1.763331848E+00
3.760000000E+07 5.707595454E+01 5.902217028E+01 4.384338127E+01 6.978434251E+01 1.755603167E+00
3.780000000E+07 5.681181989E+01 5.875633358E+01 4.365173883E+01 6.947378897E+01 1.747943971E+00
3.800000000E+07 5.655027013E+01 5.849305765E+01 4.346190920E+01 6.916620653E+01 1.740353333E+00
3.820000000E+07 5.629126663E+01 5.823230465E+01 4.327386594E+01 6.886155152E+01 1.732830340E+00
3.840000000E+07 5.603477158E+01 5.797403754E+01 4.308758319E+01 6.855978114E+01 1.725374099E+00
3.860000000E+07 5.578074789E+01 5.771821998E+01 4.290303555E+01 6.826085342E+01 1.717983732E+00
3.880000000E+07 5.552915921E+01 5.746481634E+01 4.272019811E+01 6.796472724E+01 1.710658378E+00
3.900000000E+07 5.527996992E+01 5.721379170E+01 4.253904648E+01 6.767136224E+01 1.703397193E+00
3.920000000E+07 5.503314509E+01 5.696511184E+01 4.235955671E+01 6.738071890E+01 1.696199345E+00
3.940000000E+07 5.478865048E+01 5.671874316E+01 4.218170533E+01 6.709275842E+01 1.689064021E+00
3.960000000E+07 5.454645252E+01 5.647465274E+01 4.200546929E+01 6.680744277E+01 1.681990420E+00
3.980000000E+07 5.430651825E+01 5.623280828E+01 4.183082599E+01 6.652473461E+01 1.674977758E+00
4.000000000E+07 5.406881543E+01 5.599317811E+01 4.165775329E+01 6.624459737E+01 1.668025261E+00
4.020000000E+07 5.383331234E+01 5.575573114E+01 4.148622941E+01 6.596699512E+01 1.661132172E+00
4.040000000E+07 5.359997792E+01 5.552043688E+01 4.131623301E+01 6.569189263E+01 1.654297746E+00
4.060000000E+07 5.336878170E+01 5.528726541E+01 4.114774315E+01 6.541925533E+01 1.647521251E+00
4.080000000E+07 5.313969377E+01 5.505618737E+01 4.098073926E+01 6.514904928E+01 1.640801967E+00
4.100000000E+07 5.291268478E+01 5.482717395E+01 4.081520115E+01 6.488124120E+01 1.634139186E+00
4.120000000E+07 5.268772594E+01 5.460019688E+01 4.065110903E+01 6.461579839E+01 1.627532213E+00
4.140000000E+07 5.246478898E+01 5.437522839E+01 4.048844343E+01 6.435268877E+01 1.620980365E+00
4.160000000E+07 5.224384619E+01 5.415224125E+01 4.032718527E+01 6.409188085E+01 1.614482968E+00
4.180000000E+07 5.202487031E+01 5.393120868E+01 4.016731578E+01 6.383334369E+01 1.608039362E+00
4.200000000E+07 5.180783463E+01 5.371210444E+01 4.000881654E+01 6.357704694E+01 1.601648895E+00
4.220000000E+07 5.159329943E+01 5.349551252E+01 3.985218502E+01 6.332488367E+01 1.597736832E+00
4.240000000E+07 5.138007078E+01 5.328019310E+01 3.969637667E+01 6.307299486E+01 1.591476315E+00
4.260000000E+07 5.116870492E+01 5.306672590E+01 3.954188517E+01 6.282325822E+01 1.585266375E+00
4.280000000E+07 5.095917699E+01 5.285508648E+01 3.938869338E+01 6.257564548E+01 1.579106401E+00
4.300000000E+07 5.075146261E+01 5.264525086E+01 3.923678447E+01 6.233012889E+01 1.572995780E+00
4.320000000E+07 5.054553781E+01 5.243719546E+01 3.908614189E+01 6.208668119E+01 1.566933920E+00
4.340000000E+07 5.034137905E+01 5.223089713E+01 3.893674938E+01 6.184527560E+01 1.560920237E+00
4.360000000E+07 5.013896322E+01 5.202633313E+01 3.878859096E+01 6.160588580E+01 1.554954156E+00
4.380000000E+07 4.993826759E+01 5.182348109E+01 3.864165094E+01 6.136848594E+01 1.549035114E+00
4.400000000E+07 4.973926985E+01 5.162231904E+01 3.849591388E+01 6.113305059E+01 1.543162556E+00
4.420000000E+07 4.954194808E+01 5.142282543E+01 3.835136463E+01 6.089955481E+01 1.537335936E+00
4.440000000E+07 4.934628073E+01 5.122497901E+01 3.820798827E+01 6.066797403E+01 1.531554718E+00
4.460000000E+07 4.915224663E+01 5.102875896E+01 3.806577014E+01 6.043828414E+01 1.525818375E+00
4.480000000E+07 4.895982496E+01 5.083414477E+01 3.792469585E+01 6.021046142E+01 1.520126389E+00
4.500000000E+07 4.876899527E+01 5.064111628E+01 3.778475121E+01 5.998448255E+01 1.514478249E+00
4.520000000E+07 4.857973745E+01 5.044965370E+01 3.764592230E+01 5.976032461E+01 1.508873452E+00
4.540000000E+07 4.839203174E+01 5.025973755E+01 3.750819543E+01 5.953796507E+01 1.503311506E+00
4.560000000E+07 4.820585870E+01 5.007134867E+01 3.737155711E+01 5.931738175E+01 1.497791924E+00
4.580000000E+07 4.802119925E+01 4.988446826E+01 3.723599412E+01 5.909855288E+01 1.492314229E+00
4.600000000E+07 4.783803458E+01 4.969907779E+01 3.710149341E+01 5.888145701E+01 1.486877949E+00
4.620000000E+07 4.765634624E+01 4.951515905E+01 3.696804217E+01 5.866607308E+01 1.481482621E+00
4.640000000E+07 4.747611605E+01 4.933269413E+01 3.683562778E+01 5.845238034E+01 1.476127790E+00
4.660000000E+07 4.729732615E+01 4.915166541E+01 3.670423786E+01 5.824035840E+01 1.470813006E+00
4.680000000E+07 4.711995896E+01 4.897205556E+01 3.657386017E+01 5.802998719E+01 1.465537828E+00
4.700000000E+07 4.694399723E+01 4.879384754E+01 3.644448274E+01 5.782124699E+01 1.460301820E+00
4.720000000E+07 4.676942393E+01 4.861702458E+01 3.631609373E+01 5.761411837E+01 1.455104553E+00
4.740000000E+07 4.659622234E+01 4.844157016E+01 3.618868152E+01 5.740858221E+01 1.449945605E+00
4.760000000E+07 4.642437603E+01 4.826746808E+01 3.606223468E+01 5.720461973E+01 1.444824561E+00
4.780000000E+07 4.625386878E+01 4.809470232E+01 3.593674193E+01 5.700221241E+01 1.439741010E+00
4.800000000E+07 4.608468468E+01 4.792325718E+01 3.581219219E+01 5.680134205E+01 1.434694548E+00
4.820000000E+07 4.591680806E+01 4.775311719E+01 3.568857456E+01 5.660199072E+01 1.429684778E+00
4.840000000E+07 4.575022348E+01 4.758426711E+01 3.556587829E+01 5.640414078E+01 1.424711308E+00
4.860000000E+07 4.558491578E+01 4.741669195E+01 3.544409281E+01 5.620777487E+01 1.419773750E+00
4.880000000E+07 4.542087000E+01 4.725037695E+01 3.532320772E+01 5.601287589E+01 1.414871724E+00
4.900000000E+07 4.525850514E+01 4.708575851E+01 3.520359403E+01 5.582084944E+01 1.411838186E+00
4.920000000E+07 4.509694247E+01 4.692192376E+01 3.508448188E+01 5.562884443E+01 1.407023518E+00
4.940000000E+07 4.493659823E+01 4.675930620E+01 3.496623977E+01 5.543825643E+01 1.402242859E+00
4.960000000E+07 4.477745840E+01 4.659789197E+01 3.484885793E+01 5.524906937E+01 1.397495848E+00
4.980000000E+07 4.461950918E+01 4.643766742E+01 3.473232671E+01 5.506126745E+01 1.392782127E+00
5.000000000E+07 4.446273693E+01 4.627861910E+01 3.461663663E+01 5.487483506E+01 1.388101341E+00
5.020000000E+07 4.430712829E+01 4.612073378E+01 3.450177834E+01 5.468975689E+01 1.383453144E+00
5.040000000E+07 4.415267009E+01 4.596399843E+01 3.438774263E+01 5.450601782E+01 1.378837195E+00
5.060000000E+07 4.399934930E+01 4.580840019E+01 3.427452042E+01 5.432360295E+01 1.374253155E+00
5.080000000E+07 4.384715317E+01 4.565392644E+01 3.416210279E+01 5.414249766E+01 1.369700694E+00
5.100000000E+07 4.369606909E+01 4.550056469E+01 3.405048093E+01 5.396268747E+01 1.365179484E+00
5.120000000E+07 4.354608467E+01 4.534830270E+01 3.393964618E+01 5.378415818E+01 1.360689205E+00
5.140000000E+07 4.339718768E+01 4.519712837E+01 3.382958998E+01 5.360689577E+01 1.356229538E+00
5.160000000E+07 4.324936607E+01 4.504702978E+01 3.372030391E+01 5.343088643E+01 1.351800171E+00
5.180000000E+07 4.310260801E+01 4.489799521E+01 3.361177968E+01 5.325611656E+01 1.347400795E+00
5.200000000E+07 4.295690179E+01 4.475001309E+01 3.350400911E+01 5.308257274E+01 1.343031107E+00
5.220000000E+07 4.281223593E+01 4.460307202E+01 3.339698415E+01 5.291024178E+01 1.338690809E+00
5.240000000E+07 4.266859907E+01 4.445716080E+01 3.329069685E+01 5.273911066E+01 1.334379603E+00
5.260000000E+07 4.252598005E+01 4.431226834E+01 3.318513939E+01 5.256916654E+01 1.330097201E+00
5.280000000E+07 4.238436784E+01 4.416838374E+01 3.308030405E+01 5.240039678E+01 1.325843314E+00
5.300000000E+07 4.224375161E+01 4.402549627E+01 3.297618323E+01 5.223278892E+01 1.321617660E+00
5.320000000E+07 4.210412066E+01 4.388359532E+01 3.287276942E+01 5.206633067E+01 1.317419961E+00
5.340000000E+07 4.196546444E+01 4.374267046E+01 3.277005525E+01 5.190100993E+01 1.313249941E+00
5.360000000E+07 4.182777257E+01 4.360271139E+01 3.266803342E+01 5.173681476E+01 1.309107329E+00
5.380000000E+07 4.169103481E+01 4.346370797E+01 3.256669674E+01 5.157373338E+01 1.304991858E+00
5.400000000E+07 4.155524107E+01 4.332565020E+01 3.246603815E+01 5.141175421E+01 1.300903264E+00
5.420000000E+07 4.142038141E+01 4.318852822E+01 3.236605065E+01 5.125086579E+01 1.296841287E+00
5.440000000E+07 4.128644600E+01 4.305233231E+01 3.226672735E+01 5.109105685E+01 1.292805669E+00
5.460000000E+07 4.115342518E+01 4.291705286E+01 3.216806146E+01 5.093231627E+01 1.288796158E+00
5.480000000E+07 4.102130941E+01 4.278268044E+01 3.207004629E+01 5.077463308E+01 1.284812503E+00
5.500000000E+07 4.089008931E+01 4.264920573E+01 3.197267523E+01 5.061799647E+01 1.280854458E+00
5.520000000E+07 4.075975558E+01 4.251661953E+01 3.187594176E+01 5.046239576E+01 1.276921780E+00
5.540000000E+07 4.063029910E+01 4.238491278E+01 3.177983946E+01 5.030782045E+01 1.273014227E+00
5.560000000E+07 4.050171085E+01 4.225407652E+01 3.168436198E+01 5.015426014E+01 1.269131563E+00
5.580000000E+07 4.037398195E+01 4.212410195E+01 3.158950309E+01 5.000170462E+01 1.265273554E+00
5.600000000E+07 4.024710362E+01 4.199498037E+01 3.149525660E+01 4.985014378E+01 1.261439969E+00
5.620000000E+07 4.012106722E+01 4.186670320E+01 3.140161643E+01 4.969956767E+01 1.257630578E+00
5.640000000E+07 3.999586422E+01 4.173926197E+01 3.130857658E+01 4.954996647E+01 1.253845157E+00
5.660000000E+07 3.987148620E+01 4.161264834E+01 3.121613113E+01 4.940133047E+01 1.250083484E+00
5.680000000E+07 3.974792486E+01 4.148685405E+01 3.112427421E+01 4.925365012E+01 1.246345338E+00
5.700000000E+07 3.962549377E+01 4.136220552E+01 3.103328297E+01 4.910797155E+01 1.244020946E+00
5.720000000E+07 3.950354336E+01 4.123802776E+01 3.094258770E+01 4.896218090E+01 1.240340890E+00
5.740000000E+07 3.938238538E+01 4.111464526E+01 3.085246386E+01 4.881731786E+01 1.236683466E+00
5.760000000E+07 3.926201196E+01 4.099205022E+01 3.076290594E+01 4.867337335E+01 1.233048465E+00
5.780000000E+07 3.914241534E+01 4.087023493E+01 3.067390844E+01 4.853033844E+01 1.229435679E+00
5.800000000E+07 3.902358787E+01 4.074919178E+01 3.058546598E+01 4.838820430E+01 1.225844901E+00
5.820000000E+07 3.890552199E+01 4.062891328E+01 3.049757322E+01 4.824696221E+01 1.222275929E+00
5.840000000E+07 3.878821027E+01 4.050939202E+01 3.041022491E+01 4.810660358E+01 1.218728562E+00
5.860000000E+07 3.867164534E+01 4.039062071E+01 3.032341586E+01 4.796711992E+01 1.215202602E+00
5.880000000E+07 3.855581994E+01 4.027259211E+01 3.023714093E+01 4.782850285E+01 1.211697855E+00
5.900000000E+07 3.844072691E+01 4.015529912E+01 3.015139508E+01 4.769074411E+01 1.208214128E+00
5.920000000E+07 3.832635918E+01 4.003873470E+01 3.006617331E+01 4.755383554E+01 1.204751231E+00
5.940000000E+07 3.821270978E+01 3.992289193E+01 2.998147069E+01 4.741776908E+01 1.201308976E+00
5.960000000E+07 3.809977180E+01 3.980776394E+01 2.989728235E+01 4.728253676E+01 1.197887179E+00
5.980000000E+07 3.798753846E+01 3.969334399E+01 2.981360348E+01 4.714813076E+01 1.194485656E+00
6.000000000E+07 3.787600304E+01 3.957962540E+01 2.973042935E+01 4.701454330E+01 1.191104226E+00
6.020000000E+07 3.776515893E+01 3.946660158E+01 2.964775526E+01 4.688176673E+01 1.187742712E+00
6.040000000E+07 3.765499957E+01 3.935426601E+01 2.956557659E+01 4.674979350E+01 1.184400937E+00
6.060000000E+07 3.754551851E+01 3.924261229E+01 2.948388877E+01 4.661861615E+01 1.181078728E+00
6.080000000E+07 3.743670936E+01 3.913163406E+01 2.940268728E+01 4.648822729E+01 1.177775913E+00
6.100000000E+07 3.732856584E+01 3.902132507E+01 2.932196768E+01 4.635861967E+01 1.174492323E+00
6.120000000E+07 3.722108174E+01 3.891167912E+01 2.924172556E+01 4.622978608E+01 1.171227790E+00
6.140000000E+07 3.711425089E+01 3.880269010E+01 2.916195656E+01 4.610171942E+01 1.167982148E+00
6.160000000E+07 3.700806727E+01 3.869435200E+01 2.908265641E+01 4.597441270E+01 1.164755234E+00
6.180000000E+07 3.690252487E+01 3.858665885E+01 2.900382086E+01 4.584785899E+01 1.161546888E+00
6.200000000E+07 3.679761777E+01 3.847960475E+01 2.892544571E+01 4.572205144E+01 1.158356949E+00
6.220000000E+07 3.669334016E+01 3.837318391E+01 2.884752684E+01 4.559698331E+01 1.155185260E+00
6.240000000E+07 3.658968625E+01 3.826739058E+01 2.877006015E+01 4.547264792E+01 1.152031666E+00
6.260000000E+07 3.648665034E+01 3.816221907E+01 2.869304160E+01 4.534903867E+01 1.148896012E+00
6.280000000E+07 3.638422682E+01 3.805766382E+01 2.861646722E+01 4.522614907E+01 1.145778148E+00
6.300000000E+07 3.628241014E+01 3.795371927E+01 2.854033305E+01 4.510397267E+01 1.142677922E+00
6.320000000E+07 3.618119480E+01 3.785037994E+01 2.846463519E+01 4.498250312E+01 1.139595186E+00
6.340000000E+07 3.608057537E+01 3.774764046E+01 2.838936981E+01 4.486173415E+01 1.136529794E+00
6.360000000E+07 3.598054651E+01 3.764549547E+01 2.831453310E+01 4.474165954E+01 1.133481601E+00
6.380000000E+07 3.588110292E+01 3.754393971E+01 2.824012130E+01 4.462227317E+01 1.130450463E+00
6.400000000E+07 3.578223938E+01 3.744296797E+01 2.816613070E+01 4.450356899E+01 1.127436239E+00
6.420000000E+07 3.568395071E+01 3.734257511E+01 2.809255763E+01 4.438554101E+01 1.124438789E+00
6.440000000E+07 3.558623181E+01 3.724275602E+01 2.801939847E+01 4.426818331E+01 1.121457974E+00
6.460000000E+07 3.548907766E+01 3.714350569E+01 2.794664963E+01 4.415149006E+01 1.118493657E+00
6.480000000E+07 3.539248325E+01 3.704481916E+01 2.787430758E+01 4.403545547E+01 1.115545704E+00
6.500000000E+07 3.529644366E+01 3.694669150E+01 2.780236880E+01 4.392007384E+01 1.112613980E+00
6.520000000E+07 3.520095404E+01 3.684911789E+01 2.773082985E+01 4.380533952E+01 1.109698353E+00
6.540000000E+07 3.510600957E+01 3.675209351E+01 2.765968729E+01 4.369124695E+01 1.106798691E+00
6.560000000E+07 3.501160550E+01 3.665561362E+01 2.758893776E+01 4.357779061E+01 1.103914866E+00
6.580000000E+07 3.491773714E+01 3.655967356E+01 2.751857792E+01 4.346496506E+01 1.101046749E+00
6.600000000E+07 3.482463652E+01 3.646451478E+01 2.744881257E+01 4.335354164E+01 1.099235790E+00
6.620000000E+07 3.473182701E+01 3.636964188E+01 2.737922337E+01 4.324196585E+01 1.096406744E+00
6.640000000E+07 3.463953942E+01 3.627529504E+01 2.731001403E+01 4.313100482E+01 1.093592881E+00
6.660000000E+07 3.454776928E+01 3.618146981E+01 2.724118137E+01 4.302065335E+01 1.090794075E+00
6.680000000E+07 3.445651215E+01 3.608816176E+01 2.717272224E+01 4.291090629E+01 1.088010205E+00
6.700000000E+07 3.436576366E+01 3.599536651E+01 2.710463351E+01 4.280175855E+01 1.085241151E+00
6.720000000E+07 3.427551948E+01 3.590307976E+01 2.703691210E+01 4.269320512E+01 1.082486792E+00
6.740000000E+07 3.418577532E+01 3.581129723E+01 2.696955497E+01 4.258524103E+01 1.079747010E+00
6.760000000E+07 3.409652697E+01 3.572001470E+01 2.690255909E+01 4.247786136E+01 1.077021687E+00
6.780000000E+07 3.400777024E+01 3.562922801E+01 2.683592149E+01 4.237106126E+01 1.074310709E+00
6.800000000E+07 3.391950099E+01 3.553893300E+01 2.676963921E+01 4.226483592E+01 1.071613960E+00
6.820000000E+07 3.383171513E+01 3.544912560E+01 2.670370935E+01 4.215918058E+01 1.068931327E+00
6.840000000E+07 3.374440863E+01 3.535980179E+01 2.663812902E+01 4.205409058E+01 1.066262700E+00
6.860000000E+07 3.365757748E+01 3.527095757E+01 2.657289535E+01 4.194956124E+01 1.063607966E+00
6.880000000E+07 3.357121775E+01 3.518258899E+01 2.650800556E+01 4.184558798E+01 1.060967017E+00
6.900000000E+07 3.348532550E+01 3.509469215E+01 2.644345682E+01 4.174216626E+01 1.058339744E+00
6.920000000E+07 3.339989690E+01 3.500726320E+01 2.637924640E+01 4.163929159E+01 1.055726041E+00
6.940000000E+07 3.331492812E+01 3.492029831E+01 2.631537157E+01 4.153695953E+01 1.053125802E+00
6.960000000E+07 3.323041536E+01 3.483379370E+01 2.625182961E+01 4.143516568E+01 1.050538922E+00
6.980000000E+07 3.314635491E+01 3.474774566E+01 2.618861787E+01 4.133390569E+01 1.047965298E+00
7.000000000E+07 3.306274305E+01 3.466215046E+01 2.612573370E+01 4.123317527E+01 1.045404828E+00
7.020000000E+07 3.297957616E+01 3.457700449E+01 2.606317450E+01 4.113297016E+01 1.042857409E+00
7.040000000E+07 3.289685059E+01 3.449230412E+01 2.600093767E+01 4.103328617E+01 1.040322943E+00
7.060000000E+07 3.281456279E+01 3.440804577E+01 2.593902067E+01 4.093411912E+01 1.037801331E+00
7.080000000E+07 3.273270920E+01 3.432422591E+01 2.587742096E+01 4.083546491E+01 1.035292473E+00
7.100000000E+07 3.265128635E+01 3.424084104E+01 2.581613605E+01 4.073731946E+01 1.032796274E+00
7.120000000E+07 3.257029074E+01 3.415788770E+01 2.575516344E+01 4.063967875E+01 1.030312638E+00
7.140000000E+07 3.248971899E+01 3.407536248E+01 2.569450071E+01 4.054253878E+01 1.027841470E+00
7.160000000E+07 3.240956769E+01 3.399326197E+01 2.563414542E+01 4.044589562E+01 1.025382676E+00
7.180000000E+07 3.232983349E+01 3.391158284E+01 2.557409519E+01 4.034974538E+01 1.022936163E+00
7.200000000E+07 3.225051308E+01 3.383032178E+01 2.551434763E+01 4.025408417E+01 1.020501840E+00
7.220000000E+07 3.217160320E+01 3.374947549E+01 2.545490040E+01 4.015890821E+01 1.018079616E+00
7.240000000E+07 3.209310058E+01 3.366904075E+01 2.539575118E+01 4.006421369E+01 1.015669400E+00
7.260000000E+07 3.201500201E+01 3.358901432E+01 2.533689766E+01 3.996999688E+01 1.013271105E+00
7.280000000E+07 3.193730434E+01 3.350939305E+01 2.527833758E+01 3.987625409E+01 1.010884641E+00
7.300000000E+07 3.186000441E+01 3.343017379E+01 2.522006868E+01 3.978298165E+01 1.008509922E+00
7.320000000E+07 3.178309911E+01 3.335135342E+01 2.516208874E+01 3.969017594E+01 1.006146861E+00
7.340000000E+07 3.170658537E+01 3.327292887E+01 2.510439554E+01 3.959783338E+01 1.003795374E+00
7.360000000E+07 3.163046016E+01 3.319489710E+01 2.504698693E+01 3.950595042E+01 1.001455375E+00
7.380000000E+07 3.155472044E+01 3.311725509E+01 2.498986072E+01 3.941452354E+01 9.991267819E-01
7.400000000E+07 3.147936325E+01 3.303999985E+01 2.493301478E+01 3.932354927E+01 9.968095106E-01
7.420000000E+07 3.140438563E+01 3.296312843E+01 2.487644700E+01 3.923302417E+01 9.945034797E-01
7.440000000E+07 3.132978467E+01 3.288663791E+01 2.482015528E+01 3.914294485E+01 9.922086080E-01
7.460000000E+07 3.125555749E+01 3.281052541E+01 2.476413756E+01 3.905330792E+01 9.899248151E-01
7.480000000E+07 3.118170121E+01 3.273478805E+01 2.470839178E+01 3.896411006E+01 9.876520216E-01
7.500000000E+07 3.110821300E+01 3.265942299E+01 2.465291590E+01 3.887534796E+01 9.853901485E-01
7.520000000E+07 3.103509008E+01 3.258442746E+01 2.459770793E+01 3.878701836E+01 9.831391179E-01
7.540000000E+07 3.096232966E+01 3.250979865E+01 2.454276587E+01 3.869911801E+01 9.808988526E-01
7.560000000E+07 3.088992901E+01 3.243553383E+01 2.448808774E+01 3.861164373E+01 9.786692760E-01
7.580000000E+07 3.081788540E+01 3.236163027E+01 2.443367160E+01 3.852459234E+01 9.764503124E-01
7.600000000E+07 3.074619615E+01 3.228808528E+01 2.437951552E+01 3.843796070E+01 9.742418867E-01
7.620000000E+07 3.067485861E+01 3.221489620E+01 2.432561758E+01 3.835174570E+01 9.720439245E-01
7.640000000E+07 3.060387013E+01 3.214206039E+01 2.427197590E+01 3.826594427E+01 9.698563522E-01
7.660000000E+07 3.053340293E+01 3.206975701E+01 2.421874235E+01 3.818112726E+01 9.684628950E-01
7.680000000E+07 3.046310562E+01 3.199762079E+01 2.416560830E+01 3.809614663E+01 9.663013117E-01
7.700000000E+07 3.039314962E+01 3.192583006E+01 2.411272493E+01 3.801157048E+01 9.641498123E-01
7.720000000E+07 3.032353241E+01 3.185438229E+01 2.406009042E+01 3.792739587E+01 9.620083252E-01
7.740000000E+07 3.025425146E+01 3.178327497E+01 2.400770297E+01 3.784361987E+01 9.598767793E-01
7.760000000E+07 3.018530432E+01 3.171250562E+01 2.395556079E+01 3.776023958E+01 9.577551043E-01
7.780000000E+07 3.011668851E+01 3.164207175E+01 2.390366210E+01 3.767725213E+01 9.556432308E-01
7.800000000E+07 3.004840161E+01 3.157197096E+01 2.385200518E+01 3.759465468E+01 9.535410897E-01
7.820000000E+07 2.998044122E+01 3.150220082E+01 2.380058828E+01 3.751244441E+01 9.514486133E-01
7.840000000E+07 2.991280494E+01 3.143275893E+01 2.374940969E+01 3.743061855E+01 9.493657336E-01
7.860000000E+07 2.984549042E+01 3.136364295E+01 2.369846771E+01 3.734917433E+01 9.472923836E-01
7.880000000E+07 2.977849533E+01 3.129485051E+01 2.364776065E+01 3.726810901E+01 9.452284970E-01
7.900000000E+07 2.971181734E+01 3.122637930E+01 2.359728685E+01 3.718741990E+01 9.431740083E-01
7.920000000E+07 2.964545417E+01 3.115822702E+01 2.354704467E+01 3.710710431E+01 9.411288525E-01
7.940000000E+07 2.957940355E+01 3.109039140E+01 2.349703245E+01 3.702715959E+01 9.390929652E-01
7.960000000E+07 2.951366322E+01 3.102287017E+01 2.344724859E+01 3.694758311E+01 9.370662826E-01
7.980000000E+07 2.944823097E+01 3.095566112E+01 2.339769148E+01 3.686837227E+01 9.350487418E-01
8.000000000E+07 2.938310460E+01 3.088876202E+01 2.334835954E+01 3.678952448E+01 9.330402801E-01
8.020000000E+07 2.931828190E+01 3.082217068E+01 2.329925118E+01 3.671103720E+01 9.310408357E-01
8.040000000E+07 2.925376074E+01 3.075588495E+01 2.325036485E+01 3.663290790E+01 9.290503473E-01
8.060000000E+07 2.918953896E+01 3.068990265E+01 2.320169901E+01 3.655513406E+01 9.270687542E-01
8.080000000E+07 2.912561444E+01 3.062422168E+01 2.315325213E+01 3.647771320E+01 9.250959963E-01
8.100000000E+07 2.906198510E+01 3.055883992E+01 2.310502269E+01 3.640064288E+01 9.231320140E-01
8.120000000E+07 2.899864883E+01 3.049375528E+01 2.305700918E+01 3.632392065E+01 9.211767483E-01
8.140000000E+07 2.893560358E+01 3.042896569E+01 2.300921014E+01 3.624754409E+01 9.192301408E-01
8.160000000E+07 2.887284731E+01 3.036446911E+01 2.296162407E+01 3.617151082E+01 9.172921338E-01
8.180000000E+07 2.881037801E+01 3.030026350E+01 2.291424952E+01 3.609581847E+01 9.153626698E-01
8.200000000E+07 2.874819365E+01 3.023634685E+01 2.286708504E+01 3.602046469E+01 9.134416922E-01
8.220000000E+07 2.868629227E+01 3.017271717E+01 2.282012921E+01 3.594544716E+01 9.115291446E-01
8.240000000E+07 2.862467188E+01 3.010937248E+01 2.277338059E+01 3.587076358E+01 9.096249715E-01
8.260000000E+07 2.856333056E+01 3.004631083E+01 2.272683780E+01 3.579641166E+01 9.077291176E-01
8.280000000E+07 2.850226637E+01 2.998353029E+01 2.268049942E+01 3.572238915E+01 9.058415283E-01
8.300000000E+07 2.844147740E+01 2.992102893E+01 2.263436409E+01 3.564869380E+01 9.039621494E-01
8.320000000E+07 2.838096175E+01 2.985880484E+01 2.258843043E+01 3.557532339E+01 9.020909274E-01
8.340000000E+07 2.832071754E+01 2.979685615E+01 2.254269708E+01 3.550227573E+01 9.002278091E-01
8.360000000E+07 2.826074293E+01 2.973518099E+01 2.249716271E+01 3.542954864E+01 8.983727417E-01
8.380000000E+07 2.820103606E+01 2.967377750E+01 2.245182598E+01 3.535713995E+01 8.965256733E-01
8.400000000E+07 2.814159511E+01 2.961264386E+01 2.240668557E+01 3.528504753E+01 8.946865520E-01
8.420000000E+07 2.808241828E+01 2.955177824E+01 2.236174018E+01 3.521326927E+01 8.928553266E-01
8.440000000E+07 2.802350377E+01 2.949117885E+01 2.231698850E+01 3.514180305E+01 8.910319465E-01
8.460000000E+07 2.796484981E+01 2.943084390E+01 2.227242926E+01 3.507064679E+01 8.892163612E-01
8.480000000E+07 2.790645463E+01 2.937077162E+01 2.222806118E+01 3.499979844E+01 8.874085210E-01
8.500000000E+07 2.784831649E+01 2.931096026E+01 2.218388300E+01 3.492925594E+01 8.856083764E-01
8.520000000E+07 2.779043369E+01 2.925140809E+01 2.213989348E+01 3.485901728E+01 8.838158785E-01
8.540000000E+07 2.773280448E+01 2.919211339E+01 2.209609136E+01 3.478908044E+01 8.820309787E-01
8.560000000E+07 2.767542719E+01 2.913307444E+01 2.205247544E+01 3.471944344E+01 8.802536290E-01
8.580000000E+07 2.761830012E+01 2.907428956E+01 2.200904447E+01 3.465010429E+01 8.784837817E-01
8.600000000E+07 2.756142161E+01 2.901575707E+01 2.196579727E+01 3.458106105E+01 8.767213895E-01
8.620000000E+07 2.750479002E+01 2.895747532E+01 2.192273263E+01 3.451231178E+01 8.749664055E-01
8.640000000E+07 2.744840371E+01 2.889944266E+01 2.187984937E+01 3.444385455E+01 8.732187833E-01
8.660000000E+07 2.739226106E+01 2.884165746E+01 2.183714633E+01 3.437568747E+01 8.714784769E-01
8.680000000E+07 2.733636044E+01 2.878411809E+01 2.179462231E+01 3.430780864E+01 8.697454405E-01
8.700000000E+07 2.728070028E+01 2.872682296E+01 2.175227619E+01 3.424021620E+01 8.680196290E-01
8.720000000E+07 2.722527900E+01 2.866977048E+01 2.171010680E+01 3.417290828E+01 8.663009974E-01
8.740000000E+07 2.717009503E+01 2.861295907E+01 2.166811303E+01 3.410588307E+01 8.645895011E-01
8.760000000E+07 2.711514681E+01 2.855638718E+01 2.162629373E+01 3.403913872E+01 8.628850962E-01
8.780000000E+07 2.706043281E+01 2.850005325E+01 2.158464781E+01 3.397267344E+01 8.611877388E-01
8.800000000E+07 2.700595152E+01 2.844395577E+01 2.154317415E+01 3.390648543E+01 8.594973854E-01
8.820000000E+07 2.695170141E+01 2.838809319E+01 2.150187165E+01 3.384057292E+01 8.578139931E-01
8.840000000E+07 2.689768099E+01 2.833246402E+01 2.146073923E+01 3.377493415E+01 8.561375192E-01
8.860000000E+07 2.684388877E+01 2.827706676E+01 2.141977582E+01 3.370956738E+01 8.544679213E-01
8.880000000E+07 2.679032329E+01 2.822189993E+01 2.137898035E+01 3.364447087E+01 8.528051574E-01
8.900000000E+07 2.673711248E+01 2.816709662E+01 2.133846555E+01 3.358006777E+01 8.517400516E-01
8.920000000E+07 2.668399663E+01 2.811238682E+01 2.129800325E+01 3.351550843E+01 8.500944605E-01
8.940000000E+07 2.663110317E+01 2.805790308E+01 2.125770573E+01 3.345121424E+01 8.484555268E-01
8.960000000E+07 2.657843069E+01 2.800364396E+01 2.121757197E+01 3.338718352E+01 8.468232096E-01
8.980000000E+07 2.652597775E+01 2.794960806E+01 2.117760092E+01 3.332341462E+01 8.451974680E-01
9.000000000E+07 2.647374298E+01 2.789579395E+01 2.113779159E+01 3.325990590E+01 8.435782617E-01
9.020000000E+07 2.642172498E+01 2.784220024E+01 2.109814297E+01 3.319665572E+01 8.419655504E-01
9.040000000E+07 2.636992239E+01 2.778882556E+01 2.105865405E+01 3.313366247E+01 8.403592946E-01
9.060000000E+07 2.631833383E+01 2.773566854E+01 2.101932385E+01 3.307092455E+01 8.387594547E-01
9.080000000E+07 2.626695797E+01 2.768272780E+01 2.098015139E+01 3.300844038E+01 8.371659917E-01
9.100000000E+07 2.621579345E+01 2.763000201E+01 2.094113569E+01 3.294620836E+01 8.355788670E-01
9.120000000E+07 2.616483897E+01 2.757748982E+01 2.090227580E+01 3.288422696E+01 8.339980421E-01
9.140000000E+07 2.611409318E+01 2.752518991E+01 2.086357074E+01 3.282249460E+01 8.324234788E-01
9.160000000E+07 2.606355481E+01 2.747310098E+01 2.082501959E+01 3.276100977E+01 8.308551393E-01
9.180000000E+07 2.601322253E+01 2.742122169E+01 2.078662138E+01 3.269977093E+01 8.292929861E-01
9.200000000E+07 2.596309509E+01 2.736955079E+01 2.074837519E+01 3.263877659E+01 8.277369821E-01
9.220000000E+07 2.591317120E+01 2.731808696E+01 2.071028010E+01 3.257802522E+01 8.261870905E-01
9.240000000E+07 2.586344960E+01 2.726682896E+01 2.067233519E+01 3.251751537E+01 8.246432747E-01
9.260000000E+07 2.581392904E+01 2.721577550E+01 2.063453954E+01 3.245724554E+01 8.231054985E-01
9.280000000E+07 2.576460828E+01 2.716492535E+01 2.059689226E+01 3.239721427E+01 8.215737260E-01
9.300000000E+07 2.571548609E+01 2.711427727E+01 2.055939245E+01 3.233742014E+01 8.200479216E-01
9.320000000E+07 2.566656125E+01 2.706383001E+01 2.052203921E+01 3.227786168E+01 8.185280499E-01
9.340000000E+07 2.561783254E+01 2.701358238E+01 2.048483167E+01 3.221853748E+01 8.170140759E-01
9.360000000E+07 2.556929877E+01 2.696353314E+01 2.044776896E+01 3.215944611E+01 8.155059649E-01
9.380000000E+07 2.552095875E+01 2.691368111E+01 2.041085021E+01 3.210058620E+01 8.140036825E-01
9.400000000E+07 2.547281130E+01 2.686402509E+01 2.037407456E+01 3.204195633E+01 8.125071945E-01
9.420000000E+07 2.542485524E+01 2.681456390E+01 2.033744115E+01 3.198355513E+01 8.110164670E-01
9.440000000E+07 2.537708942E+01 2.676529638E+01 2.030094914E+01 3.192538124E+01 8.095314665E-01
9.460000000E+07 2.532951267E+01 2.671622135E+01 2.026459769E+01 3.186743328E+01 8.080521596E-01
9.480000000E+07 2.528212387E+01 2.666733767E+01 2.022838597E+01 3.180970993E+01 8.065785134E-01
9.500000000E+07 2.523492187E+01 2.661864419E+01 2.019231316E+01 3.175220983E+01 8.051104951E-01
9.520000000E+07 2.518790556E+01 2.657013979E+01 2.015637842E+01 3.169493167E+01 8.036480722E-01
9.540000000E+07 2.514107381E+01 2.652182333E+01 2.012058096E+01 3.163787414E+01 8.021912126E-01
9.560000000E+07 2.509442552E+01 2.647369371E+01 2.008491996E+01 3.158103592E+01 8.007398842E-01
9.580000000E+07 2.504795960E+01 2.642574980E+01 2.004939462E+01 3.152441573E+01 7.992940553E-01
9.600000000E+07 2.500167495E+01 2.637799052E+01 2.001400416E+01 3.146801228E+01 7.978536947E-01
9.620000000E+07 2.495557050E+01 2.633041477E+01 1.997874778E+01 3.141182429E+01 7.964187710E-01
9.640000000E+07 2.490964517E+01 2.628302149E+01 1.994362470E+01 3.135585052E+01 7.949892535E-01
9.660000000E+07 2.486389791E+01 2.623580959E+01 1.990863415E+01 3.130008969E+01 7.935651113E-01
9.680000000E+07 2.481832765E+01 2.618877801E+01 1.987377536E+01 3.124454058E+01 7.921463142E-01
9.700000000E+07 2.477293336E+01 2.614192569E+01 1.983904756E+01 3.118920194E+01 7.907328320E-01
9.720000000E+07 2.472771400E+01 2.609525159E+01 1.980445000E+01 3.113407255E+01 7.893246347E-01
9.740000000E+07 2.468266853E+01 2.604875468E+01 1.976998193E+01 3.107915121E+01 7.879216926E-01
9.760000000E+07 2.463779594E+01 2.600243391E+01 1.973564261E+01 3.102443669E+01 7.865239764E-01
9.780000000E+07 2.459309521E+01 2.595628827E+01 1.970143128E+01 3.096992782E+01 7.851314567E-01
9.800000000E+07 2.454856534E+01 2.591031675E+01 1.966734723E+01 3.091562340E+01 7.837441046E-01
9.820000000E+07 2.450420533E+01 2.586451833E+01 1.963338972E+01 3.086152225E+01 7.823618914E-01
9.840000000E+07 2.446001420E+01 2.581889202E+01 1.959955803E+01 3.080762322E+01 7.809847885E-01
9.860000000E+07 2.441599096E+01 2.577343683E+01 1.956585144E+01 3.075392513E+01 7.796127676E-01
9.880000000E+07 2.437213463E+01 2.572815178E+01 1.953226925E+01 3.070042685E+01 7.782458006E-01
9.900000000E+07 2.432844426E+01 2.568303588E+01 1.949881073E+01 3.064712722E+01 7.768838596E-01
9.920000000E+07 2.428491888E+01 2.563808817E+01 1.946547521E+01 3.059402513E+01 7.755269171E-01
9.940000000E+07 2.424155755E+01 2.559330770E+01 1.943226198E+01 3.054111944E+01 7.741749454E-01
9.960000000E+07 2.419835931E+01 2.554869351E+01 1.939917035E+01 3.048840904E+01 7.728279175E-01
9.980000000E+07 2.415532323E+01 2.550424465E+01 1.936619963E+01 3.043589283E+01 7.714858062E-01
1.000000000E+08 2.411244839E+01 2.545996017E+01 1.933334915E+01 3.038356970E+01 7.701485848E-01
