1.100000000E+05 9.055927467E+03 1.247742052E+03 2.883195236E+03 3.523103564E+02 3.460712806E+02
1.200000000E+05 8.847974266E+03 1.258439771E+03 2.900855587E+03 3.740272400E+02 3.541711900E+02
1.300000000E+05 8.656505984E+03 1.270563771E+03 2.928977107E+03 3.938422929E+02 3.618887696E+02
1.400000000E+05 8.455371238E+03 1.270128248E+03 2.921597540E+03 4.113723454E+02 3.658167782E+02
1.500000000E+05 8.270133923E+03 1.271501327E+03 2.923846689E+03 4.274087282E+02 3.696531527E+02
1.600000000E+05 8.082532053E+03 1.265181549E+03 2.904588274E+03 4.418234138E+02 3.714850442E+02
1.700000000E+05 7.908916031E+03 1.260607604E+03 2.893432778E+03 4.550118371E+02 3.733003253E+02
1.800000000E+05 7.736221232E+03 1.251065397E+03 2.868439556E+03 4.669449124E+02 3.739614595E+02
1.900000000E+05 7.562084467E+03 1.235653629E+03 2.826347981E+03 4.777322978E+02 3.734873627E+02
2.000000000E+05 7.242552978E+03 1.225841620E+03 2.805494946E+03 4.874888092E+02 3.737648652E+02
3.000000000E+05 6.028679327E+03 1.113112107E+03 2.560993668E+03 5.484011127E+02 3.656705236E+02
4.000000000E+05 5.185340027E+03 1.001849080E+03 2.323278922E+03 5.685980579E+02 3.501902348E+02
5.000000000E+05 4.569518085E+03 9.090618866E+02 2.126031895E+03 5.697914426E+02 3.335083779E+02
6.000000000E+05 4.097662226E+03 8.319552376E+02 1.960559001E+03 5.616393143E+02 3.171806350E+02
7.000000000E+05 3.723921926E+03 7.678341100E+02 1.821688252E+03 5.488778291E+02 3.017940873E+02
8.000000000E+05 3.419050519E+03 7.133451085E+02 1.702002183E+03 5.339740366E+02 2.875271934E+02
9.000000000E+05 3.165441380E+03 6.668120984E+02 1.598744697E+03 5.182608491E+02 2.743995096E+02
1.000000000E+06 2.950700860E+03 6.265673043E+02 1.508551179E+03 5.024707276E+02 2.623524454E+02
1.200000000E+06 2.605675490E+03 5.602549716E+02 1.357891577E+03 4.720782909E+02 2.411479029E+02
1.400000000E+06 2.339769417E+03 5.078935984E+02 1.237163997E+03 4.441986176E+02 2.231908862E+02
1.600000000E+06 2.127809386E+03 4.653884592E+02 1.137976613E+03 4.190639353E+02 2.078432988E+02
1.800000000E+06 1.954412987E+03 4.301081954E+02 1.054826254E+03 3.965159669E+02 1.945953962E+02
2.000000000E+06 1.809654533E+03 4.003266978E+02 9.840809803E+02 3.762824188E+02 1.830505999E+02
2.200000000E+06 1.686765554E+03 3.748055992E+02 9.230520737E+02 3.580778808E+02 1.729013283E+02
2.400000000E+06 1.581003606E+03 3.526776169E+02 8.698536165E+02 3.416391663E+02 1.639076440E+02
2.600000000E+06 1.488905207E+03 3.332764147E+02 8.229904821E+02 3.267353424E+02 1.558806411E+02
2.800000000E+06 1.407909002E+03 3.161178318E+02 7.813833306E+02 3.131680536E+02 1.486700394E+02
3.000000000E+06 1.336057263E+03 3.008168692E+02 7.441529566E+02 3.007684041E+02 1.421550253E+02
3.200000000E+06 1.271837702E+03 2.870780444E+02 7.106247017E+02 2.893929308E+02 1.362374827E+02
3.400000000E+06 1.214059395E+03 2.746669687E+02 6.802598212E+02 2.789196674E+02 1.308369592E+02
3.600000000E+06 1.161772324E+03 2.633967479E+02 6.526276304E+02 2.692446450E+02 1.258868905E+02
3.800000000E+06 1.114201321E+03 2.531061270E+02 6.273456545E+02 2.602789146E+02 1.213317400E+02
4.000000000E+06 1.070718888E+03 2.436720687E+02 6.041293649E+02 2.519460629E+02 1.171248106E+02
4.200000000E+06 1.030802114E+03 2.349858887E+02 5.827199706E+02 2.441801606E+02 1.132265536E+02
4.400000000E+06 9.940168994E+02 2.269599980E+02 5.629112726E+02 2.369240742E+02 1.096032499E+02
4.600000000E+06 9.599973984E+02 2.195192746E+02 5.445246906E+02 2.301280783E+02 1.062259718E+02
4.800000000E+06 9.284338235E+02 2.126003522E+02 5.274095980E+02 2.237487118E+02 1.030697578E+02
5.000000000E+06 8.990608476E+02 2.061472955E+02 5.114310762E+02 2.177478340E+02 1.001129534E+02
5.200000000E+06 8.716513775E+02 2.001134094E+02 4.964775448E+02 2.120918422E+02 9.733667802E+01
5.400000000E+06 8.460090226E+02 1.944579416E+02 4.824511142E+02 2.067510202E+02 9.472439227E+01
5.600000000E+06 8.219628876E+02 1.891447827E+02 4.692642789E+02 2.016989954E+02 9.226154416E+01
5.800000000E+06 7.993639911E+02 1.841428610E+02 4.568420757E+02 1.969122822E+02 8.993527727E+01
6.000000000E+06 7.780815520E+02 1.794246682E+02 4.451178370E+02 1.923698983E+02 8.773418924E+01
6.200000000E+06 7.580003292E+02 1.749659011E+02 4.340325473E+02 1.880530394E+02 8.564813043E+01
6.400000000E+06 7.390183882E+02 1.707450797E+02 4.235340223E+02 1.839448036E+02 8.366803528E+01
6.600000000E+06 7.210451092E+02 1.667428658E+02 4.135750015E+02 1.800299566E+02 8.178578027E+01
6.800000000E+06 7.039997902E+02 1.629421853E+02 4.041138779E+02 1.762947299E+02 7.999406369E+01
7.000000000E+06 6.878102262E+02 1.593276710E+02 3.951130903E+02 1.727266481E+02 7.828630353E+01
7.200000000E+06 6.724116287E+02 1.558855065E+02 3.865388218E+02 1.693143802E+02 7.665655019E+01
7.400000000E+06 6.577456959E+02 1.526032572E+02 3.783606208E+02 1.660476104E+02 7.509941169E+01
7.600000000E+06 6.437597864E+02 1.494696124E+02 3.705506915E+02 1.629169266E+02 7.360998935E+01
7.800000000E+06 6.304062791E+02 1.464743810E+02 3.630840213E+02 1.599137226E+02 7.218382211E+01
8.000000000E+06 6.176419598E+02 1.436082811E+02 3.559377863E+02 1.570301134E+02 7.081683832E+01
8.200000000E+06 6.054275245E+02 1.408628572E+02 3.490911733E+02 1.542588608E+02 6.950531384E+01
8.400000000E+06 5.937271419E+02 1.382303885E+02 3.425251615E+02 1.515933076E+02 6.824583535E+01
8.600000000E+06 5.825080767E+02 1.357038177E+02 3.362223543E+02 1.490273203E+02 6.703526836E+01
8.800000000E+06 5.717403532E+02 1.332766548E+02 3.301667233E+02 1.465552383E+02 6.587072904E+01
9.000000000E+06 5.613964756E+02 1.309429556E+02 3.243435937E+02 1.441718286E+02 6.474955941E+01
9.200000000E+06 5.514511698E+02 1.286972437E+02 3.187394296E+02 1.418722460E+02 6.366930546E+01
9.400000000E+06 5.418811625E+02 1.265344695E+02 3.133417424E+02 1.396519976E+02 6.262769781E+01
9.600000000E+06 5.326649847E+02 1.244499692E+02 3.081389896E+02 1.375069108E+02 6.162263447E+01
9.800000000E+06 5.237827994E+02 1.224394285E+02 3.031204868E+02 1.354331054E+02 6.065216559E+01
1.000000000E+07 5.152162474E+02 1.204988511E+02 2.982763340E+02 1.334269680E+02 5.971447975E+01
1.020000000E+07 5.069483106E+02 1.186245242E+02 2.935973228E+02 1.314851293E+02 5.880789183E+01
1.040000000E+07 4.989631916E+02 1.168130017E+02 2.890749069E+02 1.296044436E+02 5.793083208E+01
1.060000000E+07 4.912462044E+02 1.150610753E+02 2.847011238E+02 1.277819705E+02 5.708183629E+01
1.080000000E+07 4.837836779E+02 1.133657553E+02 2.804685505E+02 1.260149582E+02 5.625953704E+01
1.100000000E+07 4.765628684E+02 1.117242518E+02 2.763702571E+02 1.243008284E+02 5.546265568E+01
1.120000000E+07 4.695718824E+02 1.101339588E+02 2.723997673E+02 1.226371631E+02 5.468999526E+01
1.140000000E+07 4.627996050E+02 1.085924384E+02 2.685510207E+02 1.210216914E+02 5.394043398E+01
1.160000000E+07 4.562356378E+02 1.070974082E+02 2.648183411E+02 1.194522794E+02 5.321291937E+01
1.180000000E+07 4.498702409E+02 1.056467274E+02 2.611964018E+02 1.179269192E+02 5.250646294E+01
1.200000000E+07 4.436942812E+02 1.042383877E+02 2.576802052E+02 1.164437199E+02 5.182013534E+01
1.220000000E+07 4.376991858E+02 1.028705021E+02 2.542650535E+02 1.150008990E+02 5.115306200E+01
1.240000000E+07 4.318768986E+02 1.015412960E+02 2.509465273E+02 1.135967750E+02 5.050441907E+01
1.260000000E+07 4.262198424E+02 1.002490988E+02 2.477204650E+02 1.122297599E+02 4.987342980E+01
1.280000000E+07 4.207208829E+02 9.899233631E+01 2.445829442E+02 1.108983527E+02 4.925936114E+01
1.300000000E+07 4.153732967E+02 9.776952389E+01 2.415302647E+02 1.096011340E+02 4.866152073E+01
1.320000000E+07 4.101707421E+02 9.657926013E+01 2.385589326E+02 1.083367598E+02 4.807925406E+01
1.340000000E+07 4.051072318E+02 9.542022101E+01 2.356656465E+02 1.071039569E+02 4.751194192E+01
1.360000000E+07 4.001771085E+02 9.429115441E+01 2.328472831E+02 1.059015182E+02 4.695899797E+01
1.380000000E+07 3.953750219E+02 9.319087549E+01 2.301008866E+02 1.047282985E+02 4.641986665E+01
1.400000000E+07 3.906959087E+02 9.211826214E+01 2.274236571E+02 1.035832102E+02 4.589402111E+01
1.420000000E+07 3.861349727E+02 9.107225067E+01 2.248129399E+02 1.024652201E+02 4.538096137E+01
1.440000000E+07 3.816876675E+02 9.005183223E+01 2.222662166E+02 1.013733459E+02 4.488021263E+01
1.460000000E+07 3.773496805E+02 8.905604913E+01 2.197810963E+02 1.003066527E+02 4.439132368E+01
1.480000000E+07 3.731169177E+02 8.808399169E+01 2.173553072E+02 9.926425072E+01 4.391386541E+01
1.500000000E+07 3.689854900E+02 8.713479521E+01 2.149866899E+02 9.824529227E+01 4.344742953E+01
1.520000000E+07 3.649517003E+02 8.620763718E+01 2.126731898E+02 9.724896925E+01 4.299162725E+01
1.540000000E+07 3.610120319E+02 8.530173474E+01 2.104128511E+02 9.627451095E+01 4.254608812E+01
1.560000000E+07 3.571631374E+02 8.441634230E+01 2.082038110E+02 9.532118183E+01 4.211045899E+01
1.580000000E+07 3.534018283E+02 8.355074925E+01 2.060442935E+02 9.438827949E+01 4.168440297E+01
1.600000000E+07 3.497250664E+02 8.270427806E+01 2.039326055E+02 9.347513294E+01 4.126759852E+01
1.620000000E+07 3.461299540E+02 8.187628220E+01 2.018671308E+02 9.258110068E+01 4.085973855E+01
1.640000000E+07 3.426137261E+02 8.106614445E+01 1.998463266E+02 9.170556914E+01 4.046052961E+01
1.660000000E+07 3.391737435E+02 8.027327526E+01 1.978687188E+02 9.084795123E+01 4.006969118E+01
1.680000000E+07 3.358074846E+02 7.949711113E+01 1.959328986E+02 9.000768482E+01 3.968695491E+01
1.700000000E+07 3.325125396E+02 7.873711325E+01 1.940375185E+02 8.918423149E+01 3.931206396E+01
1.720000000E+07 3.292866040E+02 7.799276607E+01 1.921812893E+02 8.837707517E+01 3.894477243E+01
1.740000000E+07 3.261274731E+02 7.726357612E+01 1.903629768E+02 8.758572113E+01 3.858484473E+01
1.760000000E+07 3.230330363E+02 7.654907079E+01 1.885813988E+02 8.680969474E+01 3.823205506E+01
1.780000000E+07 3.200012723E+02 7.584879722E+01 1.868354225E+02 8.604854053E+01 3.788618690E+01
1.800000000E+07 3.170302443E+02 7.516232128E+01 1.851239620E+02 8.530182122E+01 3.754703254E+01
1.820000000E+07 3.141180958E+02 7.448922663E+01 1.834459755E+02 8.456911678E+01 3.721439263E+01
1.840000000E+07 3.112630460E+02 7.382911377E+01 1.818004636E+02 8.385002357E+01 3.688807574E+01
1.860000000E+07 3.084633863E+02 7.318159917E+01 1.801864665E+02 8.314415356E+01 3.656789799E+01
1.880000000E+07 3.057174768E+02 7.254631457E+01 1.786030628E+02 8.245113364E+01 3.625368267E+01
1.900000000E+07 3.030237423E+02 7.192290608E+01 1.770493670E+02 8.177060477E+01 3.594525991E+01
1.920000000E+07 3.003806695E+02 7.131103362E+01 1.755245278E+02 8.110222141E+01 3.564246630E+01
1.940000000E+07 2.977868041E+02 7.071037013E+01 1.740277269E+02 8.044565087E+01 3.534514463E+01
1.960000000E+07 2.952407473E+02 7.012060102E+01 1.725581767E+02 7.980057269E+01 3.505314357E+01
1.980000000E+07 2.927411540E+02 6.954142355E+01 1.711151197E+02 7.916667810E+01 3.476631742E+01
2.000000000E+07 2.902867296E+02 6.897254624E+01 1.696978262E+02 7.854366946E+01 3.448452582E+01
2.020000000E+07 2.878762277E+02 6.841368842E+01 1.683055937E+02 7.793125979E+01 3.420763352E+01
2.040000000E+07 2.855084483E+02 6.786457969E+01 1.669377453E+02 7.732917229E+01 3.393551014E+01
2.060000000E+07 2.831822350E+02 6.732495941E+01 1.655936285E+02 7.673713983E+01 3.366802997E+01
2.080000000E+07 2.808964736E+02 6.679457632E+01 1.642726144E+02 7.615490462E+01 3.340507174E+01
2.100000000E+07 2.786500897E+02 6.627318809E+01 1.629740962E+02 7.558221772E+01 3.314651842E+01
2.120000000E+07 2.764420475E+02 6.576056093E+01 1.616974888E+02 7.501883872E+01 3.289225706E+01
2.140000000E+07 2.742713472E+02 6.525646920E+01 1.604422273E+02 7.446453532E+01 3.264217858E+01
2.160000000E+07 2.721370243E+02 6.476069508E+01 1.592077661E+02 7.391908301E+01 3.239617764E+01
2.180000000E+07 2.700381478E+02 6.427302820E+01 1.579935788E+02 7.338226480E+01 3.215415245E+01
2.200000000E+07 2.679738183E+02 6.379326536E+01 1.567991565E+02 7.285387080E+01 3.191600465E+01
2.220000000E+07 2.659431671E+02 6.332121017E+01 1.556240075E+02 7.233369799E+01 3.168163910E+01
2.240000000E+07 2.639453550E+02 6.285667282E+01 1.544676566E+02 7.182154993E+01 3.145096385E+01
2.260000000E+07 2.619795706E+02 6.239946976E+01 1.533296442E+02 7.131723650E+01 3.122388992E+01
2.280000000E+07 2.600450295E+02 6.194942349E+01 1.522095259E+02 7.082057366E+01 3.100033121E+01
2.300000000E+07 2.581409730E+02 6.150636224E+01 1.511068716E+02 7.033138312E+01 3.078020440E+01
2.320000000E+07 2.562666671E+02 6.107011981E+01 1.500212652E+02 6.984949222E+01 3.056342880E+01
2.340000000E+07 2.544214016E+02 6.064053530E+01 1.489523037E+02 6.937473369E+01 3.034992630E+01
2.360000000E+07 2.526044889E+02 6.021745294E+01 1.478995972E+02 6.890694537E+01 3.013962120E+01
2.380000000E+07 2.508152634E+02 5.980072180E+01 1.468627678E+02 6.844597007E+01 2.993244016E+01
2.400000000E+07 2.490530802E+02 5.939019571E+01 1.458414494E+02 6.799165539E+01 2.972831213E+01
2.420000000E+07 2.473173148E+02 5.898573300E+01 1.448352873E+02 6.754385349E+01 2.952716819E+01
2.440000000E+07 2.456073621E+02 5.858719635E+01 1.438439377E+02 6.710242095E+01 2.932894152E+01
2.460000000E+07 2.439226352E+02 5.819445262E+01 1.428670672E+02 6.666721862E+01 2.913356734E+01
2.480000000E+07 2.422625656E+02 5.780737269E+01 1.419043525E+02 6.623811143E+01 2.894098276E+01
2.500000000E+07 2.406266015E+02 5.742583130E+01 1.409554801E+02 6.581496823E+01 2.875112677E+01
2.520000000E+07 2.390142081E+02 5.704970693E+01 1.400201455E+02 6.539766168E+01 2.856394016E+01
2.540000000E+07 2.374248662E+02 5.667888164E+01 1.390980536E+02 6.498606811E+01 2.837936544E+01
2.560000000E+07 2.358580721E+02 5.631324093E+01 1.381889176E+02 6.458006736E+01 2.819734679E+01
2.580000000E+07 2.343133370E+02 5.595267363E+01 1.372924592E+02 6.417954268E+01 2.801782997E+01
2.600000000E+07 2.327901859E+02 5.559707179E+01 1.364084081E+02 6.378438059E+01 2.784076231E+01
2.620000000E+07 2.312881580E+02 5.524633053E+01 1.355365018E+02 6.339447078E+01 2.766609263E+01
2.640000000E+07 2.298068054E+02 5.490034796E+01 1.346764850E+02 6.300970603E+01 2.749377117E+01
2.660000000E+07 2.283456930E+02 5.455902505E+01 1.338281099E+02 6.262998198E+01 2.732374957E+01
2.680000000E+07 2.269043981E+02 5.422226556E+01 1.329911356E+02 6.225519721E+01 2.715598081E+01
2.700000000E+07 2.254825098E+02 5.388997590E+01 1.321653276E+02 6.188525298E+01 2.699041916E+01
2.720000000E+07 2.240796285E+02 5.356206506E+01 1.313504583E+02 6.152005325E+01 2.682702012E+01
2.740000000E+07 2.226953659E+02 5.323844456E+01 1.305463060E+02 6.115950452E+01 2.666574042E+01
2.760000000E+07 2.213293440E+02 5.291902828E+01 1.297526551E+02 6.080351579E+01 2.650653795E+01
2.780000000E+07 2.199811955E+02 5.260373245E+01 1.289692960E+02 6.045199844E+01 2.634937172E+01
2.800000000E+07 2.186505628E+02 5.229247553E+01 1.281960245E+02 6.010486617E+01 2.619420181E+01
2.820000000E+07 2.173370977E+02 5.198517816E+01 1.274326420E+02 5.976203492E+01 2.604098938E+01
2.840000000E+07 2.160404619E+02 5.168176308E+01 1.266789550E+02 5.942342282E+01 2.588969660E+01
2.860000000E+07 2.147603254E+02 5.138215503E+01 1.259347752E+02 5.908895008E+01 2.574028660E+01
2.880000000E+07 2.134963674E+02 5.108628078E+01 1.251999192E+02 5.875853895E+01 2.559272350E+01
2.900000000E+07 2.122482749E+02 5.079406890E+01 1.244742083E+02 5.843211363E+01 2.544697230E+01
2.920000000E+07 2.110157438E+02 5.050544989E+01 1.237574684E+02 5.810960025E+01 2.530299892E+01
2.940000000E+07 2.097984770E+02 5.022035593E+01 1.230495299E+02 5.779092674E+01 2.516077012E+01
2.960000000E+07 2.085961857E+02 4.993872101E+01 1.223502275E+02 5.747602289E+01 2.502025351E+01
2.980000000E+07 2.074085881E+02 4.966048076E+01 1.216594001E+02 5.716482016E+01 2.488141753E+01
3.000000000E+07 2.062354094E+02 4.938557236E+01 1.209768905E+02 5.685725168E+01 2.474423134E+01
3.020000000E+07 2.050763822E+02 4.911393465E+01 1.203025455E+02 5.655325227E+01 2.460866492E+01
3.040000000E+07 2.039312450E+02 4.884550788E+01 1.196362158E+02 5.625275824E+01 2.447468896E+01
3.060000000E+07 2.027997436E+02 4.858023385E+01 1.189777555E+02 5.595570751E+01 2.434227486E+01
3.080000000E+07 2.016816294E+02 4.831805576E+01 1.183270226E+02 5.566203944E+01 2.421139473E+01
3.100000000E+07 2.005766604E+02 4.805891815E+01 1.176838783E+02 5.537169482E+01 2.408202132E+01
3.120000000E+07 1.994846002E+02 4.780276697E+01 1.170481872E+02 5.508461589E+01 2.395412807E+01
3.140000000E+07 1.984052180E+02 4.754954936E+01 1.164198173E+02 5.480074616E+01 2.382768901E+01
3.160000000E+07 1.973382887E+02 4.729921379E+01 1.157986394E+02 5.452003050E+01 2.370267881E+01
3.180000000E+07 1.962835927E+02 4.705170992E+01 1.151845276E+02 5.424241506E+01 2.357907271E+01
3.200000000E+07 1.952409153E+02 4.680698866E+01 1.145773591E+02 5.396784724E+01 2.345684656E+01
3.220000000E+07 1.942100472E+02 4.656500195E+01 1.139770137E+02 5.369627561E+01 2.333597673E+01
3.240000000E+07 1.931907836E+02 4.632570294E+01 1.133833741E+02 5.342764992E+01 2.321644017E+01
3.260000000E+07 1.921829248E+02 4.608904580E+01 1.127963257E+02 5.316192105E+01 2.309821433E+01
3.280000000E+07 1.911862757E+02 4.585498583E+01 1.122157565E+02 5.289904102E+01 2.298127720E+01
3.300000000E+07 1.902006453E+02 4.562347925E+01 1.116415572E+02 5.263896287E+01 2.286560723E+01
3.320000000E+07 1.892258476E+02 4.539448333E+01 1.110736208E+02 5.238164070E+01 2.275118338E+01
3.340000000E+07 1.882617002E+02 4.516795630E+01 1.105118427E+02 5.212702964E+01 2.263798508E+01
3.360000000E+07 1.873080253E+02 4.494385731E+01 1.099561209E+02 5.187508578E+01 2.252599222E+01
3.380000000E+07 1.863646488E+02 4.472214643E+01 1.094063555E+02 5.162576620E+01 2.241518511E+01
3.400000000E+07 1.854314005E+02 4.450278461E+01 1.088624486E+02 5.137902885E+01 2.230554451E+01
3.420000000E+07 1.845081142E+02 4.428573369E+01 1.083243049E+02 5.113483269E+01 2.219705161E+01
3.440000000E+07 1.835946272E+02 4.407095625E+01 1.077918309E+02 5.089313743E+01 2.208968798E+01
3.460000000E+07 1.826907803E+02 4.385841583E+01 1.072649352E+02 5.065390375E+01 2.198343563E+01
3.480000000E+07 1.817964180E+02 4.364807660E+01 1.067435284E+02 5.041709310E+01 2.187827690E+01
3.500000000E+07 1.809113879E+02 4.343990363E+01 1.062275229E+02 5.018266775E+01 2.177419455E+01
3.520000000E+07 1.800355411E+02 4.323386268E+01 1.057168332E+02 4.995059082E+01 2.167117170E+01
3.540000000E+07 1.791687319E+02 4.302992022E+01 1.052113755E+02 4.972082612E+01 2.156919181E+01
3.560000000E+07 1.783108174E+02 4.282804347E+01 1.047110678E+02 4.949333823E+01 2.146823870E+01
3.580000000E+07 1.774616582E+02 4.262820032E+01 1.042158297E+02 4.926809250E+01 2.136829652E+01
3.600000000E+07 1.766211175E+02 4.243035934E+01 1.037255827E+02 4.904505497E+01 2.126934976E+01
3.620000000E+07 1.757890615E+02 4.223448975E+01 1.032402498E+02 4.882419235E+01 2.117138322E+01
3.640000000E+07 1.749653591E+02 4.204056140E+01 1.027597556E+02 4.860547205E+01 2.107438202E+01
3.660000000E+07 1.741498821E+02 4.184854477E+01 1.022840263E+02 4.838886214E+01 2.097833157E+01
3.680000000E+07 1.733425047E+02 4.165841094E+01 1.018129896E+02 4.817433132E+01 2.088321760E+01
3.700000000E+07 1.725431038E+02 4.147013157E+01 1.013465746E+02 4.796184890E+01 2.078902609E+01
3.720000000E+07 1.717515590E+02 4.128367892E+01 1.008847121E+02 4.775138484E+01 2.069574335E+01
3.740000000E+07 1.709677521E+02 4.109902579E+01 1.004273339E+02 4.754290969E+01 2.060335595E+01
3.760000000E+07 1.701915674E+02 4.091614553E+01 9.997437345E+01 4.733639454E+01 2.051185069E+01
3.780000000E+07 1.694228912E+02 4.073501199E+01 9.952576544E+01 4.713181106E+01 2.042121466E+01
3.800000000E+07 1.686616128E+02 4.055559962E+01 9.908144590E+01 4.692913149E+01 2.033143523E+01
3.820000000E+07 1.679076230E+02 4.037788327E+01 9.864135205E+01 4.672832860E+01 2.024249996E+01
3.840000000E+07 1.671608150E+02 4.020183836E+01 9.820542243E+01 4.652937569E+01 2.015439671E+01
3.860000000E+07 1.664210844E+02 4.002744080E+01 9.777359676E+01 4.633224656E+01 2.006711353E+01
3.880000000E+07 1.656883283E+02 3.985466688E+01 9.734581586E+01 4.613691551E+01 1.998063872E+01
3.900000000E+07 1.649624461E+02 3.968349340E+01 9.692202176E+01 4.594335733E+01 1.989496082E+01
3.920000000E+07 1.642433393E+02 3.951389766E+01 9.650215763E+01 4.575154731E+01 1.981006856E+01
3.940000000E+07 1.635309110E+02 3.934585732E+01 9.608616768E+01 4.556146115E+01 1.972595089E+01
3.960000000E+07 1.628250664E+02 3.917935047E+01 9.567399719E+01 4.537307507E+01 1.964259699E+01
3.980000000E+07 1.621257121E+02 3.901435563E+01 9.526559249E+01 4.518636566E+01 1.955999622E+01
4.000000000E+07 1.614327573E+02 3.885085179E+01 9.486090099E+01 4.500131004E+01 1.947813816E+01
4.020000000E+07 1.607461119E+02 3.868881821E+01 9.445987094E+01 4.481788566E+01 1.939701257E+01
4.040000000E+07 1.600656883E+02 3.852823461E+01 9.406245168E+01 4.463607041E+01 1.931660939E+01
4.060000000E+07 1.593914001E+02 3.836908110E+01 9.366859345E+01 4.445584263E+01 1.923691877E+01
4.080000000E+07 1.587231627E+02 3.821133813E+01 9.327824742E+01 4.427718099E+01 1.915793103E+01
4.100000000E+07 1.580608929E+02 3.805498649E+01 9.289136565E+01 4.410006458E+01 1.907963666E+01
4.120000000E+07 1.574045093E+02 3.790000738E+01 9.250790112E+01 4.392447287E+01 1.900202634E+01
4.140000000E+07 1.567539318E+02 3.774638229E+01 9.212780760E+01 4.375038567E+01 1.892509090E+01
4.160000000E+07 1.561090818E+02 3.759409308E+01 9.175103976E+01 4.357778319E+01 1.884882136E+01
4.180000000E+07 1.554698821E+02 3.744312192E+01 9.137755304E+01 4.340664594E+01 1.877320886E+01
4.200000000E+07 1.548362569E+02 3.729345127E+01 9.100730371E+01 4.323695481E+01 1.869824473E+01
4.220000000E+07 1.542081319E+02 3.714506398E+01 9.064024885E+01 4.306869104E+01 1.862392046E+01
4.240000000E+07 1.535854341E+02 3.699794314E+01 9.027634625E+01 4.290183615E+01 1.855022767E+01
4.260000000E+07 1.529680916E+02 3.685207219E+01 8.991555453E+01 4.273637204E+01 1.847715814E+01
4.280000000E+07 1.523560339E+02 3.670743479E+01 8.955783292E+01 4.257228087E+01 1.840470378E+01
4.300000000E+07 1.517491919E+02 3.656401496E+01 8.920314148E+01 4.240954514E+01 1.833285666E+01
4.320000000E+07 1.511474976E+02 3.642179697E+01 8.885144090E+01 4.224814763E+01 1.826160898E+01
4.340000000E+07 1.505508839E+02 3.628076535E+01 8.850269260E+01 4.208807144E+01 1.819095306E+01
4.360000000E+07 1.499592855E+02 3.614090492E+01 8.815685865E+01 4.192929994E+01 1.812088137E+01
4.380000000E+07 1.493726376E+02 3.600220075E+01 8.781390176E+01 4.177181679E+01 1.805138651E+01
4.400000000E+07 1.487908769E+02 3.586463816E+01 8.747378529E+01 4.161560590E+01 1.798246120E+01
4.420000000E+07 1.482139413E+02 3.572820277E+01 8.713647328E+01 4.146065152E+01 1.791409828E+01
4.440000000E+07 1.476417692E+02 3.559288035E+01 8.680193029E+01 4.130693807E+01 1.784629072E+01
4.460000000E+07 1.470743007E+02 3.545865703E+01 8.647012157E+01 4.115445031E+01 1.777903161E+01
4.480000000E+07 1.465114765E+02 3.532551906E+01 8.614101290E+01 4.100317321E+01 1.771231414E+01
4.500000000E+07 1.459532384E+02 3.519345297E+01 8.581457063E+01 4.085309198E+01 1.764613162E+01
4.520000000E+07 1.453995293E+02 3.506244555E+01 8.549076173E+01 4.070419211E+01 1.758047749E+01
4.540000000E+07 1.448502928E+02 3.493248375E+01 8.516955365E+01 4.055645930E+01 1.751534526E+01
4.560000000E+07 1.443054738E+02 3.480355477E+01 8.485091444E+01 4.040987949E+01 1.745072859E+01
4.580000000E+07 1.437650178E+02 3.467564601E+01 8.453481267E+01 4.026443886E+01 1.738662122E+01
4.600000000E+07 1.432288715E+02 3.454874509E+01 8.422121739E+01 4.012012379E+01 1.732301700E+01
4.620000000E+07 1.426969822E+02 3.442283984E+01 8.391009821E+01 3.997692092E+01 1.725990987E+01
4.640000000E+07 1.421692980E+02 3.429791822E+01 8.360142516E+01 3.983481704E+01 1.719729387E+01
4.660000000E+07 1.416457683E+02 3.417396847E+01 8.329516882E+01 3.969379921E+01 1.713516314E+01
4.680000000E+07 1.411263428E+02 3.405097896E+01 8.299130022E+01 3.955385465E+01 1.707351193E+01
4.700000000E+07 1.406109725E+02 3.392893833E+01 8.268979092E+01 3.941497085E+01 1.701233455E+01
4.720000000E+07 1.400996088E+02 3.380783530E+01 8.239061285E+01 3.927713542E+01 1.695162543E+01
4.740000000E+07 1.395922040E+02 3.368765880E+01 8.209373837E+01 3.914033619E+01 1.689137907E+01
4.760000000E+07 1.390887113E+02 3.356839801E+01 8.179914043E+01 3.900456123E+01 1.683159006E+01
4.780000000E+07 1.385890844E+02 3.345004216E+01 8.150679223E+01 3.886979870E+01 1.677225308E+01
4.800000000E+07 1.380932780E+02 3.333258074E+01 8.121666750E+01 3.873603704E+01 1.671336290E+01
4.820000000E+07 1.376012473E+02 3.321600338E+01 8.092874037E+01 3.860326480E+01 1.665491434E+01
4.840000000E+07 1.371129484E+02 3.310029987E+01 8.064298535E+01 3.847147076E+01 1.659690235E+01
4.860000000E+07 1.366283379E+02 3.298546014E+01 8.035937736E+01 3.834064381E+01 1.653932191E+01
4.880000000E+07 1.361473732E+02 3.287147432E+01 8.007789171E+01 3.821077307E+01 1.648216811E+01
4.900000000E+07 1.356700123E+02 3.275833264E+01 7.979850408E+01 3.808184779E+01 1.642543611E+01
4.920000000E+07 1.351962139E+02 3.264602552E+01 7.952119056E+01 3.795385739E+01 1.636912112E+01
4.940000000E+07 1.347259372E+02 3.253454351E+01 7.924592757E+01 3.782679146E+01 1.631321845E+01
4.960000000E+07 1.342591423E+02 3.242387730E+01 7.897269189E+01 3.770063973E+01 1.625772347E+01
4.980000000E+07 1.337957897E+02 3.231401775E+01 7.870146070E+01 3.757539211E+01 1.620263164E+01
5.000000000E+07 1.333358404E+02 3.220495579E+01 7.843221142E+01 3.745103860E+01 1.614793844E+01
5.020000000E+07 1.328792563E+02 3.209668259E+01 7.816492197E+01 3.732756943E+01 1.609363947E+01
5.040000000E+07 1.324259997E+02 3.198918937E+01 7.789957049E+01 3.720497494E+01 1.603973037E+01
5.060000000E+07 1.319760334E+02 3.188246748E+01 7.763613541E+01 3.708324556E+01 1.598620684E+01
5.080000000E+07 1.315293209E+02 3.177650848E+01 7.737459564E+01 3.696237196E+01 1.593306466E+01
5.100000000E+07 1.310858262E+02 3.167130395E+01 7.711493022E+01 3.684234486E+01 1.588029966E+01
5.120000000E+07 1.306455139E+02 3.156684568E+01 7.685711865E+01 3.672315516E+01 1.582790774E+01
5.140000000E+07 1.302083489E+02 3.146312554E+01 7.660114069E+01 3.660479390E+01 1.577588487E+01
5.160000000E+07 1.297742968E+02 3.136013551E+01 7.634697632E+01 3.648725221E+01 1.572422704E+01
5.180000000E+07 1.293433237E+02 3.125786771E+01 7.609460589E+01 3.637052137E+01 1.567293033E+01
5.200000000E+07 1.289153962E+02 3.115631436E+01 7.584401001E+01 3.625459277E+01 1.562199088E+01
5.220000000E+07 1.284904813E+02 3.105546782E+01 7.559516963E+01 3.613945798E+01 1.557140487E+01
5.240000000E+07 1.280685466E+02 3.095532054E+01 7.534806588E+01 3.602510862E+01 1.552116854E+01
5.260000000E+07 1.276495601E+02 3.085586505E+01 7.510268022E+01 3.591153645E+01 1.547127819E+01
5.280000000E+07 1.272334903E+02 3.075709405E+01 7.485899438E+01 3.579873337E+01 1.542173016E+01
5.300000000E+07 1.268203060E+02 3.065900030E+01 7.461699032E+01 3.568669137E+01 1.537252085E+01
5.320000000E+07 1.264099767E+02 3.056157665E+01 7.437665027E+01 3.557540254E+01 1.532364672E+01
5.340000000E+07 1.260024721E+02 3.046481611E+01 7.413795674E+01 3.546485913E+01 1.527510426E+01
5.360000000E+07 1.255977625E+02 3.036871173E+01 7.390089244E+01 3.535505345E+01 1.522689002E+01
5.380000000E+07 1.251958185E+02 3.027325668E+01 7.366544036E+01 3.524597793E+01 1.517900059E+01
5.400000000E+07 1.247966113E+02 3.017844425E+01 7.343158372E+01 3.513762513E+01 1.513143264E+01
5.420000000E+07 1.244001123E+02 3.008426778E+01 7.319930598E+01 3.502998768E+01 1.508418285E+01
5.440000000E+07 1.240062934E+02 2.999072074E+01 7.296859081E+01 3.492305831E+01 1.503724795E+01
5.460000000E+07 1.236151267E+02 2.989779666E+01 7.273942212E+01 3.481682988E+01 1.499062473E+01
5.480000000E+07 1.232265851E+02 2.980548917E+01 7.251178403E+01 3.471129531E+01 1.494431002E+01
5.500000000E+07 1.228406416E+02 2.971379201E+01 7.228566093E+01 3.460644766E+01 1.489830068E+01
5.520000000E+07 1.224572695E+02 2.962269896E+01 7.206103734E+01 3.450228004E+01 1.485259364E+01
5.540000000E+07 1.220764428E+02 2.953220394E+01 7.183789810E+01 3.439878569E+01 1.480718584E+01
5.560000000E+07 1.216981353E+02 2.944230091E+01 7.161622813E+01 3.429595789E+01 1.476207428E+01
5.580000000E+07 1.213223217E+02 2.935298393E+01 7.139601268E+01 3.419379009E+01 1.471725600E+01
5.600000000E+07 1.209489768E+02 2.926424714E+01 7.117723710E+01 3.409227574E+01 1.467272809E+01
5.620000000E+07 1.205780758E+02 2.917608475E+01 7.095988700E+01 3.399140844E+01 1.462848764E+01
5.640000000E+07 1.202095942E+02 2.908849106E+01 7.074394816E+01 3.389118185E+01 1.458453182E+01
5.660000000E+07 1.198435078E+02 2.900146044E+01 7.052940655E+01 3.379158971E+01 1.454085783E+01
5.680000000E+07 1.194797928E+02 2.891498732E+01 7.031624831E+01 3.369262584E+01 1.449746288E+01
5.700000000E+07 1.191184257E+02 2.882906625E+01 7.010445985E+01 3.359428418E+01 1.445434426E+01
5.720000000E+07 1.187593833E+02 2.874369179E+01 6.989402762E+01 3.349655869E+01 1.441149925E+01
5.740000000E+07 1.184026427E+02 2.865885862E+01 6.968493838E+01 3.339944344E+01 1.436892521E+01
5.760000000E+07 1.180481814E+02 2.857456149E+01 6.947717901E+01 3.330293260E+01 1.432661950E+01
5.780000000E+07 1.176959770E+02 2.849079518E+01 6.927073655E+01 3.320702037E+01 1.428457953E+01
5.800000000E+07 1.173460074E+02 2.840755454E+01 6.906559819E+01 3.311170103E+01 1.424280274E+01
5.820000000E+07 1.169982512E+02 2.832483455E+01 6.886175136E+01 3.301696898E+01 1.420128661E+01
5.840000000E+07 1.166526867E+02 2.824263019E+01 6.865918361E+01 3.292281864E+01 1.416002864E+01
5.860000000E+07 1.163092929E+02 2.816093654E+01 6.845788268E+01 3.282924454E+01 1.411902638E+01
5.880000000E+07 1.159680489E+02 2.807974871E+01 6.825783637E+01 3.273624123E+01 1.407827739E+01
5.900000000E+07 1.156289341E+02 2.799906191E+01 6.805903277E+01 3.264380338E+01 1.403777927E+01
5.920000000E+07 1.152919281E+02 2.791887139E+01 6.786146005E+01 3.255192571E+01 1.399752967E+01
5.940000000E+07 1.149570110E+02 2.783917247E+01 6.766510657E+01 3.246060301E+01 1.395752623E+01
5.960000000E+07 1.146241628E+02 2.775996052E+01 6.746996074E+01 3.236983009E+01 1.391776665E+01
5.980000000E+07 1.142933640E+02 2.768123098E+01 6.727601126E+01 3.227960191E+01 1.387824866E+01
6.000000000E+07 1.139645953E+02 2.760297934E+01 6.708324688E+01 3.218991343E+01 1.383897000E+01
6.020000000E+07 1.136378376E+02 2.752520114E+01 6.689165653E+01 3.210075968E+01 1.379992845E+01
6.040000000E+07 1.133130721E+02 2.744789200E+01 6.670122925E+01 3.201213578E+01 1.376112183E+01
6.060000000E+07 1.129902803E+02 2.737104757E+01 6.651195424E+01 3.192403688E+01 1.372254795E+01
6.080000000E+07 1.126694436E+02 2.729466355E+01 6.632382079E+01 3.183645820E+01 1.368420468E+01
6.100000000E+07 1.123505441E+02 2.721873573E+01 6.613681844E+01 3.174939503E+01 1.364608991E+01
6.120000000E+07 1.120335638E+02 2.714325992E+01 6.595093672E+01 3.166284270E+01 1.360820156E+01
6.140000000E+07 1.117184850E+02 2.706823197E+01 6.576616535E+01 3.157679660E+01 1.357053754E+01
6.160000000E+07 1.114052903E+02 2.699364784E+01 6.558249422E+01 3.149125219E+01 1.353309585E+01
6.180000000E+07 1.110939625E+02 2.691950348E+01 6.539991328E+01 3.140620498E+01 1.349587445E+01
6.200000000E+07 1.107844844E+02 2.684579492E+01 6.521841261E+01 3.132165051E+01 1.345887137E+01
6.220000000E+07 1.104768394E+02 2.677251821E+01 6.503798245E+01 3.123758441E+01 1.342208464E+01
6.240000000E+07 1.101710107E+02 2.669966949E+01 6.485861312E+01 3.115400235E+01 1.338551233E+01
6.260000000E+07 1.098669819E+02 2.662724490E+01 6.468029506E+01 3.107090002E+01 1.334915250E+01
6.280000000E+07 1.095647368E+02 2.655524068E+01 6.450301888E+01 3.098827322E+01 1.331300329E+01
6.300000000E+07 1.092642596E+02 2.648365307E+01 6.432677525E+01 3.090611777E+01 1.327706281E+01
6.320000000E+07 1.089655341E+02 2.641247837E+01 6.415155493E+01 3.082442951E+01 1.324132922E+01
6.340000000E+07 1.086685450E+02 2.634171292E+01 6.397734887E+01 3.074320439E+01 1.320580069E+01
6.360000000E+07 1.083732766E+02 2.627135312E+01 6.380414806E+01 3.066243835E+01 1.317047541E+01
6.380000000E+07 1.080797138E+02 2.620139540E+01 6.363194362E+01 3.058212742E+01 1.313535162E+01
6.400000000E+07 1.077878415E+02 2.613183624E+01 6.346072680E+01 3.050226765E+01 1.310042753E+01
6.420000000E+07 1.074976447E+02 2.606267214E+01 6.329048890E+01 3.042285516E+01 1.306570143E+01
6.440000000E+07 1.072091088E+02 2.599389966E+01 6.312122137E+01 3.034388608E+01 1.303117157E+01
6.460000000E+07 1.069222192E+02 2.592551542E+01 6.295291574E+01 3.026535663E+01 1.299683627E+01
6.480000000E+07 1.066369615E+02 2.585751603E+01 6.278556365E+01 3.018726303E+01 1.296269385E+01
6.500000000E+07 1.063533215E+02 2.578989816E+01 6.261915681E+01 3.010960157E+01 1.292874263E+01
6.520000000E+07 1.060712852E+02 2.572265857E+01 6.245368708E+01 3.003236859E+01 1.289498099E+01
6.540000000E+07 1.057908387E+02 2.565579396E+01 6.228914634E+01 2.995556043E+01 1.286140729E+01
6.560000000E+07 1.055119682E+02 2.558930115E+01 6.212552665E+01 2.987917352E+01 1.282801994E+01
6.580000000E+07 1.052346603E+02 2.552317696E+01 6.196282009E+01 2.980320429E+01 1.279481735E+01
6.600000000E+07 1.049589015E+02 2.545741827E+01 6.180101890E+01 2.972764928E+01 1.276179795E+01
6.620000000E+07 1.046846786E+02 2.539202196E+01 6.164011532E+01 2.965250496E+01 1.272896020E+01
6.640000000E+07 1.044119784E+02 2.532698496E+01 6.148010173E+01 2.957776794E+01 1.269630256E+01
6.660000000E+07 1.041407881E+02 2.526230427E+01 6.132097065E+01 2.950343482E+01 1.266382352E+01
6.680000000E+07 1.038710948E+02 2.519797687E+01 6.116271455E+01 2.942950222E+01 1.263152157E+01
6.700000000E+07 1.036028859E+02 2.513399981E+01 6.100532613E+01 2.935596686E+01 1.259939525E+01
6.720000000E+07 1.033361489E+02 2.507037015E+01 6.084879810E+01 2.928282545E+01 1.256744308E+01
6.740000000E+07 1.030708714E+02 2.500708501E+01 6.069312323E+01 2.921007474E+01 1.253566362E+01
6.760000000E+07 1.028070413E+02 2.494414152E+01 6.053829443E+01 2.913771153E+01 1.250405544E+01
6.780000000E+07 1.025446464E+02 2.488153687E+01 6.038430468E+01 2.906573266E+01 1.247261714E+01
6.800000000E+07 1.022836747E+02 2.481926823E+01 6.023114697E+01 2.899413498E+01 1.244134729E+01
6.820000000E+07 1.020241144E+02 2.475733284E+01 6.007881443E+01 2.892291537E+01 1.241024452E+01
6.840000000E+07 1.017659539E+02 2.469572798E+01 5.992730030E+01 2.885207081E+01 1.237930747E+01
6.860000000E+07 1.015091817E+02 2.463445092E+01 5.977659779E+01 2.878159822E+01 1.234853477E+01
6.880000000E+07 1.012537862E+02 2.457349900E+01 5.962670029E+01 2.871149463E+01 1.231792510E+01
6.900000000E+07 1.009997562E+02 2.451286957E+01 5.947760118E+01 2.864175705E+01 1.228747713E+01
6.920000000E+07 1.007470805E+02 2.445256001E+01 5.932929400E+01 2.857238257E+01 1.225718954E+01
6.940000000E+07 1.004957481E+02 2.439256774E+01 5.918177230E+01 2.850336827E+01 1.222706105E+01
6.960000000E+07 1.002457480E+02 2.433289017E+01 5.903502965E+01 2.843471127E+01 1.219709037E+01
6.980000000E+07 9.999706946E+01 2.427352481E+01 5.888905984E+01 2.836640874E+01 1.216727624E+01
7.000000000E+07 9.974970166E+01 2.421446911E+01 5.874385656E+01 2.829845785E+01 1.213761739E+01
7.020000000E+07 9.950363417E+01 2.415572062E+01 5.859941373E+01 2.823085585E+01 1.210811261E+01
7.040000000E+07 9.925885649E+01 2.409727690E+01 5.845572521E+01 2.816359998E+01 1.207876065E+01
7.060000000E+07 9.901535822E+01 2.403913548E+01 5.831278496E+01 2.809668749E+01 1.204956030E+01
7.080000000E+07 9.877312920E+01 2.398129399E+01 5.817058705E+01 2.803011573E+01 1.202051036E+01
7.100000000E+07 9.853215925E+01 2.392375006E+01 5.802912556E+01 2.796388200E+01 1.199160966E+01
7.120000000E+07 9.829243830E+01 2.386650132E+01 5.788839463E+01 2.789798367E+01 1.196285700E+01
7.140000000E+07 9.805395658E+01 2.380954547E+01 5.774838854E+01 2.783241814E+01 1.193425123E+01
7.160000000E+07 9.781670416E+01 2.375288019E+01 5.760910152E+01 2.776718282E+01 1.190579119E+01
7.180000000E+07 9.758067141E+01 2.369650322E+01 5.747052795E+01 2.770227516E+01 1.187747576E+01
7.200000000E+07 9.734584870E+01 2.364041230E+01 5.733266223E+01 2.763769263E+01 1.184930380E+01
7.220000000E+07 9.711222660E+01 2.358460522E+01 5.719549883E+01 2.757343274E+01 1.182127420E+01
7.240000000E+07 9.687979564E+01 2.352907976E+01 5.705903228E+01 2.750949300E+01 1.179338586E+01
7.260000000E+07 9.664854651E+01 2.347383373E+01 5.692325712E+01 2.744587095E+01 1.176563768E+01
7.280000000E+07 9.641847012E+01 2.341886501E+01 5.678816805E+01 2.738256419E+01 1.173802860E+01
7.300000000E+07 9.618955725E+01 2.336417142E+01 5.665375972E+01 2.731957031E+01 1.171055753E+01
7.320000000E+07 9.596179896E+01 2.330975087E+01 5.652002689E+01 2.725688692E+01 1.168322342E+01
7.340000000E+07 9.573518630E+01 2.325560126E+01 5.638696437E+01 2.719451169E+01 1.165602522E+01
7.360000000E+07 9.550971054E+01 2.320172055E+01 5.625456703E+01 2.713244229E+01 1.162896191E+01
7.380000000E+07 9.528536282E+01 2.314810665E+01 5.612282975E+01 2.707067641E+01 1.160203245E+01
7.400000000E+07 9.506213453E+01 2.309475754E+01 5.599174751E+01 2.700921176E+01 1.157523582E+01
7.420000000E+07 9.484001718E+01 2.304167123E+01 5.586131531E+01 2.694804610E+01 1.154857103E+01
7.440000000E+07 9.461900230E+01 2.298884574E+01 5.573152824E+01 2.688717719E+01 1.152203708E+01
7.460000000E+07 9.439908149E+01 2.293627908E+01 5.560238142E+01 2.682660283E+01 1.149563299E+01
7.480000000E+07 9.418024649E+01 2.288396933E+01 5.547387000E+01 2.676632081E+01 1.146935778E+01
7.500000000E+07 9.396248899E+01 2.283191452E+01 5.534598918E+01 2.670632897E+01 1.144321048E+01
7.520000000E+07 9.374580103E+01 2.278011279E+01 5.521873425E+01 2.664662518E+01 1.141719015E+01
7.540000000E+07 9.353017446E+01 2.272856224E+01 5.509210052E+01 2.658720729E+01 1.139129584E+01
7.560000000E+07 9.331560138E+01 2.267726100E+01 5.496608334E+01 2.652807322E+01 1.136552662E+01
7.580000000E+07 9.310207386E+01 2.262620720E+01 5.484067812E+01 2.646922087E+01 1.133988155E+01
7.600000000E+07 9.288958411E+01 2.257539902E+01 5.471588030E+01 2.641064818E+01 1.131435972E+01
7.620000000E+07 9.267812446E+01 2.252483467E+01 5.459168539E+01 2.635235312E+01 1.128896023E+01
7.640000000E+07 9.246768724E+01 2.247451233E+01 5.446808894E+01 2.629433367E+01 1.126368217E+01
7.660000000E+07 9.225826488E+01 2.242443024E+01 5.434508653E+01 2.623658783E+01 1.123852466E+01
7.680000000E+07 9.204984982E+01 2.237458661E+01 5.422267375E+01 2.617911359E+01 1.121348680E+01
7.700000000E+07 9.184243480E+01 2.232497974E+01 5.410084634E+01 2.612190901E+01 1.118856774E+01
7.720000000E+07 9.163601234E+01 2.227560786E+01 5.397959998E+01 2.606497215E+01 1.116376661E+01
7.740000000E+07 9.143057522E+01 2.222646930E+01 5.385893043E+01 2.600830108E+01 1.113908255E+01
7.760000000E+07 9.122611629E+01 2.217756235E+01 5.373883351E+01 2.595189390E+01 1.111451472E+01
7.780000000E+07 9.102262830E+01 2.212888533E+01 5.361930502E+01 2.589574870E+01 1.109006227E+01
7.800000000E+07 9.082010431E+01 2.208043660E+01 5.350034089E+01 2.583986365E+01 1.106572439E+01
7.820000000E+07 9.061853728E+01 2.203221451E+01 5.338193702E+01 2.578423686E+01 1.104150023E+01
7.840000000E+07 9.041792024E+01 2.198421741E+01 5.326408935E+01 2.572886652E+01 1.101738899E+01
7.860000000E+07 9.021824647E+01 2.193644373E+01 5.314679392E+01 2.567375081E+01 1.099338987E+01
7.880000000E+07 9.001950905E+01 2.188889185E+01 5.303004675E+01 2.561888793E+01 1.096950206E+01
7.900000000E+07 8.982170133E+01 2.184156019E+01 5.291384391E+01 2.556427608E+01 1.094572477E+01
7.920000000E+07 8.962481664E+01 2.179444719E+01 5.279818154E+01 2.550991353E+01 1.092205722E+01
7.940000000E+07 8.942884836E+01 2.174755130E+01 5.268305577E+01 2.545579851E+01 1.089849864E+01
7.960000000E+07 8.923379001E+01 2.170087098E+01 5.256846280E+01 2.540192929E+01 1.087504825E+01
7.980000000E+07 8.903963505E+01 2.165440472E+01 5.245439885E+01 2.534830417E+01 1.085170529E+01
8.000000000E+07 8.884637719E+01 2.160815101E+01 5.234086020E+01 2.529492143E+01 1.082846901E+01
8.020000000E+07 8.865400997E+01 2.156210836E+01 5.222784312E+01 2.524177941E+01 1.080533866E+01
8.040000000E+07 8.846252723E+01 2.151627529E+01 5.211534398E+01 2.518887642E+01 1.078231350E+01
8.060000000E+07 8.827192263E+01 2.147065033E+01 5.200335911E+01 2.513621083E+01 1.075939280E+01
8.080000000E+07 8.808219001E+01 2.142523203E+01 5.189188492E+01 2.508378098E+01 1.073657583E+01
8.100000000E+07 8.789332337E+01 2.138001898E+01 5.178091787E+01 2.503158528E+01 1.071386187E+01
8.120000000E+07 8.770531658E+01 2.133500972E+01 5.167045440E+01 2.497962209E+01 1.069125022E+01
8.140000000E+07 8.751816363E+01 2.129020287E+01 5.156049103E+01 2.492788985E+01 1.066874015E+01
8.160000000E+07 8.733185867E+01 2.124559702E+01 5.145102429E+01 2.487638696E+01 1.064633099E+01
8.180000000E+07 8.714639577E+01 2.120119079E+01 5.134205075E+01 2.482511188E+01 1.062402202E+01
8.200000000E+07 8.696176907E+01 2.115698280E+01 5.123356701E+01 2.477406304E+01 1.060181257E+01
8.220000000E+07 8.677797284E+01 2.111297170E+01 5.112556968E+01 2.472323892E+01 1.057970195E+01
8.240000000E+07 8.659500133E+01 2.106915614E+01 5.101805543E+01 2.467263799E+01 1.055768949E+01
8.260000000E+07 8.641284894E+01 2.102553480E+01 5.091102098E+01 2.462225875E+01 1.053577452E+01
8.280000000E+07 8.623151000E+01 2.098210635E+01 5.080446304E+01 2.457209973E+01 1.051395639E+01
8.300000000E+07 8.605097904E+01 2.093886949E+01 5.069837837E+01 2.452215943E+01 1.049223443E+01
8.320000000E+07 8.587125041E+01 2.089582290E+01 5.059276372E+01 2.447243638E+01 1.047060799E+01
8.340000000E+07 8.569231872E+01 2.085296533E+01 5.048761592E+01 2.442292913E+01 1.044907644E+01
8.360000000E+07 8.551417864E+01 2.081029548E+01 5.038293185E+01 2.437363626E+01 1.042763913E+01
8.380000000E+07 8.533682467E+01 2.076781209E+01 5.027870831E+01 2.432455632E+01 1.040629543E+01
8.400000000E+07 8.516025158E+01 2.072551392E+01 5.017494224E+01 2.427568792E+01 1.038504472E+01
8.420000000E+07 8.498445410E+01 2.068339974E+01 5.007163058E+01 2.422702965E+01 1.036388638E+01
8.440000000E+07 8.480942702E+01 2.064146830E+01 4.996877027E+01 2.417858012E+01 1.034281978E+01
8.460000000E+07 8.463516512E+01 2.059971840E+01 4.986635828E+01 2.413033796E+01 1.032184432E+01
8.480000000E+07 8.446166338E+01 2.055814882E+01 4.976439164E+01 2.408230180E+01 1.030095940E+01
8.500000000E+07 8.428891661E+01 2.051675837E+01 4.966286734E+01 2.403447028E+01 1.028016441E+01
8.520000000E+07 8.411691989E+01 2.047554588E+01 4.956178251E+01 2.398684209E+01 1.025945877E+01
8.540000000E+07 8.394566816E+01 2.043451016E+01 4.946113420E+01 2.393941588E+01 1.023884188E+01
8.560000000E+07 8.377515654E+01 2.039365006E+01 4.936091955E+01 2.389219035E+01 1.021831317E+01
8.580000000E+07 8.360538008E+01 2.035296441E+01 4.926113566E+01 2.384516418E+01 1.019787204E+01
8.600000000E+07 8.343633394E+01 2.031245208E+01 4.916177972E+01 2.379833607E+01 1.017751794E+01
8.620000000E+07 8.326801331E+01 2.027211193E+01 4.906284893E+01 2.375170477E+01 1.015725030E+01
8.640000000E+07 8.310041349E+01 2.023194285E+01 4.896434050E+01 2.370526899E+01 1.013706854E+01
8.660000000E+07 8.293352971E+01 2.019194373E+01 4.886625168E+01 2.365902749E+01 1.011697212E+01
8.680000000E+07 8.276735722E+01 2.015211343E+01 4.876857969E+01 2.361297898E+01 1.009696048E+01
8.700000000E+07 8.260189150E+01 2.011245089E+01 4.867132188E+01 2.356712227E+01 1.007703307E+01
8.720000000E+07 8.243712784E+01 2.007295502E+01 4.857447551E+01 2.352145610E+01 1.005718935E+01
8.740000000E+07 8.227306180E+01 2.003362476E+01 4.847803797E+01 2.347597927E+01 1.003742878E+01
8.760000000E+07 8.210968870E+01 1.999445900E+01 4.838200655E+01 2.343069057E+01 1.001775083E+01
8.780000000E+07 8.194700421E+01 1.995545673E+01 4.828637869E+01 2.338558880E+01 9.998154963E+00
8.800000000E+07 8.178500387E+01 1.991661689E+01 4.819115179E+01 2.334067280E+01 9.978640663E+00
8.820000000E+07 8.162368320E+01 1.987793844E+01 4.809632326E+01 2.329594137E+01 9.959207404E+00
8.840000000E+07 8.146303782E+01 1.983942033E+01 4.800189052E+01 2.325139333E+01 9.939854668E+00
8.860000000E+07 8.130306354E+01 1.980106158E+01 4.790785111E+01 2.320702757E+01 9.920581952E+00
8.880000000E+07 8.114375594E+01 1.976286116E+01 4.781420247E+01 2.316284291E+01 9.901388741E+00
8.900000000E+07 8.098511085E+01 1.972481806E+01 4.772094215E+01 2.311883823E+01 9.882274541E+00
8.920000000E+07 8.082712401E+01 1.968693130E+01 4.762806766E+01 2.307501240E+01 9.863238845E+00
8.940000000E+07 8.066979120E+01 1.964919987E+01 4.753557655E+01 2.303136430E+01 9.844281161E+00
8.960000000E+07 8.051310839E+01 1.961162283E+01 4.744346644E+01 2.298789284E+01 9.825401005E+00
8.980000000E+07 8.035707140E+01 1.957419918E+01 4.735173489E+01 2.294459690E+01 9.806597884E+00
9.000000000E+07 8.020167612E+01 1.953692797E+01 4.726037952E+01 2.290147540E+01 9.787871319E+00
9.020000000E+07 8.004691855E+01 1.949980825E+01 4.716939800E+01 2.285852726E+01 9.769220833E+00
9.040000000E+07 7.989279471E+01 1.946283908E+01 4.707878796E+01 2.281575142E+01 9.750645954E+00
9.060000000E+07 7.973930063E+01 1.942601951E+01 4.698854710E+01 2.277314681E+01 9.732146210E+00
9.080000000E+07 7.958643233E+01 1.938934863E+01 4.689867310E+01 2.273071238E+01 9.713721135E+00
9.100000000E+07 7.943418591E+01 1.935282550E+01 4.680916367E+01 2.268844707E+01 9.695370267E+00
9.120000000E+07 7.928255756E+01 1.931644922E+01 4.672001659E+01 2.264634988E+01 9.677093152E+00
9.140000000E+07 7.913154332E+01 1.928021886E+01 4.663122956E+01 2.260441974E+01 9.658889327E+00
9.160000000E+07 7.898113955E+01 1.924413357E+01 4.654280041E+01 2.256265568E+01 9.640758356E+00
9.180000000E+07 7.883134227E+01 1.920819240E+01 4.645472687E+01 2.252105664E+01 9.622699777E+00
9.200000000E+07 7.868214793E+01 1.917239452E+01 4.636700681E+01 2.247962166E+01 9.604713159E+00
9.220000000E+07 7.853355268E+01 1.913673902E+01 4.627963802E+01 2.243834972E+01 9.586798052E+00
9.240000000E+07 7.838555292E+01 1.910122504E+01 4.619261837E+01 2.239723985E+01 9.568954029E+00
9.260000000E+07 7.823814494E+01 1.906585172E+01 4.610594571E+01 2.235629106E+01 9.551180654E+00
9.280000000E+07 7.809132516E+01 1.903061821E+01 4.601961792E+01 2.231550240E+01 9.533477499E+00
9.300000000E+07 7.794509003E+01 1.899552367E+01 4.593363294E+01 2.227487289E+01 9.515844142E+00
9.320000000E+07 7.779943586E+01 1.896056723E+01 4.584798863E+01 2.223440158E+01 9.498280155E+00
9.340000000E+07 7.765435921E+01 1.892574808E+01 4.576268296E+01 2.219408753E+01 9.480785124E+00
9.360000000E+07 7.750985652E+01 1.889106538E+01 4.567771386E+01 2.215392980E+01 9.463358632E+00
9.380000000E+07 7.736592442E+01 1.885651833E+01 4.559307934E+01 2.211392747E+01 9.446000274E+00
9.400000000E+07 7.722255938E+01 1.882210610E+01 4.550877733E+01 2.207407959E+01 9.428709633E+00
9.420000000E+07 7.707975799E+01 1.878782788E+01 4.542480586E+01 2.203438526E+01 9.411486311E+00
9.440000000E+07 7.693751682E+01 1.875368288E+01 4.534116294E+01 2.199484358E+01 9.394329900E+00
9.460000000E+07 7.679583260E+01 1.871967030E+01 4.525784660E+01 2.195545363E+01 9.377240008E+00
9.480000000E+07 7.665470191E+01 1.868578934E+01 4.517485490E+01 2.191621453E+01 9.360216237E+00
9.500000000E+07 7.651412147E+01 1.865203925E+01 4.509218590E+01 2.187712539E+01 9.343258194E+00
9.520000000E+07 7.637408802E+01 1.861841923E+01 4.500983767E+01 2.183818532E+01 9.326365491E+00
9.540000000E+07 7.623459828E+01 1.858492852E+01 4.492780831E+01 2.179939346E+01 9.309537744E+00
9.560000000E+07 7.609564904E+01 1.855156636E+01 4.484609596E+01 2.176074895E+01 9.292774572E+00
9.580000000E+07 7.595723701E+01 1.851833197E+01 4.476469868E+01 2.172225090E+01 9.276075586E+00
9.600000000E+07 7.581935917E+01 1.848522464E+01 4.468361468E+01 2.168389850E+01 9.259440422E+00
9.620000000E+07 7.568201221E+01 1.845224359E+01 4.460284206E+01 2.164569087E+01 9.242868695E+00
9.640000000E+07 7.554519309E+01 1.841938810E+01 4.452237903E+01 2.160762718E+01 9.226360043E+00
9.660000000E+07 7.540889865E+01 1.838665742E+01 4.444222375E+01 2.156970661E+01 9.209914092E+00
9.680000000E+07 7.527312587E+01 1.835405084E+01 4.436237444E+01 2.153192832E+01 9.193530481E+00
9.700000000E+07 7.513787165E+01 1.832156764E+01 4.428282929E+01 2.149429149E+01 9.177208847E+00
9.720000000E+07 7.500313298E+01 1.828920708E+01 4.420358655E+01 2.145679531E+01 9.160948830E+00
9.740000000E+07 7.486890686E+01 1.825696848E+01 4.412464444E+01 2.141943898E+01 9.144750075E+00
9.760000000E+07 7.473519029E+01 1.822485111E+01 4.404600122E+01 2.138222170E+01 9.128612227E+00
9.780000000E+07 7.460198032E+01 1.819285429E+01 4.396765517E+01 2.134514266E+01 9.112534936E+00
9.800000000E+07 7.446927401E+01 1.816097732E+01 4.388960456E+01 2.130820108E+01 9.096517854E+00
9.820000000E+07 7.433706840E+01 1.812921949E+01 4.381184768E+01 2.127139618E+01 9.080560632E+00
9.840000000E+07 7.420536067E+01 1.809758015E+01 4.373438285E+01 2.123472718E+01 9.064662933E+00
9.860000000E+07 7.407414797E+01 1.806605861E+01 4.365720841E+01 2.119819332E+01 9.048824416E+00
9.880000000E+07 7.394342734E+01 1.803465419E+01 4.358032266E+01 2.116179381E+01 9.033044738E+00
9.900000000E+07 7.381319604E+01 1.800336623E+01 4.350372395E+01 2.112552791E+01 9.017323567E+00
9.920000000E+07 7.368345126E+01 1.797219406E+01 4.342741067E+01 2.108939488E+01 9.001660576E+00
9.940000000E+07 7.355419020E+01 1.794113704E+01 4.335138116E+01 2.105339395E+01 8.986055428E+00
9.960000000E+07 7.342541013E+01 1.791019450E+01 4.327563382E+01 2.101752438E+01 8.970507798E+00
9.980000000E+07 7.329710825E+01 1.787936579E+01 4.320016705E+01 2.098178545E+01 8.955017363E+00
1.000000000E+08 7.316928189E+01 1.784865029E+01 4.312497925E+01 2.094617641E+01 8.939583797E+00
