1.100000000E+05 3.669677470E+02 5.610547591E+02 2.179399615E+02 2.827018367E+02 0.000000000E+00
1.200000000E+05 3.498548541E+02 5.396786087E+02 2.128476902E+02 2.804939895E+02 0.000000000E+00
1.300000000E+05 3.340714108E+02 5.192620655E+02 2.074500132E+02 2.765166361E+02 0.000000000E+00
1.400000000E+05 3.196950600E+02 5.002628285E+02 2.021256771E+02 2.718975786E+02 0.000000000E+00
1.500000000E+05 3.067227505E+02 4.829123949E+02 1.971096163E+02 2.673901473E+02 0.000000000E+00
1.600000000E+05 2.946709848E+02 4.664483055E+02 1.920960142E+02 2.621655201E+02 0.000000000E+00
1.700000000E+05 2.835879932E+02 4.511109929E+02 1.872815471E+02 2.568681150E+02 0.000000000E+00
1.800000000E+05 2.733635942E+02 4.368015106E+02 1.826729216E+02 2.515812924E+02 0.000000000E+00
1.900000000E+05 2.639024499E+02 4.234276558E+02 1.782694668E+02 2.463607111E+02 0.000000000E+00
2.000000000E+05 2.551220760E+02 4.109051272E+02 1.740661158E+02 2.412429471E+02 0.000000000E+00
3.000000000E+05 1.926424228E+02 3.188181910E+02 1.409874686E+02 1.975572636E+02 1.377200506E-01
4.000000000E+05 1.560582904E+02 2.626568916E+02 1.191949677E+02 1.670530209E+02 6.756622793E-01
5.000000000E+05 1.318776736E+02 2.246387928E+02 1.038015841E+02 1.451624777E+02 1.038684348E+00
6.000000000E+05 1.145785780E+02 1.969701385E+02 9.226537037E+01 1.286095517E+02 1.178336916E+00
7.000000000E+05 1.015605585E+02 1.758863285E+02 8.328849816E+01 1.157226589E+02 1.273117515E+00
8.000000000E+05 9.137926448E+01 1.592309025E+02 7.607957926E+01 1.053838753E+02 1.332918201E+00
9.000000000E+05 8.316654856E+01 1.456793904E+02 7.013213368E+01 9.684219245E+01 1.320271488E+00
1.000000000E+06 7.641407595E+01 1.344638910E+02 6.515751093E+01 8.974060089E+01 1.347191993E+00
1.200000000E+06 6.590289373E+01 1.168517775E+02 5.723736443E+01 7.844579021E+01 1.326118391E+00
1.400000000E+06 5.808538485E+01 1.036272424E+02 5.120123799E+01 6.987824770E+01 1.290744060E+00
1.600000000E+06 5.202631525E+01 9.329746833E+01 4.642989744E+01 6.313510723E+01 1.248536586E+00
1.800000000E+06 4.718184421E+01 8.498447427E+01 4.255205227E+01 5.767594043E+01 1.203487939E+00
2.000000000E+06 4.321026168E+01 7.813038573E+01 3.932741055E+01 5.314604215E+01 1.145933769E+00
2.200000000E+06 3.989635150E+01 7.238436844E+01 3.660499398E+01 4.934084364E+01 1.104478948E+00
2.400000000E+06 3.708348915E+01 6.748605626E+01 3.426940081E+01 4.608538353E+01 1.063601249E+00
2.600000000E+06 3.466226254E+01 6.325306896E+01 3.223939493E+01 4.325991747E+01 1.017384068E+00
2.800000000E+06 3.255771712E+01 5.956139440E+01 3.046025508E+01 4.079338456E+01 9.813952288E-01
3.000000000E+06 3.070760854E+01 5.630545886E+01 2.888374045E+01 3.861002608E+01 9.416921711E-01
3.200000000E+06 2.906986919E+01 5.341523060E+01 2.747861790E+01 3.667083716E+01 9.099899956E-01
3.400000000E+06 2.760717840E+01 5.082680989E+01 2.621527875E+01 3.492876608E+01 8.758282985E-01
3.600000000E+06 2.629314749E+01 4.849572559E+01 2.507352193E+01 3.335732159E+01 8.438712854E-01
3.800000000E+06 2.510675112E+01 4.638645237E+01 2.403714157E+01 3.193547309E+01 8.181921786E-01
4.000000000E+06 2.402826295E+01 4.446473658E+01 2.308994821E+01 3.063648752E+01 7.904746109E-01
4.200000000E+06 2.304398184E+01 4.270735966E+01 2.222129223E+01 2.944709758E+01 7.644527778E-01
4.400000000E+06 2.214256317E+01 4.109503912E+01 2.142228924E+01 2.835622166E+01 7.432016293E-01
4.600000000E+06 2.131253036E+01 3.960762549E+01 2.068327110E+01 2.734741143E+01 7.204029696E-01
4.800000000E+06 2.054607852E+01 3.823183149E+01 1.999809444E+01 2.641336773E+01 6.989054782E-01
5.000000000E+06 1.983602750E+01 3.695523945E+01 1.936090119E+01 2.554586302E+01 6.786129529E-01
5.200000000E+06 1.917680038E+01 3.576833110E+01 1.876727101E+01 2.473981098E+01 6.619381136E-01
5.400000000E+06 1.856206052E+01 3.465982184E+01 1.821168854E+01 2.398531150E+01 6.439271087E-01
5.600000000E+06 1.798778088E+01 3.362284081E+01 1.769096007E+01 2.327894553E+01 6.268522833E-01
5.800000000E+06 1.745001541E+01 3.265051190E+01 1.720180522E+01 2.261613138E+01 6.106480727E-01
6.000000000E+06 1.694572388E+01 3.173763103E+01 1.674179247E+01 2.199429748E+01 5.971380271E-01
6.200000000E+06 1.647109707E+01 3.087734082E+01 1.630752436E+01 2.140710400E+01 5.825922637E-01
6.400000000E+06 1.602385801E+01 3.006574936E+01 1.589718354E+01 2.085279903E+01 5.687351040E-01
6.600000000E+06 1.560165579E+01 2.929873450E+01 1.550878536E+01 2.032862372E+01 5.555213640E-01
6.800000000E+06 1.520269123E+01 2.857320699E+01 1.514087781E+01 1.983314831E+01 5.442796077E-01
7.000000000E+06 1.482454436E+01 2.788477673E+01 1.479126479E+01 1.936218046E+01 5.323047734E-01
7.200000000E+06 1.446582577E+01 2.723106243E+01 1.445882827E+01 1.891472595E+01 5.208483393E-01
7.400000000E+06 1.412504613E+01 2.660943878E+01 1.414229447E+01 1.848902141E+01 5.098784093E-01
7.600000000E+06 1.380086612E+01 2.601754205E+01 1.384051454E+01 1.808347802E+01 4.993657980E-01
7.800000000E+06 1.349207788E+01 2.545323808E+01 1.355244943E+01 1.769666018E+01 4.892836930E-01
8.000000000E+06 1.319780640E+01 2.491502908E+01 1.327739559E+01 1.732804233E+01 4.806721650E-01
8.200000000E+06 1.291663501E+01 2.440030896E+01 1.301402816E+01 1.697492196E+01 4.714251508E-01
8.400000000E+06 1.264787171E+01 2.390789810E+01 1.276179516E+01 1.663696537E+01 4.625328508E-01
8.600000000E+06 1.239069674E+01 2.343634185E+01 1.251998400E+01 1.631319136E+01 4.539756876E-01
8.800000000E+06 1.214436177E+01 2.298431094E+01 1.228794257E+01 1.600270280E+01 4.457355812E-01
9.000000000E+06 1.190818219E+01 2.255058813E+01 1.206507293E+01 1.570467768E+01 4.377957823E-01
9.200000000E+06 1.168168859E+01 2.213437277E+01 1.185099943E+01 1.541892582E+01 4.309322789E-01
9.400000000E+06 1.146399382E+01 2.173401689E+01 1.164487501E+01 1.514364408E+01 4.235812632E-01
9.600000000E+06 1.125471948E+01 2.134887870E+01 1.144640028E+01 1.487873501E+01 4.164826364E-01
9.800000000E+06 1.105337674E+01 2.097808595E+01 1.125514454E+01 1.462360826E+01 4.096237552E-01
1.000000000E+07 1.085951429E+01 2.062083265E+01 1.107070936E+01 1.437771808E+01 4.029928634E-01
1.020000000E+07 1.067271476E+01 2.027637282E+01 1.089272554E+01 1.414055916E+01 3.965790046E-01
1.040000000E+07 1.049259159E+01 1.994401499E+01 1.072085046E+01 1.391166284E+01 3.903719438E-01
1.060000000E+07 1.031878620E+01 1.962311725E+01 1.055476574E+01 1.369059391E+01 3.843620973E-01
1.080000000E+07 1.015108461E+01 1.931332105E+01 1.039430595E+01 1.347737292E+01 3.791534228E-01
1.100000000E+07 9.988942126E+00 1.901360126E+01 1.023893690E+01 1.327078427E+01 3.735331780E-01
1.120000000E+07 9.832185498E+00 1.872367078E+01 1.008852771E+01 1.307088832E+01 3.680820751E-01
1.140000000E+07 9.680545568E+00 1.844304633E+01 9.942837673E+00 1.287735685E+01 3.627926364E-01
1.160000000E+07 9.533770999E+00 1.817127637E+01 9.801641675E+00 1.268988305E+01 3.576578474E-01
1.180000000E+07 9.391626815E+00 1.790793844E+01 9.664728900E+00 1.250817979E+01 3.526711168E-01
1.200000000E+07 9.253893087E+00 1.765263687E+01 9.531901717E+00 1.233197804E+01 3.478262399E-01
1.220000000E+07 9.120363734E+00 1.740500067E+01 9.402974657E+00 1.216102546E+01 3.431173654E-01
1.240000000E+07 8.990931897E+00 1.716485449E+01 9.277868483E+00 1.199539390E+01 3.389915691E-01
1.260000000E+07 8.865245484E+00 1.693153008E+01 9.156231890E+00 1.183425144E+01 3.345542694E-01
1.280000000E+07 8.743217785E+00 1.670488750E+01 9.038002843E+00 1.167768823E+01 3.302356333E-01
1.300000000E+07 8.624688270E+00 1.648463705E+01 8.923036013E+00 1.152550696E+01 3.260309519E-01
1.320000000E+07 8.509505755E+00 1.627050572E+01 8.811194339E+00 1.137752162E+01 3.219357790E-01
1.340000000E+07 8.397527733E+00 1.606223606E+01 8.702348453E+00 1.123355674E+01 3.179459119E-01
1.360000000E+07 8.288619756E+00 1.585958500E+01 8.596376135E+00 1.109344662E+01 3.140573730E-01
1.380000000E+07 8.182654868E+00 1.566232293E+01 8.493161825E+00 1.095703467E+01 3.102663931E-01
1.400000000E+07 8.079513087E+00 1.547023269E+01 8.392596171E+00 1.082417279E+01 3.065693952E-01
1.420000000E+07 7.979080931E+00 1.528310882E+01 8.294575612E+00 1.069472075E+01 3.029629801E-01
1.440000000E+07 7.881314921E+00 1.510088456E+01 8.199072275E+00 1.056877421E+01 2.997859133E-01
1.460000000E+07 7.785986918E+00 1.492312276E+01 8.105854166E+00 1.044575570E+01 2.963618907E-01
1.480000000E+07 7.693062773E+00 1.474977309E+01 8.014901422E+00 1.032576843E+01 2.930182077E-01
1.500000000E+07 7.602450965E+00 1.458066949E+01 7.926130116E+00 1.020869894E+01 2.897520499E-01
1.520000000E+07 7.514064604E+00 1.441565424E+01 7.839460476E+00 1.009443949E+01 2.865607410E-01
1.540000000E+07 7.427821145E+00 1.425457741E+01 7.754816634E+00 9.982887618E+00 2.834417348E-01
1.560000000E+07 7.343642116E+00 1.409729642E+01 7.672126382E+00 9.873945854E+00 2.803926068E-01
1.580000000E+07 7.261452866E+00 1.394367558E+01 7.591320956E+00 9.767521415E+00 2.774110460E-01
1.600000000E+07 7.181182338E+00 1.379358565E+01 7.512334828E+00 9.663525923E+00 2.744948477E-01
1.620000000E+07 7.102762853E+00 1.364690348E+01 7.435105520E+00 9.561875141E+00 2.716419061E-01
1.640000000E+07 7.026129904E+00 1.350351166E+01 7.359573422E+00 9.462488731E+00 2.688502079E-01
1.660000000E+07 6.951221983E+00 1.336329818E+01 7.285681631E+00 9.365290036E+00 2.661178259E-01
1.680000000E+07 6.878028070E+00 1.322625142E+01 7.213428201E+00 9.270376240E+00 2.637039804E-01
1.700000000E+07 6.806397730E+00 1.309208050E+01 7.142657425E+00 9.177340046E+00 2.610918357E-01
1.720000000E+07 6.736324104E+00 1.296078113E+01 7.073370933E+00 9.086281383E+00 2.585330910E-01
1.740000000E+07 6.667756036E+00 1.283225999E+01 7.005521213E+00 8.997136335E+00 2.560261093E-01
1.760000000E+07 6.600644610E+00 1.270642781E+01 6.939062790E+00 8.909843745E+00 2.535693238E-01
1.780000000E+07 6.534943026E+00 1.258319916E+01 6.873952116E+00 8.824345069E+00 2.511612345E-01
1.800000000E+07 6.470606489E+00 1.246249222E+01 6.810147466E+00 8.740584234E+00 2.488004047E-01
1.820000000E+07 6.407592099E+00 1.234422861E+01 6.747608849E+00 8.658507513E+00 2.464854569E-01
1.840000000E+07 6.345858754E+00 1.222833321E+01 6.686297911E+00 8.578063398E+00 2.442150703E-01
1.860000000E+07 6.285367052E+00 1.211473398E+01 6.626177855E+00 8.499202486E+00 2.419879767E-01
1.880000000E+07 6.226079210E+00 1.200336179E+01 6.567213362E+00 8.421877375E+00 2.398029577E-01
1.900000000E+07 6.167958974E+00 1.189415032E+01 6.509370514E+00 8.346042560E+00 2.376588417E-01
1.920000000E+07 6.110971548E+00 1.178703588E+01 6.452616730E+00 8.271654338E+00 2.355545010E-01
1.940000000E+07 6.055118427E+00 1.168202707E+01 6.396959072E+00 8.198795512E+00 2.336830273E-01
1.960000000E+07 6.000298319E+00 1.157892675E+01 6.342291367E+00 8.127178391E+00 2.316599769E-01
1.980000000E+07 5.946514619E+00 1.147774686E+01 6.288622306E+00 8.056886583E+00 2.296732034E-01
2.000000000E+07 5.893737666E+00 1.137843303E+01 6.235924019E+00 7.987882755E+00 2.277217261E-01
2.020000000E+07 5.841938929E+00 1.128093295E+01 6.184169683E+00 7.920130983E+00 2.258046010E-01
2.040000000E+07 5.791090958E+00 1.118519625E+01 6.133333468E+00 7.853596681E+00 2.239209195E-01
2.060000000E+07 5.741167328E+00 1.109117447E+01 6.083390488E+00 7.788246543E+00 2.220698067E-01
2.080000000E+07 5.692142596E+00 1.099882089E+01 6.034316766E+00 7.724048483E+00 2.202504202E-01
2.100000000E+07 5.643992250E+00 1.090809050E+01 5.986089185E+00 7.660971575E+00 2.184619485E-01
2.120000000E+07 5.596692673E+00 1.081893995E+01 5.938685452E+00 7.598986009E+00 2.167036092E-01
2.140000000E+07 5.550221099E+00 1.073132738E+01 5.892084063E+00 7.538063032E+00 2.149746478E-01
2.160000000E+07 5.504555572E+00 1.064521246E+01 5.846264266E+00 7.478174906E+00 2.132743363E-01
2.180000000E+07 5.459674916E+00 1.056055625E+01 5.801206028E+00 7.419294864E+00 2.116019713E-01
2.200000000E+07 5.415558696E+00 1.047732117E+01 5.756890007E+00 7.361397063E+00 2.099568732E-01
2.220000000E+07 5.372187188E+00 1.039547095E+01 5.713297516E+00 7.304456549E+00 2.083383849E-01
2.240000000E+07 5.329566890E+00 1.031502161E+01 5.670438585E+00 7.248540545E+00 2.068898538E-01
2.260000000E+07 5.287628735E+00 1.023583797E+01 5.628240055E+00 7.193444591E+00 2.053261644E-01
2.280000000E+07 5.246380060E+00 1.015793752E+01 5.586712662E+00 7.139235942E+00 2.037870296E-01
2.300000000E+07 5.205803688E+00 1.008128861E+01 5.545840087E+00 7.085892826E+00 2.022718655E-01
2.320000000E+07 5.165883012E+00 1.000586067E+01 5.505606546E+00 7.033394191E+00 2.007801073E-01
2.340000000E+07 5.126601975E+00 9.931624101E+00 5.465996766E+00 6.981719667E+00 1.993112084E-01
2.360000000E+07 5.087945046E+00 9.858550269E+00 5.426995963E+00 6.930849543E+00 1.978646400E-01
2.380000000E+07 5.049897193E+00 9.786611466E+00 5.388589823E+00 6.880764742E+00 1.964398909E-01
2.400000000E+07 5.012443873E+00 9.715780866E+00 5.350764484E+00 6.831446788E+00 1.950364660E-01
2.420000000E+07 4.975571003E+00 9.646032491E+00 5.313506517E+00 6.782877792E+00 1.936538865E-01
2.440000000E+07 4.939264946E+00 9.577341180E+00 5.276802910E+00 6.735040423E+00 1.922916889E-01
2.460000000E+07 4.903512495E+00 9.509682551E+00 5.240641051E+00 6.687917884E+00 1.909494243E-01
2.480000000E+07 4.868300852E+00 9.443032978E+00 5.205008714E+00 6.641493900E+00 1.896266577E-01
2.500000000E+07 4.833617615E+00 9.377369559E+00 5.169894042E+00 6.595752687E+00 1.883229675E-01
2.520000000E+07 4.799450762E+00 9.312670084E+00 5.135285535E+00 6.550678943E+00 1.870379447E-01
2.540000000E+07 4.765788636E+00 9.248913016E+00 5.101172037E+00 6.506257824E+00 1.857711927E-01
2.560000000E+07 4.732619931E+00 9.186077462E+00 5.067542720E+00 6.462474927E+00 1.845223258E-01
2.580000000E+07 4.699933682E+00 9.124143148E+00 5.034387074E+00 6.419316278E+00 1.832909699E-01
2.600000000E+07 4.667738098E+00 9.063128097E+00 5.001715626E+00 6.376835724E+00 1.821848578E-01
2.620000000E+07 4.635985417E+00 9.002938345E+00 4.969477306E+00 6.334886227E+00 1.809897747E-01
2.640000000E+07 4.604684186E+00 8.943592489E+00 4.937682912E+00 6.293521413E+00 1.798110207E-01
2.660000000E+07 4.573824670E+00 8.885072513E+00 4.906323095E+00 6.252728858E+00 1.786482567E-01
2.680000000E+07 4.543397416E+00 8.827360922E+00 4.875388769E+00 6.212496493E+00 1.775011534E-01
2.700000000E+07 4.513393239E+00 8.770440711E+00 4.844871103E+00 6.172812590E+00 1.763693905E-01
2.720000000E+07 4.483803217E+00 8.714295359E+00 4.814761515E+00 6.133665748E+00 1.752526567E-01
2.740000000E+07 4.454618680E+00 8.658908805E+00 4.785051656E+00 6.095044886E+00 1.741506498E-01
2.760000000E+07 4.425831196E+00 8.604265434E+00 4.755733410E+00 6.056939230E+00 1.730630760E-01
2.780000000E+07 4.397432574E+00 8.550350061E+00 4.726798881E+00 6.019338299E+00 1.719896500E-01
2.800000000E+07 4.369414843E+00 8.497147918E+00 4.698240385E+00 5.982231900E+00 1.709300945E-01
2.820000000E+07 4.341770254E+00 8.444644636E+00 4.670050448E+00 5.945610115E+00 1.698841400E-01
2.840000000E+07 4.314491268E+00 8.392826237E+00 4.642221793E+00 5.909463294E+00 1.688515247E-01
2.860000000E+07 4.287570549E+00 8.341679114E+00 4.614747337E+00 5.873782043E+00 1.678319938E-01
2.880000000E+07 4.261000958E+00 8.291190026E+00 4.587620183E+00 5.838557219E+00 1.668252995E-01
2.900000000E+07 4.234775546E+00 8.241346077E+00 4.560833615E+00 5.803779917E+00 1.658312007E-01
2.920000000E+07 4.208887549E+00 8.192134715E+00 4.534381091E+00 5.769441468E+00 1.648494625E-01
2.940000000E+07 4.183330380E+00 8.143543711E+00 4.508256237E+00 5.735533426E+00 1.638798561E-01
2.960000000E+07 4.158097623E+00 8.095561155E+00 4.482452844E+00 5.702047565E+00 1.629221586E-01
2.980000000E+07 4.133183031E+00 8.048175443E+00 4.456964861E+00 5.668975868E+00 1.619761524E-01
3.000000000E+07 4.108580513E+00 8.001375266E+00 4.431786387E+00 5.636310522E+00 1.610416255E-01
3.020000000E+07 4.084298042E+00 7.955177405E+00 4.406926958E+00 5.604093631E+00 1.601995794E-01
3.040000000E+07 4.060302203E+00 7.909515859E+00 4.382350586E+00 5.572218950E+00 1.592889524E-01
3.060000000E+07 4.036601087E+00 7.864407601E+00 4.358066892E+00 5.540728325E+00 1.583891299E-01
3.080000000E+07 4.013189199E+00 7.819842419E+00 4.334070544E+00 5.509614696E+00 1.574999167E-01
3.100000000E+07 3.990061181E+00 7.775810351E+00 4.310356337E+00 5.478871180E+00 1.566211221E-01
3.120000000E+07 3.967211812E+00 7.732301683E+00 4.286919198E+00 5.448491061E+00 1.557525600E-01
3.140000000E+07 3.944635993E+00 7.689306936E+00 4.263754171E+00 5.418467785E+00 1.548940489E-01
3.160000000E+07 3.922328755E+00 7.646816861E+00 4.240856422E+00 5.388794959E+00 1.540454117E-01
3.180000000E+07 3.900285247E+00 7.604822434E+00 4.218221232E+00 5.359466342E+00 1.532064758E-01
3.200000000E+07 3.878500737E+00 7.563314848E+00 4.195843994E+00 5.330475844E+00 1.523770726E-01
3.220000000E+07 3.856970605E+00 7.522285501E+00 4.173720209E+00 5.301817518E+00 1.515570381E-01
3.240000000E+07 3.835690342E+00 7.481726001E+00 4.151845485E+00 5.273485557E+00 1.507462123E-01
3.260000000E+07 3.814655546E+00 7.441628147E+00 4.130215530E+00 5.245474291E+00 1.499444390E-01
3.280000000E+07 3.793861919E+00 7.401983937E+00 4.108826155E+00 5.217778182E+00 1.491515660E-01
3.300000000E+07 3.773305263E+00 7.362785548E+00 4.087673261E+00 5.190391821E+00 1.483674448E-01
3.320000000E+07 3.752981477E+00 7.324025342E+00 4.066752849E+00 5.163309923E+00 1.475919305E-01
3.340000000E+07 3.732886558E+00 7.285695855E+00 4.046061009E+00 5.136527323E+00 1.468248816E-01
3.360000000E+07 3.713016591E+00 7.247789795E+00 4.025593918E+00 5.110038975E+00 1.460661599E-01
3.380000000E+07 3.693367755E+00 7.210300033E+00 4.005347841E+00 5.083839947E+00 1.453156303E-01
3.400000000E+07 3.673936311E+00 7.173219602E+00 3.985319124E+00 5.057925416E+00 1.445731610E-01
3.420000000E+07 3.654718610E+00 7.136541694E+00 3.965504197E+00 5.032290670E+00 1.438386228E-01
3.440000000E+07 3.635711080E+00 7.100259648E+00 3.945899566E+00 5.006931099E+00 1.431118896E-01
3.460000000E+07 3.616910232E+00 7.064366955E+00 3.926501817E+00 4.981842198E+00 1.423928378E-01
3.480000000E+07 3.598312653E+00 7.028857246E+00 3.907307607E+00 4.957019556E+00 1.416813464E-01
3.500000000E+07 3.579925209E+00 6.993744699E+00 3.888324887E+00 4.932495362E+00 1.410378021E-01
3.520000000E+07 3.561724342E+00 6.958982636E+00 3.869528142E+00 4.908192799E+00 1.403421303E-01
3.540000000E+07 3.543716947E+00 6.924585271E+00 3.850925337E+00 4.884143828E+00 1.396536335E-01
3.560000000E+07 3.525899902E+00 6.890546775E+00 3.832513407E+00 4.860344413E+00 1.389721988E-01
3.580000000E+07 3.508270151E+00 6.856861440E+00 3.814289357E+00 4.836790601E+00 1.382977155E-01
3.600000000E+07 3.490824704E+00 6.823523684E+00 3.796250251E+00 4.813478524E+00 1.376300750E-01
3.620000000E+07 3.473560635E+00 6.790528038E+00 3.778393217E+00 4.790404397E+00 1.369691712E-01
3.640000000E+07 3.456475081E+00 6.757869152E+00 3.760715441E+00 4.767564512E+00 1.363149000E-01
3.660000000E+07 3.439565237E+00 6.725541789E+00 3.743214169E+00 4.744955240E+00 1.356671597E-01
3.680000000E+07 3.422828360E+00 6.693540818E+00 3.725886703E+00 4.722573029E+00 1.350258507E-01
3.700000000E+07 3.406261761E+00 6.661861216E+00 3.708730401E+00 4.700414398E+00 1.343908755E-01
3.720000000E+07 3.389862811E+00 6.630498064E+00 3.691742675E+00 4.678475938E+00 1.337621389E-01
3.740000000E+07 3.373628932E+00 6.599446546E+00 3.674920991E+00 4.656754310E+00 1.331395478E-01
3.760000000E+07 3.357557601E+00 6.568701939E+00 3.658262862E+00 4.635246245E+00 1.325230111E-01
3.780000000E+07 3.341646345E+00 6.538259620E+00 3.641765855E+00 4.613948536E+00 1.319124396E-01
3.800000000E+07 3.325892743E+00 6.508115060E+00 3.625427584E+00 4.592858046E+00 1.313077461E-01
3.820000000E+07 3.310294422E+00 6.478263817E+00 3.609245711E+00 4.571971695E+00 1.307088455E-01
3.840000000E+07 3.294849057E+00 6.448701543E+00 3.593217945E+00 4.551286469E+00 1.301156541E-01
3.860000000E+07 3.279554371E+00 6.419423974E+00 3.577342040E+00 4.530799411E+00 1.295280903E-01
3.880000000E+07 3.264408129E+00 6.390426928E+00 3.561615790E+00 4.510507625E+00 1.289460740E-01
3.900000000E+07 3.249408144E+00 6.361706308E+00 3.546037038E+00 4.490408268E+00 1.283695268E-01
3.920000000E+07 3.234552270E+00 6.333258099E+00 3.530603667E+00 4.470498557E+00 1.277983719E-01
3.940000000E+07 3.219838404E+00 6.305078361E+00 3.515313598E+00 4.450775759E+00 1.272325338E-01
3.960000000E+07 3.205264483E+00 6.277163231E+00 3.500164794E+00 4.431237197E+00 1.266719387E-01
3.980000000E+07 3.190828487E+00 6.249508921E+00 3.485155259E+00 4.411880243E+00 1.261165141E-01
4.000000000E+07 3.176528432E+00 6.222111719E+00 3.470283032E+00 4.392702322E+00 1.255661887E-01
4.020000000E+07 3.162362372E+00 6.194967978E+00 3.455546189E+00 4.373700906E+00 1.250208929E-01
4.040000000E+07 3.148328402E+00 6.168074123E+00 3.440942844E+00 4.354873514E+00 1.244805580E-01
4.060000000E+07 3.134432151E+00 6.141441652E+00 3.426479396E+00 4.336244553E+00 1.239902383E-01
4.080000000E+07 3.120656852E+00 6.115037259E+00 3.412137607E+00 4.317758216E+00 1.234603273E-01
4.100000000E+07 3.107008132E+00 6.088872425E+00 3.397923862E+00 4.299438734E+00 1.229351587E-01
4.120000000E+07 3.093484225E+00 6.062943836E+00 3.383836413E+00 4.281283811E+00 1.224146677E-01
4.140000000E+07 3.080083395E+00 6.037248240E+00 3.369873540E+00 4.263291189E+00 1.218987905E-01
4.160000000E+07 3.066803943E+00 6.011782446E+00 3.356033558E+00 4.245458654E+00 1.213874642E-01
4.180000000E+07 3.053644196E+00 5.986543319E+00 3.342314809E+00 4.227784030E+00 1.208806273E-01
4.200000000E+07 3.040602516E+00 5.961527782E+00 3.328715668E+00 4.210265183E+00 1.203782191E-01
4.220000000E+07 3.027677292E+00 5.936732818E+00 3.315234539E+00 4.192900018E+00 1.198801802E-01
4.240000000E+07 3.014866946E+00 5.912155459E+00 3.301869854E+00 4.175686476E+00 1.193864522E-01
4.260000000E+07 3.002169926E+00 5.887792795E+00 3.288620074E+00 4.158622537E+00 1.188969779E-01
4.280000000E+07 2.989584708E+00 5.863641965E+00 3.275483684E+00 4.141706214E+00 1.184117010E-01
4.300000000E+07 2.977109796E+00 5.839700161E+00 3.262459200E+00 4.124935559E+00 1.179305665E-01
4.320000000E+07 2.964743722E+00 5.815964625E+00 3.249545162E+00 4.108308658E+00 1.174535205E-01
4.340000000E+07 2.952485042E+00 5.792432647E+00 3.236740137E+00 4.091823627E+00 1.169805098E-01
4.360000000E+07 2.940332340E+00 5.769101565E+00 3.224042714E+00 4.075478621E+00 1.165114827E-01
4.380000000E+07 2.928284223E+00 5.745968764E+00 3.211451511E+00 4.059271822E+00 1.160463882E-01
4.400000000E+07 2.916339323E+00 5.723031674E+00 3.198965166E+00 4.043201446E+00 1.155851764E-01
4.420000000E+07 2.904496297E+00 5.700287771E+00 3.186582342E+00 4.027265742E+00 1.151277982E-01
4.440000000E+07 2.892753824E+00 5.677734574E+00 3.174301726E+00 4.011462985E+00 1.146742056E-01
4.460000000E+07 2.881110608E+00 5.655369645E+00 3.162122025E+00 3.995791482E+00 1.142243515E-01
4.480000000E+07 2.869565373E+00 5.633190587E+00 3.150041971E+00 3.980249569E+00 1.137781894E-01
4.500000000E+07 2.858116865E+00 5.611195044E+00 3.138060314E+00 3.964835610E+00 1.133356740E-01
4.520000000E+07 2.846763855E+00 5.589380701E+00 3.126175828E+00 3.949547996E+00 1.128967606E-01
4.540000000E+07 2.835505130E+00 5.567745281E+00 3.114387305E+00 3.934385147E+00 1.124614053E-01
4.560000000E+07 2.824339501E+00 5.546286548E+00 3.102693560E+00 3.919345508E+00 1.120295648E-01
4.580000000E+07 2.813265799E+00 5.525002300E+00 3.091093427E+00 3.904427550E+00 1.116011968E-01
4.600000000E+07 2.802282873E+00 5.503890374E+00 3.079585756E+00 3.889629770E+00 1.111762596E-01
4.620000000E+07 2.791389592E+00 5.482948644E+00 3.068169422E+00 3.874950691E+00 1.107547121E-01
4.640000000E+07 2.780584844E+00 5.462175014E+00 3.056843312E+00 3.860388858E+00 1.103365139E-01
4.660000000E+07 2.769867536E+00 5.441567430E+00 3.045606335E+00 3.845942842E+00 1.099216252E-01
4.680000000E+07 2.759236591E+00 5.421123866E+00 3.034457417E+00 3.831611236E+00 1.095100070E-01
4.700000000E+07 2.748696447E+00 5.400853317E+00 3.023401543E+00 3.817412308E+00 1.091349793E-01
4.720000000E+07 2.738235122E+00 5.380731947E+00 3.012425642E+00 3.803305561E+00 1.087302596E-01
4.740000000E+07 2.727857038E+00 5.360768719E+00 3.001534680E+00 3.789309137E+00 1.083286868E-01
4.760000000E+07 2.717561190E+00 5.340961740E+00 2.990727652E+00 3.775421720E+00 1.079302234E-01
4.780000000E+07 2.707346587E+00 5.321309143E+00 2.980003566E+00 3.761642012E+00 1.075348326E-01
4.800000000E+07 2.697212253E+00 5.301809093E+00 2.969361447E+00 3.747968739E+00 1.071424779E-01
4.820000000E+07 2.687157232E+00 5.282459785E+00 2.958800336E+00 3.734400644E+00 1.067531234E-01
4.840000000E+07 2.677180579E+00 5.263259441E+00 2.948319290E+00 3.720936494E+00 1.063667337E-01
4.860000000E+07 2.667281365E+00 5.244206313E+00 2.937917379E+00 3.707575071E+00 1.059832740E-01
4.880000000E+07 2.657458678E+00 5.225298678E+00 2.927593687E+00 3.694315180E+00 1.056027101E-01
4.900000000E+07 2.647711617E+00 5.206534843E+00 2.917347314E+00 3.681155641E+00 1.052250080E-01
4.920000000E+07 2.638039299E+00 5.187913139E+00 2.907177374E+00 3.668095296E+00 1.048501347E-01
4.940000000E+07 2.628440851E+00 5.169431925E+00 2.897082994E+00 3.655133002E+00 1.044780575E-01
4.960000000E+07 2.618915416E+00 5.151089584E+00 2.887063313E+00 3.642267635E+00 1.041087442E-01
4.980000000E+07 2.609462151E+00 5.132884526E+00 2.877117486E+00 3.629498090E+00 1.037421634E-01
5.000000000E+07 2.600080223E+00 5.114815180E+00 2.867244678E+00 3.616823275E+00 1.033782839E-01
5.020000000E+07 2.590768815E+00 5.096880007E+00 2.857444070E+00 3.604242118E+00 1.030170754E-01
5.040000000E+07 2.581527121E+00 5.079077486E+00 2.847714852E+00 3.591753563E+00 1.026585079E-01
5.060000000E+07 2.572354347E+00 5.061406120E+00 2.838056228E+00 3.579356567E+00 1.023025518E-01
5.080000000E+07 2.563249713E+00 5.043864436E+00 2.828467415E+00 3.567050107E+00 1.019491784E-01
5.100000000E+07 2.554212448E+00 5.026450982E+00 2.818947638E+00 3.554833173E+00 1.015983592E-01
5.120000000E+07 2.545241795E+00 5.009164330E+00 2.809496138E+00 3.542704770E+00 1.012500662E-01
5.140000000E+07 2.536337008E+00 4.992003070E+00 2.800112164E+00 3.530663918E+00 1.009042719E-01
5.160000000E+07 2.527497351E+00 4.974965815E+00 2.790794978E+00 3.518709653E+00 1.005609492E-01
5.180000000E+07 2.518722101E+00 4.958051199E+00 2.781543851E+00 3.506841023E+00 1.002200717E-01
5.200000000E+07 2.510010543E+00 4.941257874E+00 2.772358067E+00 3.495057092E+00 9.988161305E-02
5.220000000E+07 2.501361976E+00 4.924584515E+00 2.763236918E+00 3.483356938E+00 9.954554752E-02
5.240000000E+07 2.492775706E+00 4.908029815E+00 2.754179710E+00 3.471739649E+00 9.921184972E-02
5.260000000E+07 2.484251053E+00 4.891592485E+00 2.745185754E+00 3.460204331E+00 9.888049466E-02
5.280000000E+07 2.475787342E+00 4.875271256E+00 2.736254375E+00 3.448750100E+00 9.855145772E-02
5.300000000E+07 2.467383913E+00 4.859064878E+00 2.727384906E+00 3.437376086E+00 9.822471463E-02
5.320000000E+07 2.459040113E+00 4.842972117E+00 2.718576689E+00 3.426081430E+00 9.790024146E-02
5.340000000E+07 2.450755297E+00 4.826991760E+00 2.709829078E+00 3.414865287E+00 9.757801463E-02
5.360000000E+07 2.442528833E+00 4.811122607E+00 2.701141434E+00 3.403726824E+00 9.725801090E-02
5.380000000E+07 2.434360096E+00 4.795363479E+00 2.692513126E+00 3.392665220E+00 9.694020732E-02
5.400000000E+07 2.426248469E+00 4.779713213E+00 2.683943535E+00 3.381679663E+00 9.662458128E-02
5.420000000E+07 2.418193346E+00 4.764170662E+00 2.675432049E+00 3.370769357E+00 9.631111047E-02
5.440000000E+07 2.410198148E+00 4.748742732E+00 2.666982485E+00 3.359947895E+00 9.602436020E-02
5.460000000E+07 2.402254276E+00 4.733412292E+00 2.658585439E+00 3.349185846E+00 9.571544928E-02
5.480000000E+07 2.394365137E+00 4.718186221E+00 2.650244713E+00 3.338496717E+00 9.540862414E-02
5.500000000E+07 2.386530159E+00 4.703063436E+00 2.641959729E+00 3.327879753E+00 9.510386330E-02
5.520000000E+07 2.378748775E+00 4.688042865E+00 2.633729914E+00 3.317334210E+00 9.480114547E-02
5.540000000E+07 2.371020429E+00 4.673123459E+00 2.625554708E+00 3.306859355E+00 9.450044962E-02
5.560000000E+07 2.363344571E+00 4.658304173E+00 2.617433555E+00 3.296454463E+00 9.420175493E-02
5.580000000E+07 2.355720659E+00 4.643583987E+00 2.609365908E+00 3.286118822E+00 9.390504084E-02
5.600000000E+07 2.348148158E+00 4.628961887E+00 2.601351227E+00 3.275851727E+00 9.361028703E-02
5.620000000E+07 2.340626541E+00 4.614436878E+00 2.593388979E+00 3.265652484E+00 9.331747344E-02
5.640000000E+07 2.333155289E+00 4.600007976E+00 2.585478640E+00 3.255520409E+00 9.302658026E-02
5.660000000E+07 2.325733888E+00 4.585674210E+00 2.577619691E+00 3.245454825E+00 9.273758796E-02
5.680000000E+07 2.318361833E+00 4.571434624E+00 2.569811620E+00 3.235455066E+00 9.245047726E-02
5.700000000E+07 2.311038626E+00 4.557288275E+00 2.562053924E+00 3.225520476E+00 9.216522917E-02
5.720000000E+07 2.303763774E+00 4.543234229E+00 2.554346105E+00 3.215650404E+00 9.188182498E-02
5.740000000E+07 2.296536791E+00 4.529271571E+00 2.546687671E+00 3.205844213E+00 9.160024622E-02
5.760000000E+07 2.289357199E+00 4.515399392E+00 2.539078139E+00 3.196101269E+00 9.132047475E-02
5.780000000E+07 2.282224525E+00 4.501616798E+00 2.531517030E+00 3.186420950E+00 9.104249266E-02
5.800000000E+07 2.275138302E+00 4.487922906E+00 2.524003872E+00 3.176802642E+00 9.076628233E-02
5.820000000E+07 2.268098072E+00 4.474316847E+00 2.516538199E+00 3.167245737E+00 9.049182644E-02
5.840000000E+07 2.261103380E+00 4.460797760E+00 2.509119552E+00 3.157749637E+00 9.021910788E-02
5.860000000E+07 2.254153779E+00 4.447364798E+00 2.501747478E+00 3.148313751E+00 8.994810985E-02
5.880000000E+07 2.247248825E+00 4.434017123E+00 2.494421528E+00 3.138937496E+00 8.967881580E-02
5.900000000E+07 2.240388084E+00 4.420753909E+00 2.487141261E+00 3.129620296E+00 8.941120940E-02
5.920000000E+07 2.233571124E+00 4.407574342E+00 2.479906240E+00 3.120361584E+00 8.914527460E-02
5.940000000E+07 2.226797522E+00 4.394477617E+00 2.472716036E+00 3.111160799E+00 8.888099557E-02
5.960000000E+07 2.220066856E+00 4.381462938E+00 2.465570221E+00 3.102017387E+00 8.861835673E-02
5.980000000E+07 2.213378715E+00 4.368529522E+00 2.458468379E+00 3.092930802E+00 8.835734269E-02
6.000000000E+07 2.206732689E+00 4.355676595E+00 2.451410092E+00 3.083900504E+00 8.809793832E-02
6.020000000E+07 2.200128375E+00 4.342903394E+00 2.444394954E+00 3.074925961E+00 8.784012867E-02
6.040000000E+07 2.193565375E+00 4.330209163E+00 2.437422560E+00 3.066006647E+00 8.758389900E-02
6.060000000E+07 2.187043295E+00 4.317593158E+00 2.430492510E+00 3.057142044E+00 8.732923478E-02
6.080000000E+07 2.180561749E+00 4.305054642E+00 2.423604412E+00 3.048331638E+00 8.707612167E-02
6.100000000E+07 2.174120353E+00 4.292592892E+00 2.416757876E+00 3.039574923E+00 8.682454550E-02
6.120000000E+07 2.167718728E+00 4.280207188E+00 2.409952518E+00 3.030871401E+00 8.657449229E-02
6.140000000E+07 2.161356502E+00 4.267896823E+00 2.403187959E+00 3.022220576E+00 8.632594825E-02
6.160000000E+07 2.155033305E+00 4.255661100E+00 2.396463825E+00 3.013621963E+00 8.607889974E-02
6.180000000E+07 2.148748774E+00 4.243499326E+00 2.389779745E+00 3.005075080E+00 8.583333330E-02
6.200000000E+07 2.142502549E+00 4.231410820E+00 2.383135354E+00 2.996579451E+00 8.558923562E-02
6.220000000E+07 2.136294275E+00 4.219394910E+00 2.376530292E+00 2.988134607E+00 8.534659357E-02
6.240000000E+07 2.130123602E+00 4.207450928E+00 2.369964202E+00 2.979740084E+00 8.510539415E-02
6.260000000E+07 2.123990182E+00 4.195578219E+00 2.363436731E+00 2.971395425E+00 8.486562452E-02
6.280000000E+07 2.117893675E+00 4.183776135E+00 2.356947532E+00 2.963100177E+00 8.462727200E-02
6.300000000E+07 2.111836686E+00 4.172049921E+00 2.350499499E+00 2.954864427E+00 8.440843801E-02
6.320000000E+07 2.105813012E+00 4.160387208E+00 2.344085839E+00 2.946666736E+00 8.417308967E-02
6.340000000E+07 2.099825250E+00 4.148793220E+00 2.337709432E+00 2.938517131E+00 8.393911975E-02
6.360000000E+07 2.093873073E+00 4.137267338E+00 2.331369946E+00 2.930415181E+00 8.370651597E-02
6.380000000E+07 2.087956160E+00 4.125808952E+00 2.325067055E+00 2.922360460E+00 8.347526613E-02
6.400000000E+07 2.082074192E+00 4.114417460E+00 2.318800435E+00 2.914352548E+00 8.324535815E-02
6.420000000E+07 2.076226857E+00 4.103092264E+00 2.312569767E+00 2.906391030E+00 8.301678005E-02
6.440000000E+07 2.070413844E+00 4.091832777E+00 2.306374733E+00 2.898475494E+00 8.278951997E-02
6.460000000E+07 2.064634846E+00 4.080638418E+00 2.300215024E+00 2.890605536E+00 8.256356612E-02
6.480000000E+07 2.058889562E+00 4.069508610E+00 2.294090329E+00 2.882780755E+00 8.233890688E-02
6.500000000E+07 2.053177690E+00 4.058442787E+00 2.288000344E+00 2.875000753E+00 8.211553072E-02
6.520000000E+07 2.047498938E+00 4.047440388E+00 2.281944768E+00 2.867265141E+00 8.189342622E-02
6.540000000E+07 2.041853012E+00 4.036500856E+00 2.275923303E+00 2.859573531E+00 8.167258210E-02
6.560000000E+07 2.036239623E+00 4.025623646E+00 2.269935656E+00 2.851925541E+00 8.145298723E-02
6.580000000E+07 2.030658487E+00 4.014808214E+00 2.263981534E+00 2.844320793E+00 8.123463057E-02
6.600000000E+07 2.025109322E+00 4.004054027E+00 2.258060652E+00 2.836758914E+00 8.101750125E-02
6.620000000E+07 2.019591849E+00 3.993360554E+00 2.252172723E+00 2.829239534E+00 8.080158852E-02
6.640000000E+07 2.014105793E+00 3.982727272E+00 2.246317469E+00 2.821762289E+00 8.058688176E-02
6.660000000E+07 2.008650882E+00 3.972153666E+00 2.240494610E+00 2.814326818E+00 8.037337052E-02
6.680000000E+07 2.003226847E+00 3.961639223E+00 2.234703873E+00 2.806932765E+00 8.016104446E-02
6.700000000E+07 1.997833423E+00 3.951183439E+00 2.228944986E+00 2.799579777E+00 7.994989339E-02
6.720000000E+07 1.992470345E+00 3.940785814E+00 2.223217682E+00 2.792267506E+00 7.973990727E-02
6.740000000E+07 1.987137356E+00 3.930445856E+00 2.217521693E+00 2.784995608E+00 7.953107617E-02
6.760000000E+07 1.981834198E+00 3.920163076E+00 2.211856760E+00 2.777763742E+00 7.932339033E-02
6.780000000E+07 1.976560618E+00 3.909936992E+00 2.206222622E+00 2.770571571E+00 7.911684010E-02
6.800000000E+07 1.971316364E+00 3.899767127E+00 2.200619023E+00 2.763418763E+00 7.891141598E-02
6.820000000E+07 1.966101188E+00 3.889653008E+00 2.195045709E+00 2.756304989E+00 7.870710858E-02
6.840000000E+07 1.960914846E+00 3.879594171E+00 2.189502430E+00 2.749229923E+00 7.850390865E-02
6.860000000E+07 1.955757094E+00 3.869590153E+00 2.183988937E+00 2.742193244E+00 7.830180705E-02
6.880000000E+07 1.950627694E+00 3.859640501E+00 2.178504987E+00 2.735194634E+00 7.810079479E-02
6.900000000E+07 1.945526408E+00 3.849744761E+00 2.173050336E+00 2.728233777E+00 7.790086296E-02
6.920000000E+07 1.940453002E+00 3.839902490E+00 2.167624745E+00 2.721310364E+00 7.770200279E-02
6.940000000E+07 1.935407244E+00 3.830113246E+00 2.162227977E+00 2.714424086E+00 7.750420561E-02
6.960000000E+07 1.930388904E+00 3.820376593E+00 2.156859797E+00 2.707574639E+00 7.730746285E-02
6.980000000E+07 1.925397757E+00 3.810692100E+00 2.151519973E+00 2.700761722E+00 7.711176605E-02
7.000000000E+07 1.920433578E+00 3.801059341E+00 2.146208275E+00 2.693985037E+00 7.691710686E-02
7.020000000E+07 1.915496146E+00 3.791477894E+00 2.140924479E+00 2.687244291E+00 7.672347701E-02
7.040000000E+07 1.910585242E+00 3.781947344E+00 2.135668358E+00 2.680539193E+00 7.653086835E-02
7.060000000E+07 1.905700648E+00 3.772467275E+00 2.130439690E+00 2.673869454E+00 7.633927279E-02
7.080000000E+07 1.900842150E+00 3.763037282E+00 2.125238257E+00 2.667234789E+00 7.614868235E-02
7.100000000E+07 1.896009537E+00 3.753656960E+00 2.120063841E+00 2.660634917E+00 7.595908914E-02
7.120000000E+07 1.891202598E+00 3.744325909E+00 2.114916226E+00 2.654069559E+00 7.577048534E-02
7.140000000E+07 1.886421126E+00 3.735043737E+00 2.109795201E+00 2.647538440E+00 7.558286323E-02
7.160000000E+07 1.881664916E+00 3.725810050E+00 2.104700555E+00 2.641041287E+00 7.539621516E-02
7.180000000E+07 1.876933765E+00 3.716624465E+00 2.099632081E+00 2.634577829E+00 7.521053355E-02
7.200000000E+07 1.872227473E+00 3.707486597E+00 2.094589571E+00 2.628147801E+00 7.502581092E-02
7.220000000E+07 1.867545839E+00 3.698396069E+00 2.089572823E+00 2.621750937E+00 7.484203986E-02
7.240000000E+07 1.862888669E+00 3.689352507E+00 2.084581636E+00 2.615386977E+00 7.465921302E-02
7.260000000E+07 1.858255767E+00 3.680355540E+00 2.079615808E+00 2.609055663E+00 7.447732313E-02
7.280000000E+07 1.853649087E+00 3.671409093E+00 2.074677504E+00 2.602764415E+00 7.430957082E-02
7.300000000E+07 1.849064160E+00 3.662504248E+00 2.069761821E+00 2.596497672E+00 7.412966818E-02
7.320000000E+07 1.844502930E+00 3.653644910E+00 2.064870914E+00 2.590262814E+00 7.395068096E-02
7.340000000E+07 1.839965212E+00 3.644830725E+00 2.060004590E+00 2.584059593E+00 7.377260212E-02
7.360000000E+07 1.835450821E+00 3.636061343E+00 2.055162660E+00 2.577887765E+00 7.359542468E-02
7.380000000E+07 1.830959573E+00 3.627336414E+00 2.050344937E+00 2.571747087E+00 7.341914169E-02
7.400000000E+07 1.826491290E+00 3.618655597E+00 2.045551236E+00 2.565637319E+00 7.324374625E-02
7.420000000E+07 1.822045793E+00 3.610018550E+00 2.040781373E+00 2.559558222E+00 7.306923152E-02
7.440000000E+07 1.817622904E+00 3.601424936E+00 2.036035167E+00 2.553509562E+00 7.289559067E-02
7.460000000E+07 1.813222449E+00 3.592874424E+00 2.031312438E+00 2.547491107E+00 7.272281696E-02
7.480000000E+07 1.808844255E+00 3.584366682E+00 2.026613008E+00 2.541502625E+00 7.255090367E-02
7.500000000E+07 1.804488150E+00 3.575901383E+00 2.021936701E+00 2.535543888E+00 7.237984414E-02
7.520000000E+07 1.800153965E+00 3.567478207E+00 2.017283344E+00 2.529614672E+00 7.220963178E-02
7.540000000E+07 1.795841532E+00 3.559096832E+00 2.012652763E+00 2.523714752E+00 7.204026002E-02
7.560000000E+07 1.791550686E+00 3.550756942E+00 2.008044788E+00 2.517843908E+00 7.187172238E-02
7.580000000E+07 1.787281261E+00 3.542458223E+00 2.003459250E+00 2.512001921E+00 7.170401243E-02
7.600000000E+07 1.783033096E+00 3.534200366E+00 1.998895981E+00 2.506188573E+00 7.153712380E-02
7.620000000E+07 1.778806029E+00 3.525983063E+00 1.994354817E+00 2.500403651E+00 7.137105019E-02
7.640000000E+07 1.774599900E+00 3.517806012E+00 1.989835592E+00 2.494646942E+00 7.120578536E-02
7.660000000E+07 1.770414553E+00 3.509668910E+00 1.985338146E+00 2.488918237E+00 7.104132314E-02
7.680000000E+07 1.766249830E+00 3.501571460E+00 1.980862316E+00 2.483217326E+00 7.087765742E-02
7.700000000E+07 1.762105577E+00 3.493513368E+00 1.976407944E+00 2.477544005E+00 7.071478218E-02
7.720000000E+07 1.757981642E+00 3.485494340E+00 1.971974872E+00 2.471898068E+00 7.055269144E-02
7.740000000E+07 1.753877873E+00 3.477514090E+00 1.967562945E+00 2.466279315E+00 7.039137932E-02
7.760000000E+07 1.749794119E+00 3.469572330E+00 1.963172009E+00 2.460687545E+00 7.023084000E-02
7.780000000E+07 1.745730232E+00 3.461668777E+00 1.958801909E+00 2.455122561E+00 7.007106772E-02
7.800000000E+07 1.741686066E+00 3.453803151E+00 1.954452495E+00 2.449584166E+00 6.991205681E-02
7.820000000E+07 1.737661475E+00 3.445975174E+00 1.950123616E+00 2.444072166E+00 6.975380165E-02
7.840000000E+07 1.733656314E+00 3.438184570E+00 1.945815125E+00 2.438586369E+00 6.959629671E-02
7.860000000E+07 1.729670441E+00 3.430431070E+00 1.941526875E+00 2.433126586E+00 6.943953651E-02
7.880000000E+07 1.725703714E+00 3.422714401E+00 1.937258719E+00 2.427692627E+00 6.928351564E-02
7.900000000E+07 1.721755994E+00 3.415034297E+00 1.933010513E+00 2.422284306E+00 6.912822877E-02
7.920000000E+07 1.717827143E+00 3.407390494E+00 1.928782115E+00 2.416901438E+00 6.897367062E-02
7.940000000E+07 1.713917022E+00 3.399782731E+00 1.924573383E+00 2.411543841E+00 6.881983598E-02
7.960000000E+07 1.710025497E+00 3.392210747E+00 1.920384178E+00 2.406211332E+00 6.866671970E-02
7.980000000E+07 1.706152432E+00 3.384674286E+00 1.916214360E+00 2.400903733E+00 6.851431668E-02
8.000000000E+07 1.702297695E+00 3.377173095E+00 1.912063793E+00 2.395620867E+00 6.836262189E-02
8.020000000E+07 1.698461153E+00 3.369706921E+00 1.907932339E+00 2.390362555E+00 6.821163035E-02
8.040000000E+07 1.694642676E+00 3.362275514E+00 1.903819865E+00 2.385128626E+00 6.806133715E-02
8.060000000E+07 1.690842135E+00 3.354878628E+00 1.899726236E+00 2.379918905E+00 6.791173742E-02
8.080000000E+07 1.687059401E+00 3.347516018E+00 1.895651321E+00 2.374733222E+00 6.776282633E-02
8.100000000E+07 1.683294348E+00 3.340187442E+00 1.891594989E+00 2.369571408E+00 6.761459912E-02
8.120000000E+07 1.679546849E+00 3.332892659E+00 1.887557109E+00 2.364433294E+00 6.746705107E-02
8.140000000E+07 1.675816781E+00 3.325631432E+00 1.883537554E+00 2.359318715E+00 6.732017752E-02
8.160000000E+07 1.672104020E+00 3.318403526E+00 1.879536195E+00 2.354227505E+00 6.717397383E-02
8.180000000E+07 1.668408443E+00 3.311208707E+00 1.875552908E+00 2.349159502E+00 6.702843544E-02
8.200000000E+07 1.664729931E+00 3.304046744E+00 1.871587566E+00 2.344114544E+00 6.688355779E-02
8.220000000E+07 1.661068362E+00 3.296917407E+00 1.867640046E+00 2.339092471E+00 6.673933641E-02
8.240000000E+07 1.657423618E+00 3.289820471E+00 1.863710226E+00 2.334093125E+00 6.659576685E-02
8.260000000E+07 1.653795583E+00 3.282755711E+00 1.859797984E+00 2.329116348E+00 6.645284468E-02
8.280000000E+07 1.650184138E+00 3.275722904E+00 1.855903199E+00 2.324161984E+00 6.631056555E-02
8.300000000E+07 1.646589170E+00 3.268721830E+00 1.852025752E+00 2.319229881E+00 6.616892511E-02
8.320000000E+07 1.643010562E+00 3.261752269E+00 1.848165526E+00 2.314319884E+00 6.602791909E-02
8.340000000E+07 1.639448203E+00 3.254814006E+00 1.844322402E+00 2.309431843E+00 6.588754322E-02
8.360000000E+07 1.635901980E+00 3.247906827E+00 1.840496265E+00 2.304565607E+00 6.574779328E-02
8.380000000E+07 1.632371782E+00 3.241030518E+00 1.836687001E+00 2.299721028E+00 6.560866510E-02
8.400000000E+07 1.628859055E+00 3.234187985E+00 1.832896207E+00 2.294903534E+00 6.547971198E-02
8.420000000E+07 1.625360586E+00 3.227372805E+00 1.829120355E+00 2.290101858E+00 6.534190026E-02
8.440000000E+07 1.621877813E+00 3.220587870E+00 1.825361035E+00 2.285321402E+00 6.520469822E-02
8.460000000E+07 1.618410630E+00 3.213832975E+00 1.821618139E+00 2.280562022E+00 6.506810185E-02
8.480000000E+07 1.614958932E+00 3.207107917E+00 1.817891554E+00 2.275823575E+00 6.493210715E-02
8.500000000E+07 1.611522612E+00 3.200412495E+00 1.814181173E+00 2.271105922E+00 6.479671015E-02
8.520000000E+07 1.608101567E+00 3.193746510E+00 1.810486889E+00 2.266408922E+00 6.466190688E-02
8.540000000E+07 1.604695693E+00 3.187109765E+00 1.806808593E+00 2.261732439E+00 6.452769340E-02
8.560000000E+07 1.601304889E+00 3.180502063E+00 1.803146180E+00 2.257076334E+00 6.439406579E-02
8.580000000E+07 1.597929051E+00 3.173923210E+00 1.799499545E+00 2.252440473E+00 6.426102016E-02
8.600000000E+07 1.594568081E+00 3.167373015E+00 1.795868583E+00 2.247824720E+00 6.412855261E-02
8.620000000E+07 1.591221878E+00 3.160851288E+00 1.792253193E+00 2.243228943E+00 6.399665928E-02
8.640000000E+07 1.587890344E+00 3.154357839E+00 1.788653271E+00 2.238653010E+00 6.386533633E-02
8.660000000E+07 1.584573381E+00 3.147892481E+00 1.785068716E+00 2.234096790E+00 6.373457995E-02
8.680000000E+07 1.581270892E+00 3.141455029E+00 1.781499427E+00 2.229560152E+00 6.360438632E-02
8.700000000E+07 1.577982781E+00 3.135045299E+00 1.777945306E+00 2.225042969E+00 6.347475168E-02
8.720000000E+07 1.574708953E+00 3.128663108E+00 1.774406254E+00 2.220545113E+00 6.334567228E-02
8.740000000E+07 1.571449313E+00 3.122308278E+00 1.770882172E+00 2.216066458E+00 6.321714439E-02
8.760000000E+07 1.568203767E+00 3.115980627E+00 1.767372963E+00 2.211606878E+00 6.308916431E-02
8.780000000E+07 1.564972224E+00 3.109679979E+00 1.763878532E+00 2.207166249E+00 6.296172838E-02
8.800000000E+07 1.561754591E+00 3.103406160E+00 1.760398784E+00 2.202744449E+00 6.283483295E-02
8.820000000E+07 1.558550777E+00 3.097158993E+00 1.756933623E+00 2.198341356E+00 6.270847441E-02
8.840000000E+07 1.555360692E+00 3.090938305E+00 1.753482956E+00 2.193956848E+00 6.258264919E-02
8.860000000E+07 1.552184247E+00 3.084743927E+00 1.750046691E+00 2.189590806E+00 6.245735373E-02
8.880000000E+07 1.549021351E+00 3.078575688E+00 1.746624735E+00 2.185243110E+00 6.233258453E-02
8.900000000E+07 1.545871919E+00 3.072433420E+00 1.743216997E+00 2.180913645E+00 6.220833810E-02
8.920000000E+07 1.542735863E+00 3.066316956E+00 1.739823387E+00 2.176602291E+00 6.208461100E-02
8.940000000E+07 1.539613095E+00 3.060226131E+00 1.736443815E+00 2.172308934E+00 6.196139982E-02
8.960000000E+07 1.536503531E+00 3.054160780E+00 1.733078192E+00 2.168033460E+00 6.183870118E-02
8.980000000E+07 1.533407085E+00 3.048120742E+00 1.729726430E+00 2.163775754E+00 6.171651175E-02
9.000000000E+07 1.530323674E+00 3.042105854E+00 1.726388441E+00 2.159535703E+00 6.159482823E-02
9.020000000E+07 1.527253213E+00 3.036115957E+00 1.723064139E+00 2.155313195E+00 6.147364734E-02
9.040000000E+07 1.524195621E+00 3.030150894E+00 1.719753438E+00 2.151108121E+00 6.135296586E-02
9.060000000E+07 1.521150815E+00 3.024210506E+00 1.716456253E+00 2.146920369E+00 6.123278059E-02
9.080000000E+07 1.518118714E+00 3.018294637E+00 1.713172499E+00 2.142749831E+00 6.111308837E-02
9.100000000E+07 1.515099236E+00 3.012403134E+00 1.709902093E+00 2.138596399E+00 6.099388608E-02
9.120000000E+07 1.512092303E+00 3.006535844E+00 1.706644951E+00 2.134459966E+00 6.087517063E-02
9.140000000E+07 1.509097835E+00 3.000692614E+00 1.703400991E+00 2.130340425E+00 6.075693896E-02
9.160000000E+07 1.506115753E+00 2.994873294E+00 1.700170131E+00 2.126237671E+00 6.063918804E-02
9.180000000E+07 1.503145980E+00 2.989077735E+00 1.696952291E+00 2.122151599E+00 6.052191490E-02
9.200000000E+07 1.500188437E+00 2.983305789E+00 1.693747390E+00 2.118082106E+00 6.040511656E-02
9.220000000E+07 1.497243049E+00 2.977557308E+00 1.690555348E+00 2.114029090E+00 6.028879011E-02
9.240000000E+07 1.494309740E+00 2.971832148E+00 1.687376086E+00 2.109992447E+00 6.017293264E-02
9.260000000E+07 1.491388433E+00 2.966130163E+00 1.684209527E+00 2.105972078E+00 6.005754129E-02
9.280000000E+07 1.488479055E+00 2.960451212E+00 1.681055592E+00 2.101967882E+00 5.994261321E-02
9.300000000E+07 1.485581532E+00 2.954795152E+00 1.677914204E+00 2.097979760E+00 5.982814560E-02
9.320000000E+07 1.482695789E+00 2.949161841E+00 1.674785287E+00 2.094007613E+00 5.971413568E-02
9.340000000E+07 1.479821754E+00 2.943551141E+00 1.671668765E+00 2.090051343E+00 5.960058068E-02
9.360000000E+07 1.476959355E+00 2.937962913E+00 1.668564563E+00 2.086110853E+00 5.948747787E-02
9.380000000E+07 1.474108520E+00 2.932397020E+00 1.665472606E+00 2.082186048E+00 5.937482454E-02
9.400000000E+07 1.471269178E+00 2.926853326E+00 1.662392821E+00 2.078276832E+00 5.926261803E-02
9.420000000E+07 1.468441258E+00 2.921331695E+00 1.659325134E+00 2.074383110E+00 5.915085565E-02
9.440000000E+07 1.465624691E+00 2.915831993E+00 1.656269472E+00 2.070504789E+00 5.903953478E-02
9.460000000E+07 1.462819407E+00 2.910354088E+00 1.653225763E+00 2.066641775E+00 5.892865281E-02
9.480000000E+07 1.460025338E+00 2.904897847E+00 1.650193935E+00 2.062793976E+00 5.881820713E-02
9.500000000E+07 1.457242415E+00 2.899463141E+00 1.647173918E+00 2.058961301E+00 5.870819519E-02
9.520000000E+07 1.454470571E+00 2.894049839E+00 1.644165641E+00 2.055143659E+00 5.859861443E-02
9.540000000E+07 1.451709738E+00 2.888657813E+00 1.641169034E+00 2.051340960E+00 5.848946231E-02
9.560000000E+07 1.448959851E+00 2.883286935E+00 1.638184028E+00 2.047553115E+00 5.838073634E-02
9.580000000E+07 1.446220842E+00 2.877937079E+00 1.635210554E+00 2.043780034E+00 5.827243402E-02
9.600000000E+07 1.443492647E+00 2.872608119E+00 1.632248544E+00 2.040021631E+00 5.816455288E-02
9.620000000E+07 1.440775200E+00 2.867299930E+00 1.629297930E+00 2.036277817E+00 5.805709047E-02
9.640000000E+07 1.438068438E+00 2.862012389E+00 1.626358646E+00 2.032548507E+00 5.795004435E-02
9.660000000E+07 1.435372296E+00 2.856745374E+00 1.623430623E+00 2.028833614E+00 5.784341212E-02
9.680000000E+07 1.432686711E+00 2.851498763E+00 1.620513797E+00 2.025133054E+00 5.773719136E-02
9.700000000E+07 1.430012752E+00 2.846274699E+00 1.617609348E+00 2.021450794E+00 5.763830954E-02
9.720000000E+07 1.427348098E+00 2.841068546E+00 1.614714725E+00 2.017778665E+00 5.753295704E-02
9.740000000E+07 1.424693814E+00 2.835882437E+00 1.611831103E+00 2.014120616E+00 5.742800921E-02
9.760000000E+07 1.422049838E+00 2.830716256E+00 1.608958418E+00 2.010476567E+00 5.732346376E-02
9.780000000E+07 1.419416109E+00 2.825569885E+00 1.606096608E+00 2.006846434E+00 5.721931841E-02
9.800000000E+07 1.416792568E+00 2.820443209E+00 1.603245608E+00 2.003230136E+00 5.711557091E-02
9.820000000E+07 1.414179153E+00 2.815336111E+00 1.600405356E+00 1.999627593E+00 5.701221899E-02
9.840000000E+07 1.411575806E+00 2.810248479E+00 1.597575790E+00 1.996038725E+00 5.690926040E-02
9.860000000E+07 1.408982468E+00 2.805180200E+00 1.594756849E+00 1.992463453E+00 5.680669292E-02
9.880000000E+07 1.406399080E+00 2.800131160E+00 1.591948472E+00 1.988901697E+00 5.670451431E-02
9.900000000E+07 1.403825583E+00 2.795101248E+00 1.589150597E+00 1.985353381E+00 5.660272234E-02
9.920000000E+07 1.401261922E+00 2.790090354E+00 1.586363165E+00 1.981818426E+00 5.650131481E-02
9.940000000E+07 1.398708037E+00 2.785098369E+00 1.583586117E+00 1.978296756E+00 5.640028950E-02
9.960000000E+07 1.396163873E+00 2.780125183E+00 1.580819392E+00 1.974788294E+00 5.629964421E-02
9.980000000E+07 1.393629373E+00 2.775170688E+00 1.578062933E+00 1.971292965E+00 5.619937677E-02
1.000000000E+08 1.391104481E+00 2.770234777E+00 1.575316680E+00 1.967810694E+00 5.609948498E-02
