1.000000000E+06 9.445961459E+01 9.099394570E+01 6.244737224E+01 1.022754019E+02 1.377457717E+00
1.200000000E+06 8.153892064E+01 7.912793241E+01 5.476963550E+01 8.953282307E+01 1.355910691E+00
1.400000000E+06 7.192096999E+01 7.021032455E+01 4.893082797E+01 7.984507463E+01 1.319741652E+00
1.600000000E+06 6.446078316E+01 6.323986955E+01 4.432348824E+01 7.220686004E+01 1.276585954E+00
1.800000000E+06 5.849206984E+01 5.762707041E+01 4.058436308E+01 6.601429227E+01 1.230525252E+00
2.000000000E+06 5.359579708E+01 5.299712818E+01 3.747876215E+01 6.086954368E+01 1.171678078E+00
2.200000000E+06 4.950822540E+01 4.911388908E+01 3.485984817E+01 5.654383439E+01 1.129291941E+00
2.400000000E+06 4.603697115E+01 4.580229488E+01 3.261516923E+01 5.283985719E+01 1.087495890E+00
2.600000000E+06 4.304763100E+01 4.293960558E+01 3.066573491E+01 4.962256548E+01 1.040240400E+00
2.800000000E+06 4.044825564E+01 4.044216510E+01 2.895860899E+01 4.681223440E+01 1.003443042E+00
3.000000000E+06 3.816222864E+01 3.823894824E+01 2.744687415E+01 4.432296693E+01 9.628480202E-01
3.200000000E+06 3.613792361E+01 3.628265028E+01 2.610041299E+01 4.211097275E+01 9.304336292E-01
3.400000000E+06 3.432935511E+01 3.453026718E+01 2.489046032E+01 4.012278685E+01 8.955044615E-01
3.600000000E+06 3.270409204E+01 3.295176230E+01 2.379753872E+01 3.832852846E+01 8.628295029E-01
3.800000000E+06 3.123628811E+01 3.152313074E+01 2.280603906E+01 3.670446830E+01 8.365734988E-01
4.000000000E+06 2.990159538E+01 3.022132294E+01 2.190023664E+01 3.522012813E+01 8.082332317E-01
4.200000000E+06 2.868316889E+01 2.903063252E+01 2.106990086E+01 3.386054049E+01 7.816267919E-01
4.400000000E+06 2.756705582E+01 2.793801276E+01 2.030650108E+01 3.261319392E+01 7.598982254E-01
4.600000000E+06 2.653907082E+01 2.692990726E+01 1.960064726E+01 3.145929217E+01 7.365873743E-01
4.800000000E+06 2.558961473E+01 2.599731565E+01 1.894645630E+01 3.039060024E+01 7.146069207E-01
5.000000000E+06 2.470983560E+01 2.513184813E+01 1.833828802E+01 2.939776862E+01 6.938585020E-01
5.200000000E+06 2.389287275E+01 2.432705169E+01 1.777191733E+01 2.847505925E+01 6.768090593E-01
5.400000000E+06 2.313087866E+01 2.357534034E+01 1.724198149E+01 2.761112693E+01 6.583934211E-01
5.600000000E+06 2.241890074E+01 2.287204987E+01 1.674543749E+01 2.680212253E+01 6.409349924E-01
5.800000000E+06 2.175206982E+01 2.221253140E+01 1.627913231E+01 2.604283173E+01 6.243667366E-01
6.000000000E+06 2.112664536E+01 2.159325024E+01 1.584075161E+01 2.533035729E+01 6.105531876E-01
6.200000000E+06 2.053790251E+01 2.100959955E+01 1.542698881E+01 2.465742027E+01 5.956806411E-01
6.400000000E+06 1.998304111E+01 2.045893217E+01 1.503612022E+01 2.402205313E+01 5.815121667E-01
6.600000000E+06 1.945915820E+01 1.993845968E+01 1.466624094E+01 2.342111248E+01 5.680015659E-01
6.800000000E+06 1.896403971E+01 1.944608071E+01 1.431597378E+01 2.285298919E+01 5.565072619E-01
7.000000000E+06 1.849468056E+01 1.897884694E+01 1.398318051E+01 2.231286425E+01 5.442634040E-01
7.200000000E+06 1.804937173E+01 1.853513615E+01 1.366680434E+01 2.179962262E+01 5.325495913E-01
7.400000000E+06 1.762627296E+01 1.811317162E+01 1.336562413E+01 2.131125314E+01 5.213332111E-01
7.600000000E+06 1.722372907E+01 1.771135353E+01 1.307853881E+01 2.084594332E+01 5.105844227E-01
7.800000000E+06 1.684024713E+01 1.732823720E+01 1.280455276E+01 2.040205503E+01 5.002758118E-01
8.000000000E+06 1.647475125E+01 1.696279989E+01 1.254300454E+01 1.997900272E+01 4.914708290E-01
8.200000000E+06 1.612547842E+01 1.661329436E+01 1.229260056E+01 1.957367349E+01 4.820160736E-01
8.400000000E+06 1.579157852E+01 1.627891344E+01 1.205282442E+01 1.918569972E+01 4.729240001E-01
8.600000000E+06 1.547203777E+01 1.595867212E+01 1.182299398E+01 1.881396102E+01 4.641745918E-01
8.800000000E+06 1.516593056E+01 1.565167017E+01 1.160248516E+01 1.845743275E+01 4.557493624E-01
9.000000000E+06 1.487241000E+01 1.535708317E+01 1.139072578E+01 1.811517590E+01 4.476311868E-01
9.200000000E+06 1.459089944E+01 1.507436230E+01 1.118736582E+01 1.778698289E+01 4.406134976E-01
9.400000000E+06 1.432029313E+01 1.480240397E+01 1.099157662E+01 1.747077418E+01 4.330973363E-01
9.600000000E+06 1.406012672E+01 1.454076715E+01 1.080308092E+01 1.716644752E+01 4.258392333E-01
9.800000000E+06 1.380979523E+01 1.428886091E+01 1.062146694E+01 1.687332815E+01 4.188262611E-01
1.000000000E+07 1.356874006E+01 1.404613914E+01 1.044635382E+01 1.659079219E+01 4.120463996E-01
1.020000000E+07 1.333644457E+01 1.381209640E+01 1.027738869E+01 1.631826187E+01 4.054884463E-01
1.040000000E+07 1.311243018E+01 1.358626410E+01 1.011424417E+01 1.605520128E+01 3.991419366E-01
1.060000000E+07 1.289625290E+01 1.336820722E+01 9.956616038E+00 1.580111262E+01 3.929970717E-01
1.080000000E+07 1.268765071E+01 1.315767775E+01 9.804353489E+00 1.555602622E+01 3.876713900E-01
1.100000000E+07 1.248594321E+01 1.295399071E+01 9.656931998E+00 1.531853804E+01 3.819248826E-01
1.120000000E+07 1.229091868E+01 1.275694665E+01 9.514233621E+00 1.508872363E+01 3.763513165E-01
1.140000000E+07 1.210224374E+01 1.256621798E+01 9.376028541E+00 1.486620743E+01 3.709430459E-01
1.160000000E+07 1.191960705E+01 1.238149859E+01 9.242101841E+00 1.465063833E+01 3.656928986E-01
1.180000000E+07 1.174271750E+01 1.220250209E+01 9.112252296E+00 1.444168772E+01 3.605941354E-01
1.200000000E+07 1.157130260E+01 1.202896022E+01 8.986291290E+00 1.423904764E+01 3.556404125E-01
1.220000000E+07 1.140510699E+01 1.186062145E+01 8.864041834E+00 1.404242920E+01 3.508257472E-01
1.240000000E+07 1.124400032E+01 1.169736319E+01 8.745433678E+00 1.385191931E+01 3.466072684E-01
1.260000000E+07 1.108754215E+01 1.153873956E+01 8.630121076E+00 1.366655626E+01 3.420702824E-01
1.280000000E+07 1.093562700E+01 1.138465207E+01 8.518050076E+00 1.348644774E+01 3.376546256E-01
1.300000000E+07 1.078805590E+01 1.123490425E+01 8.409082069E+00 1.331136775E+01 3.333554832E-01
1.320000000E+07 1.064464142E+01 1.108931097E+01 8.303086353E+00 1.314110327E+01 3.291683088E-01
1.340000000E+07 1.050520690E+01 1.094769760E+01 8.199939574E+00 1.297545329E+01 3.250888053E-01
1.360000000E+07 1.036958565E+01 1.080989929E+01 8.099525210E+00 1.281422801E+01 3.211129060E-01
1.380000000E+07 1.023762025E+01 1.067576027E+01 8.001733100E+00 1.265724803E+01 3.172367571E-01
1.400000000E+07 1.010916192E+01 1.054513325E+01 7.906459011E+00 1.250434362E+01 3.134567014E-01
1.420000000E+07 9.984069921E+00 1.041787884E+01 7.813604239E+00 1.235535413E+01 3.097692635E-01
1.440000000E+07 9.862291797E+00 1.029394899E+01 7.723146266E+00 1.221039234E+01 3.065208268E-01
1.460000000E+07 9.743541689E+00 1.017305258E+01 7.634856021E+00 1.206879016E+01 3.030198822E-01
1.480000000E+07 9.627778661E+00 1.005515276E+01 7.548718536E+00 1.193066891E+01 2.996010821E-01
1.500000000E+07 9.514889181E+00 9.940136871E+00 7.464653857E+00 1.179589858E+01 2.962615483E-01
1.520000000E+07 9.404765460E+00 9.827897887E+00 7.382586000E+00 1.166435563E+01 2.929985445E-01
1.540000000E+07 9.297305088E+00 9.718334087E+00 7.302442705E+00 1.153592259E+01 2.898094672E-01
1.560000000E+07 9.192410704E+00 9.611348720E+00 7.224155208E+00 1.141048774E+01 2.866918373E-01
1.580000000E+07 9.089989682E+00 9.506849699E+00 7.147658028E+00 1.128794468E+01 2.836432922E-01
1.600000000E+07 8.989953849E+00 9.404749326E+00 7.072888775E+00 1.116819207E+01 2.806615777E-01
1.620000000E+07 8.892219212E+00 9.304964028E+00 6.999787963E+00 1.105113330E+01 2.777445409E-01
1.640000000E+07 8.796705716E+00 9.207414113E+00 6.928298843E+00 1.093667625E+01 2.748901233E-01
1.660000000E+07 8.703337015E+00 9.112023554E+00 6.858367250E+00 1.082473298E+01 2.720963546E-01
1.680000000E+07 8.612100476E+00 9.018782386E+00 6.789994407E+00 1.071541717E+01 2.696282851E-01
1.700000000E+07 8.522807297E+00 8.927497295E+00 6.723026019E+00 1.060825725E+01 2.669574583E-01
1.720000000E+07 8.435449979E+00 8.838163324E+00 6.657466658E+00 1.050336999E+01 2.643412311E-01
1.740000000E+07 8.349965013E+00 8.750717127E+00 6.593271114E+00 1.040068206E+01 2.617779293E-01
1.760000000E+07 8.266291668E+00 8.665098108E+00 6.530396117E+00 1.030012329E+01 2.592659508E-01
1.780000000E+07 8.184371841E+00 8.581248266E+00 6.468800237E+00 1.020162651E+01 2.568037620E-01
1.800000000E+07 8.104149909E+00 8.499112060E+00 6.408443783E+00 1.010512738E+01 2.543898937E-01
1.820000000E+07 8.025572603E+00 8.418636281E+00 6.349288714E+00 1.001056424E+01 2.520229379E-01
1.840000000E+07 7.948588882E+00 8.339769922E+00 6.291298548E+00 9.917877996E+00 2.497015441E-01
1.860000000E+07 7.873149816E+00 8.262464072E+00 6.234438291E+00 9.827011936E+00 2.474244156E-01
1.880000000E+07 7.799208479E+00 8.186671806E+00 6.178674352E+00 9.737911657E+00 2.451903070E-01
1.900000000E+07 7.726719842E+00 8.112348081E+00 6.123974481E+00 9.650524924E+00 2.429980203E-01
1.920000000E+07 7.655640686E+00 8.039449647E+00 6.070307694E+00 9.564801569E+00 2.408464026E-01
1.940000000E+07 7.585973601E+00 7.967980811E+00 6.017682999E+00 9.480838150E+00 2.389328862E-01
1.960000000E+07 7.517591308E+00 7.897810759E+00 5.965994907E+00 9.398301421E+00 2.368643884E-01
1.980000000E+07 7.450498743E+00 7.828946085E+00 5.915253931E+00 9.317288830E+00 2.348329827E-01
2.000000000E+07 7.384659054E+00 7.761349866E+00 5.865433581E+00 9.237757513E+00 2.328376659E-01
2.020000000E+07 7.320036794E+00 7.694986573E+00 5.816508362E+00 9.159666219E+00 2.308774726E-01
2.040000000E+07 7.256597859E+00 7.629822010E+00 5.768453722E+00 9.082975237E+00 2.289514735E-01
2.060000000E+07 7.194309414E+00 7.565823248E+00 5.721246014E+00 9.007646322E+00 2.270587743E-01
2.080000000E+07 7.133139843E+00 7.502958568E+00 5.674862450E+00 8.933642628E+00 2.251985136E-01
2.100000000E+07 7.073058690E+00 7.441197406E+00 5.629281066E+00 8.860928641E+00 2.233698617E-01
2.120000000E+07 7.014036604E+00 7.380510299E+00 5.584480679E+00 8.789470124E+00 2.215720189E-01
2.140000000E+07 6.956045291E+00 7.320868834E+00 5.540440858E+00 8.719234055E+00 2.198042138E-01
2.160000000E+07 6.899057466E+00 7.262245605E+00 5.497141888E+00 8.650188575E+00 2.180657020E-01
2.180000000E+07 6.843046807E+00 7.204614168E+00 5.454564738E+00 8.582302937E+00 2.163557647E-01
2.200000000E+07 6.787987915E+00 7.147948994E+00 5.412691033E+00 8.515547454E+00 2.146737070E-01
2.220000000E+07 6.733856271E+00 7.092225434E+00 5.371503024E+00 8.449893457E+00 2.130188569E-01
2.240000000E+07 6.680660467E+00 7.037453236E+00 5.331011943E+00 8.385419199E+00 2.115377806E-01
2.260000000E+07 6.628313628E+00 6.983542837E+00 5.291144920E+00 8.321887755E+00 2.099389638E-01
2.280000000E+07 6.576825375E+00 6.930504989E+00 5.251913829E+00 8.259377392E+00 2.083652537E-01
2.300000000E+07 6.526174353E+00 6.878318199E+00 5.213303173E+00 8.197863095E+00 2.068160528E-01
2.320000000E+07 6.476339916E+00 6.826961683E+00 5.175297965E+00 8.137320671E+00 2.052907834E-01
2.340000000E+07 6.427302100E+00 6.776415337E+00 5.137883702E+00 8.077726715E+00 2.037888864E-01
2.360000000E+07 6.379041591E+00 6.726659711E+00 5.101046347E+00 8.019058576E+00 2.023098210E-01
2.380000000E+07 6.331539702E+00 6.677675975E+00 5.064772311E+00 7.961294330E+00 2.008530643E-01
2.400000000E+07 6.284778346E+00 6.629445903E+00 5.029048434E+00 7.904412747E+00 1.994181104E-01
2.420000000E+07 6.238740011E+00 6.581951845E+00 4.993861968E+00 7.848393265E+00 1.980044697E-01
2.440000000E+07 6.193407740E+00 6.535176703E+00 4.959200561E+00 7.793215968E+00 1.966116683E-01
2.460000000E+07 6.148765107E+00 6.489103911E+00 4.925052244E+00 7.738861552E+00 1.952392475E-01
2.480000000E+07 6.104796197E+00 6.443717415E+00 4.891405411E+00 7.685311307E+00 1.938867626E-01
2.500000000E+07 6.061485583E+00 6.399001652E+00 4.858248811E+00 7.632547095E+00 1.925537827E-01
2.520000000E+07 6.018818314E+00 6.354941530E+00 4.825571529E+00 7.580551323E+00 1.912398897E-01
2.540000000E+07 5.976779890E+00 6.311522413E+00 4.793362977E+00 7.529306928E+00 1.899446779E-01
2.560000000E+07 5.935356248E+00 6.268730102E+00 4.761612882E+00 7.478797354E+00 1.886677533E-01
2.580000000E+07 5.894533747E+00 6.226550820E+00 4.730311271E+00 7.429006532E+00 1.874087330E-01
2.600000000E+07 5.854322962E+00 6.184995956E+00 4.699469409E+00 7.379997072E+00 1.862777654E-01
2.620000000E+07 5.814663756E+00 6.144003356E+00 4.669036302E+00 7.331598534E+00 1.850558364E-01
2.640000000E+07 5.775567119E+00 6.103584811E+00 4.639023456E+00 7.283873261E+00 1.838506037E-01
2.660000000E+07 5.737020939E+00 6.063728078E+00 4.609422000E+00 7.236806965E+00 1.826617204E-01
2.680000000E+07 5.699013453E+00 6.024421265E+00 4.580223316E+00 7.190385770E+00 1.814888493E-01
2.700000000E+07 5.661533236E+00 5.985652815E+00 4.551419027E+00 7.144596189E+00 1.803316629E-01
2.720000000E+07 5.624569183E+00 5.947411497E+00 4.523000992E+00 7.099425112E+00 1.791898427E-01
2.740000000E+07 5.588110507E+00 5.909686397E+00 4.494961292E+00 7.054859796E+00 1.780630796E-01
2.760000000E+07 5.552146718E+00 5.872466899E+00 4.467292230E+00 7.010887851E+00 1.769510733E-01
2.780000000E+07 5.516667619E+00 5.835742682E+00 4.439986315E+00 6.967497224E+00 1.758535319E-01
2.800000000E+07 5.481663294E+00 5.799503707E+00 4.413036264E+00 6.924676194E+00 1.747701721E-01
2.820000000E+07 5.447124098E+00 5.763740208E+00 4.386434985E+00 6.882413353E+00 1.737007185E-01
2.840000000E+07 5.413040648E+00 5.728442682E+00 4.360175581E+00 6.840697602E+00 1.726449035E-01
2.860000000E+07 5.379403815E+00 5.693601880E+00 4.334251333E+00 6.799518138E+00 1.716024667E-01
2.880000000E+07 5.346204714E+00 5.659208800E+00 4.308655703E+00 6.758864443E+00 1.705731549E-01
2.900000000E+07 5.313434695E+00 5.625254676E+00 4.283382322E+00 6.718726275E+00 1.695567217E-01
2.920000000E+07 5.281085339E+00 5.591730973E+00 4.258424989E+00 6.679093663E+00 1.685529268E-01
2.940000000E+07 5.249148446E+00 5.558629380E+00 4.233777659E+00 6.639956889E+00 1.675615365E-01
2.960000000E+07 5.217616031E+00 5.525941798E+00 4.209434448E+00 6.601306490E+00 1.665823226E-01
2.980000000E+07 5.186480316E+00 5.493660338E+00 4.185389618E+00 6.563133243E+00 1.656150630E-01
3.000000000E+07 5.155733721E+00 5.461777312E+00 4.161637575E+00 6.525428161E+00 1.646595406E-01
3.020000000E+07 5.125386423E+00 5.430303488E+00 4.138188318E+00 6.488240159E+00 1.637985685E-01
3.040000000E+07 5.095396319E+00 5.399195266E+00 4.115005827E+00 6.451446055E+00 1.628674865E-01
3.060000000E+07 5.065773731E+00 5.368463552E+00 4.092100170E+00 6.415094463E+00 1.619474521E-01
3.080000000E+07 5.036511819E+00 5.338101404E+00 4.069466292E+00 6.379177260E+00 1.610382655E-01
3.100000000E+07 5.007603912E+00 5.308102047E+00 4.047099262E+00 6.343686524E+00 1.601397314E-01
3.120000000E+07 4.979043507E+00 5.278458877E+00 4.024994269E+00 6.308614527E+00 1.592516593E-01
3.140000000E+07 4.950824258E+00 5.249165449E+00 4.003146619E+00 6.273953730E+00 1.583738636E-01
3.160000000E+07 4.922939976E+00 5.220215473E+00 3.981551730E+00 6.239696774E+00 1.575061629E-01
3.180000000E+07 4.895384620E+00 5.191602814E+00 3.960205131E+00 6.205836478E+00 1.566483808E-01
3.200000000E+07 4.868152300E+00 5.163321482E+00 3.939102456E+00 6.172365833E+00 1.558003450E-01
3.220000000E+07 4.841237260E+00 5.135365630E+00 3.918239443E+00 6.139277996E+00 1.549618877E-01
3.240000000E+07 4.814633887E+00 5.107729549E+00 3.897611930E+00 6.106566284E+00 1.541328455E-01
3.260000000E+07 4.788336698E+00 5.080407663E+00 3.877215851E+00 6.074224172E+00 1.533130587E-01
3.280000000E+07 4.762340341E+00 5.053394532E+00 3.857047237E+00 6.042245287E+00 1.525023720E-01
3.300000000E+07 4.736639587E+00 5.026684834E+00 3.837102205E+00 6.010623403E+00 1.517006335E-01
3.320000000E+07 4.711229329E+00 5.000273376E+00 3.817376968E+00 5.979352436E+00 1.509076953E-01
3.340000000E+07 4.686104581E+00 4.974155081E+00 3.797867820E+00 5.948426443E+00 1.501234127E-01
3.360000000E+07 4.661260468E+00 4.948324991E+00 3.778571141E+00 5.917839616E+00 1.493476444E-01
3.380000000E+07 4.636692228E+00 4.922778259E+00 3.759483392E+00 5.887586277E+00 1.485802526E-01
3.400000000E+07 4.612395207E+00 4.897510144E+00 3.740601113E+00 5.857660875E+00 1.478211022E-01
3.420000000E+07 4.588364857E+00 4.872516018E+00 3.721920923E+00 5.828057987E+00 1.470700614E-01
3.440000000E+07 4.564596728E+00 4.847791349E+00 3.703439512E+00 5.798772305E+00 1.463270009E-01
3.460000000E+07 4.541086477E+00 4.823331711E+00 3.685153646E+00 5.769798641E+00 1.455917946E-01
3.480000000E+07 4.517829849E+00 4.799132773E+00 3.667060160E+00 5.741131921E+00 1.448643187E-01
3.500000000E+07 4.494835578E+00 4.775203701E+00 3.649167297E+00 5.712809523E+00 1.442063037E-01
3.520000000E+07 4.472073959E+00 4.751513693E+00 3.631449475E+00 5.684742368E+00 1.434950062E-01
3.540000000E+07 4.449553760E+00 4.728071948E+00 3.613914941E+00 5.656967573E+00 1.427910454E-01
3.560000000E+07 4.427271089E+00 4.704874498E+00 3.596560795E+00 5.629480488E+00 1.420943055E-01
3.580000000E+07 4.405222140E+00 4.681917464E+00 3.579384199E+00 5.602276564E+00 1.414046731E-01
3.600000000E+07 4.383403187E+00 4.659197046E+00 3.562382375E+00 5.575351347E+00 1.407220371E-01
3.620000000E+07 4.361810584E+00 4.636709527E+00 3.545552601E+00 5.548700477E+00 1.400462887E-01
3.640000000E+07 4.340440763E+00 4.614451265E+00 3.528892215E+00 5.522319687E+00 1.393773214E-01
3.660000000E+07 4.319290230E+00 4.592418699E+00 3.512398609E+00 5.496204797E+00 1.387150311E-01
3.680000000E+07 4.298355567E+00 4.570608338E+00 3.496069228E+00 5.470351716E+00 1.380593159E-01
3.700000000E+07 4.277633423E+00 4.549016767E+00 3.479901572E+00 5.444756436E+00 1.374100763E-01
3.720000000E+07 4.257120520E+00 4.527640637E+00 3.463893190E+00 5.419415033E+00 1.367672148E-01
3.740000000E+07 4.236813649E+00 4.506476674E+00 3.448041683E+00 5.394323662E+00 1.361306363E-01
3.760000000E+07 4.216709662E+00 4.485521664E+00 3.432344698E+00 5.369478556E+00 1.355002478E-01
3.780000000E+07 4.196805480E+00 4.464772463E+00 3.416799931E+00 5.344876024E+00 1.348759582E-01
3.800000000E+07 4.177098084E+00 4.444225989E+00 3.401405124E+00 5.320512452E+00 1.342576784E-01
3.820000000E+07 4.157584517E+00 4.423879221E+00 3.386158065E+00 5.296384294E+00 1.336453215E-01
3.840000000E+07 4.138261882E+00 4.403729200E+00 3.371056583E+00 5.272488079E+00 1.330388021E-01
3.860000000E+07 4.119127340E+00 4.383773025E+00 3.356098553E+00 5.248820401E+00 1.324380367E-01
3.880000000E+07 4.100178106E+00 4.364007853E+00 3.341281890E+00 5.225377924E+00 1.318429436E-01
3.900000000E+07 4.081411453E+00 4.344430895E+00 3.326604550E+00 5.202157375E+00 1.312534427E-01
3.920000000E+07 4.062824708E+00 4.325039419E+00 3.312064529E+00 5.179155547E+00 1.306694553E-01
3.940000000E+07 4.044415249E+00 4.305830745E+00 3.297659861E+00 5.156369293E+00 1.300909045E-01
3.960000000E+07 4.026180505E+00 4.286802246E+00 3.283388619E+00 5.133795529E+00 1.295177146E-01
3.980000000E+07 4.008117954E+00 4.267951343E+00 3.269248912E+00 5.111431229E+00 1.289498116E-01
4.000000000E+07 3.990225128E+00 4.249275512E+00 3.255238886E+00 5.089273426E+00 1.283871225E-01
4.020000000E+07 3.972499600E+00 4.230772269E+00 3.241356720E+00 5.067319206E+00 1.278295761E-01
4.040000000E+07 3.954938992E+00 4.212439185E+00 3.227600630E+00 5.045565715E+00 1.272771020E-01
4.060000000E+07 3.937550449E+00 4.194283727E+00 3.213977200E+00 5.024041284E+00 1.267757501E-01
4.080000000E+07 3.920312819E+00 4.176283938E+00 3.200468118E+00 5.002681191E+00 1.262339376E-01
4.100000000E+07 3.903233241E+00 4.158447280E+00 3.187079951E+00 4.981513567E+00 1.256969745E-01
4.120000000E+07 3.886309512E+00 4.140771497E+00 3.173811045E+00 4.960535766E+00 1.251647943E-01
4.140000000E+07 3.869539470E+00 4.123254378E+00 3.160659772E+00 4.939745185E+00 1.246373315E-01
4.160000000E+07 3.852920994E+00 4.105893750E+00 3.147624539E+00 4.919139275E+00 1.241145218E-01
4.180000000E+07 3.836451999E+00 4.088687480E+00 3.134703778E+00 4.898715529E+00 1.235963020E-01
4.200000000E+07 3.820130443E+00 4.071633475E+00 3.121895952E+00 4.878471488E+00 1.230826099E-01
4.220000000E+07 3.803954318E+00 4.054729681E+00 3.109199549E+00 4.858404737E+00 1.225733848E-01
4.240000000E+07 3.787921655E+00 4.037974080E+00 3.096613087E+00 4.838512906E+00 1.220685669E-01
4.260000000E+07 3.772030518E+00 4.021364691E+00 3.084135110E+00 4.818793665E+00 1.215680976E-01
4.280000000E+07 3.756279009E+00 4.004899566E+00 3.071764186E+00 4.799244727E+00 1.210719196E-01
4.300000000E+07 3.740665262E+00 3.988576796E+00 3.059498910E+00 4.779863846E+00 1.205799764E-01
4.320000000E+07 3.725187445E+00 3.972394503E+00 3.047337902E+00 4.760648816E+00 1.200922129E-01
4.340000000E+07 3.709843758E+00 3.956350843E+00 3.035279806E+00 4.741597468E+00 1.196085751E-01
4.360000000E+07 3.694632436E+00 3.940444005E+00 3.023323289E+00 4.722707675E+00 1.191290099E-01
4.380000000E+07 3.679551740E+00 3.924672209E+00 3.011467042E+00 4.703977342E+00 1.186534654E-01
4.400000000E+07 3.664599966E+00 3.909033705E+00 2.999709777E+00 4.685404415E+00 1.181818906E-01
4.420000000E+07 3.649775438E+00 3.893526778E+00 2.988050232E+00 4.666986873E+00 1.177142354E-01
4.440000000E+07 3.635076509E+00 3.878149738E+00 2.976487163E+00 4.648722731E+00 1.172504508E-01
4.460000000E+07 3.620501562E+00 3.862900925E+00 2.965019349E+00 4.630610037E+00 1.167904888E-01
4.480000000E+07 3.606049006E+00 3.847778709E+00 2.953645589E+00 4.612646874E+00 1.163343019E-01
4.500000000E+07 3.591717278E+00 3.832781486E+00 2.942364702E+00 4.594831356E+00 1.158818437E-01
4.520000000E+07 3.577504842E+00 3.817907681E+00 2.931175529E+00 4.577161630E+00 1.154330686E-01
4.540000000E+07 3.563410188E+00 3.803155744E+00 2.920076928E+00 4.559635872E+00 1.149879317E-01
4.560000000E+07 3.549431832E+00 3.788524153E+00 2.909067778E+00 4.542252293E+00 1.145463890E-01
4.580000000E+07 3.535568316E+00 3.774011409E+00 2.898146976E+00 4.525009131E+00 1.141083969E-01
4.600000000E+07 3.521818203E+00 3.759616041E+00 2.887313436E+00 4.507904652E+00 1.136739129E-01
4.620000000E+07 3.508180085E+00 3.745336601E+00 2.876566093E+00 4.490937153E+00 1.132428948E-01
4.640000000E+07 3.494652573E+00 3.731171664E+00 2.865903895E+00 4.474104960E+00 1.128153015E-01
4.660000000E+07 3.481234302E+00 3.717119829E+00 2.855325812E+00 4.457406423E+00 1.123910922E-01
4.680000000E+07 3.467923932E+00 3.703179719E+00 2.844830827E+00 4.440839921E+00 1.119702267E-01
4.700000000E+07 3.454727082E+00 3.689357196E+00 2.834424047E+00 4.424426659E+00 1.115867514E-01
4.720000000E+07 3.441628636E+00 3.675636555E+00 2.824092331E+00 4.408119664E+00 1.111729428E-01
4.740000000E+07 3.428634194E+00 3.662023637E+00 2.813840764E+00 4.391939993E+00 1.107623522E-01
4.760000000E+07 3.415742502E+00 3.648517155E+00 2.803668395E+00 4.375886130E+00 1.103549412E-01
4.780000000E+07 3.402952324E+00 3.635115838E+00 2.793574288E+00 4.359956579E+00 1.099506719E-01
4.800000000E+07 3.390262443E+00 3.621818435E+00 2.783557520E+00 4.344149869E+00 1.095495068E-01
4.820000000E+07 3.377671665E+00 3.608623720E+00 2.773617186E+00 4.328464555E+00 1.091514092E-01
4.840000000E+07 3.365178811E+00 3.595530481E+00 2.763752393E+00 4.312899211E+00 1.087563427E-01
4.860000000E+07 3.352782724E+00 3.582537529E+00 2.753962262E+00 4.297452436E+00 1.083642717E-01
4.880000000E+07 3.340482264E+00 3.569643691E+00 2.744245929E+00 4.282122850E+00 1.079751609E-01
4.900000000E+07 3.328276307E+00 3.556847814E+00 2.734602541E+00 4.266909095E+00 1.075889759E-01
4.920000000E+07 3.316163751E+00 3.544148762E+00 2.725031263E+00 4.251809835E+00 1.072056826E-01
4.940000000E+07 3.304143508E+00 3.531545419E+00 2.715531267E+00 4.236823752E+00 1.068252477E-01
4.960000000E+07 3.292214509E+00 3.519036682E+00 2.706101743E+00 4.221949551E+00 1.064476384E-01
4.980000000E+07 3.280375699E+00 3.506621471E+00 2.696741889E+00 4.207185957E+00 1.060728223E-01
5.000000000E+07 3.268626041E+00 3.494298715E+00 2.687450918E+00 4.192531712E+00 1.057007679E-01
5.020000000E+07 3.256964515E+00 3.482067367E+00 2.678228054E+00 4.177985580E+00 1.053314440E-01
5.040000000E+07 3.245390115E+00 3.469926392E+00 2.669072535E+00 4.163546342E+00 1.049648200E-01
5.060000000E+07 3.233901850E+00 3.457874769E+00 2.659983605E+00 4.149212797E+00 1.046008659E-01
5.080000000E+07 3.222498746E+00 3.445911498E+00 2.650960525E+00 4.134983765E+00 1.042395523E-01
5.100000000E+07 3.211179843E+00 3.434035588E+00 2.642002565E+00 4.120858081E+00 1.038808500E-01
5.120000000E+07 3.199944195E+00 3.422246068E+00 2.633109005E+00 4.106834599E+00 1.035247306E-01
5.140000000E+07 3.188790871E+00 3.410541979E+00 2.624279138E+00 4.092912189E+00 1.031711660E-01
5.160000000E+07 3.177718952E+00 3.398922375E+00 2.615512264E+00 4.079089738E+00 1.028201286E-01
5.180000000E+07 3.166727535E+00 3.387386326E+00 2.606807696E+00 4.065366150E+00 1.024715914E-01
5.200000000E+07 3.155815731E+00 3.375932916E+00 2.598164757E+00 4.051740344E+00 1.021255275E-01
5.220000000E+07 3.144982661E+00 3.364561242E+00 2.589582778E+00 4.038211257E+00 1.017819107E-01
5.240000000E+07 3.134227462E+00 3.353270414E+00 2.581061103E+00 4.024777840E+00 1.014407150E-01
5.260000000E+07 3.123549282E+00 3.342059554E+00 2.572599082E+00 4.011439059E+00 1.011019149E-01
5.280000000E+07 3.112947283E+00 3.330927800E+00 2.564196076E+00 3.998193896E+00 1.007654853E-01
5.300000000E+07 3.102420637E+00 3.319874298E+00 2.555851456E+00 3.985041347E+00 1.004314012E-01
5.320000000E+07 3.091968530E+00 3.308898210E+00 2.547564600E+00 3.971980423E+00 1.000996383E-01
5.340000000E+07 3.081590159E+00 3.297998709E+00 2.539334897E+00 3.959010148E+00 9.977017234E-02
5.360000000E+07 3.071284732E+00 3.287174980E+00 2.531161744E+00 3.946129562E+00 9.944297959E-02
5.380000000E+07 3.061051470E+00 3.276426217E+00 2.523044545E+00 3.933337717E+00 9.911803654E-02
5.400000000E+07 3.050889605E+00 3.265751631E+00 2.514982715E+00 3.920633679E+00 9.879532003E-02
5.420000000E+07 3.040798378E+00 3.255150439E+00 2.506975676E+00 3.908016527E+00 9.847480719E-02
5.440000000E+07 3.030782119E+00 3.244627152E+00 2.499027325E+00 3.895502038E+00 9.818158654E-02
5.460000000E+07 3.020829976E+00 3.234170489E+00 2.491128198E+00 3.883056074E+00 9.786573905E-02
5.480000000E+07 3.010946262E+00 3.223784943E+00 2.483282177E+00 3.870694308E+00 9.755202470E-02
5.500000000E+07 3.001130260E+00 3.213469775E+00 2.475488713E+00 3.858415871E+00 9.724042134E-02
5.520000000E+07 2.991381265E+00 3.203224258E+00 2.467747268E+00 3.846219904E+00 9.693090709E-02
5.540000000E+07 2.981698582E+00 3.193047675E+00 2.460057312E+00 3.834105562E+00 9.662346029E-02
5.560000000E+07 2.972081523E+00 3.182939316E+00 2.452418319E+00 3.822072009E+00 9.631805954E-02
5.580000000E+07 2.962529413E+00 3.172898486E+00 2.444829772E+00 3.810118422E+00 9.601468370E-02
5.600000000E+07 2.953041583E+00 3.162924495E+00 2.437291163E+00 3.798243990E+00 9.571331192E-02
5.620000000E+07 2.943617377E+00 3.153016664E+00 2.429801988E+00 3.786447912E+00 9.541392361E-02
5.640000000E+07 2.934256145E+00 3.143174324E+00 2.422361751E+00 3.774729398E+00 9.511649846E-02
5.660000000E+07 2.924957246E+00 3.133396815E+00 2.414969963E+00 3.763087668E+00 9.482101645E-02
5.680000000E+07 2.915720050E+00 3.123683484E+00 2.407626139E+00 3.751521954E+00 9.452745787E-02
5.700000000E+07 2.906543933E+00 3.114033689E+00 2.400329806E+00 3.740031498E+00 9.423580327E-02
5.720000000E+07 2.897428281E+00 3.104446796E+00 2.393080492E+00 3.728615551E+00 9.394603352E-02
5.740000000E+07 2.888372488E+00 3.094922179E+00 2.385877734E+00 3.717273376E+00 9.365812977E-02
5.760000000E+07 2.879375956E+00 3.085459222E+00 2.378721075E+00 3.706004244E+00 9.337207345E-02
5.780000000E+07 2.870438095E+00 3.076057314E+00 2.371610062E+00 3.694807436E+00 9.308784631E-02
5.800000000E+07 2.861558322E+00 3.066715855E+00 2.364544250E+00 3.683682243E+00 9.280543036E-02
5.820000000E+07 2.852736063E+00 3.057434252E+00 2.357523199E+00 3.672627966E+00 9.252480791E-02
5.840000000E+07 2.843970753E+00 3.048211920E+00 2.350546476E+00 3.661643913E+00 9.224596152E-02
5.860000000E+07 2.835261831E+00 3.039048282E+00 2.343613652E+00 3.650729404E+00 9.196887406E-02
5.880000000E+07 2.826608745E+00 3.029942766E+00 2.336724305E+00 3.639883765E+00 9.169352864E-02
5.900000000E+07 2.818010951E+00 3.020894811E+00 2.329878016E+00 3.629106333E+00 9.141990864E-02
5.920000000E+07 2.809467912E+00 3.011903862E+00 2.323074375E+00 3.618396452E+00 9.114799768E-02
5.940000000E+07 2.800979096E+00 3.002969371E+00 2.316312975E+00 3.607753476E+00 9.087777963E-02
5.960000000E+07 2.792543980E+00 2.994090795E+00 2.309593414E+00 3.597176765E+00 9.060923860E-02
5.980000000E+07 2.784162048E+00 2.985267603E+00 2.302915297E+00 3.586665690E+00 9.034235892E-02
6.000000000E+07 2.775832790E+00 2.976499266E+00 2.296278232E+00 3.576219629E+00 9.007712514E-02
6.020000000E+07 2.767555700E+00 2.967785264E+00 2.289681832E+00 3.565837966E+00 8.981352203E-02
6.040000000E+07 2.759330284E+00 2.959125083E+00 2.283125717E+00 3.555520096E+00 8.955153456E-02
6.060000000E+07 2.751156049E+00 2.950518217E+00 2.276609510E+00 3.545265419E+00 8.929114788E-02
6.080000000E+07 2.743032510E+00 2.941964163E+00 2.270132839E+00 3.535073345E+00 8.903234735E-02
6.100000000E+07 2.734959191E+00 2.933462429E+00 2.263695338E+00 3.524943289E+00 8.877511851E-02
6.120000000E+07 2.726935619E+00 2.925012526E+00 2.257296643E+00 3.514874675E+00 8.851944706E-02
6.140000000E+07 2.718961325E+00 2.916613969E+00 2.250936397E+00 3.504866933E+00 8.826531889E-02
6.160000000E+07 2.711035852E+00 2.908266286E+00 2.244614246E+00 3.494919501E+00 8.801272005E-02
6.180000000E+07 2.703158744E+00 2.899969005E+00 2.238329840E+00 3.485031825E+00 8.776163676E-02
6.200000000E+07 2.695329551E+00 2.891721661E+00 2.232082836E+00 3.475203355E+00 8.751205540E-02
6.220000000E+07 2.687547830E+00 2.883523797E+00 2.225872892E+00 3.465433550E+00 8.726396250E-02
6.240000000E+07 2.679813144E+00 2.875374959E+00 2.219699672E+00 3.455721875E+00 8.701734475E-02
6.260000000E+07 2.672125059E+00 2.867274698E+00 2.213562843E+00 3.446067801E+00 8.677218899E-02
6.280000000E+07 2.664483149E+00 2.859222575E+00 2.207462078E+00 3.436470807E+00 8.652848222E-02
6.300000000E+07 2.656890710E+00 2.851222020E+00 2.201400323E+00 3.426942598E+00 8.630469774E-02
6.320000000E+07 2.649339912E+00 2.843264891E+00 2.195370737E+00 3.417458303E+00 8.606406537E-02
6.340000000E+07 2.641834039E+00 2.835354606E+00 2.189376252E+00 3.408029558E+00 8.582484291E-02
6.360000000E+07 2.634372682E+00 2.827490743E+00 2.183416556E+00 3.398655867E+00 8.558701764E-02
6.380000000E+07 2.626955441E+00 2.819672886E+00 2.177491340E+00 3.389336738E+00 8.535057700E-02
6.400000000E+07 2.619581918E+00 2.811900624E+00 2.171600299E+00 3.380071685E+00 8.511550851E-02
6.420000000E+07 2.612251722E+00 2.804173553E+00 2.165743131E+00 3.370860230E+00 8.488179979E-02
6.440000000E+07 2.604964464E+00 2.796491270E+00 2.159919537E+00 3.361701899E+00 8.464943862E-02
6.460000000E+07 2.597719763E+00 2.788853379E+00 2.154129224E+00 3.352596223E+00 8.441841287E-02
6.480000000E+07 2.590517240E+00 2.781259490E+00 2.148371900E+00 3.343542740E+00 8.418871056E-02
6.500000000E+07 2.583356520E+00 2.773709215E+00 2.142647278E+00 3.334540992E+00 8.396031985E-02
6.520000000E+07 2.576237237E+00 2.766202173E+00 2.136955073E+00 3.325590529E+00 8.373322903E-02
6.540000000E+07 2.569159023E+00 2.758737984E+00 2.131295004E+00 3.316690904E+00 8.350742652E-02
6.560000000E+07 2.562121519E+00 2.751316277E+00 2.125666794E+00 3.307841674E+00 8.328290091E-02
6.580000000E+07 2.555124369E+00 2.743936682E+00 2.120070168E+00 3.299042406E+00 8.305964092E-02
6.600000000E+07 2.548167221E+00 2.736598834E+00 2.114504856E+00 3.290292667E+00 8.283763542E-02
6.620000000E+07 2.541249725E+00 2.729302373E+00 2.108970588E+00 3.281592031E+00 8.261687342E-02
6.640000000E+07 2.534371540E+00 2.722046943E+00 2.103467100E+00 3.272940078E+00 8.239734410E-02
6.660000000E+07 2.527532324E+00 2.714832193E+00 2.097994130E+00 3.264336392E+00 8.217903677E-02
6.680000000E+07 2.520731741E+00 2.707657772E+00 2.092551419E+00 3.255780560E+00 8.196194088E-02
6.700000000E+07 2.513969460E+00 2.700523338E+00 2.087138711E+00 3.247272176E+00 8.174604605E-02
6.720000000E+07 2.507245153E+00 2.693428550E+00 2.081755752E+00 3.238810838E+00 8.153134201E-02
6.740000000E+07 2.500558494E+00 2.686373073E+00 2.076402293E+00 3.230396150E+00 8.131781867E-02
6.760000000E+07 2.493909163E+00 2.679356574E+00 2.071078086E+00 3.222027716E+00 8.110546606E-02
6.780000000E+07 2.487296844E+00 2.672378725E+00 2.065782887E+00 3.213705151E+00 8.089427435E-02
6.800000000E+07 2.480721222E+00 2.665439200E+00 2.060516453E+00 3.205428068E+00 8.068423384E-02
6.820000000E+07 2.474181987E+00 2.658537678E+00 2.055278546E+00 3.197196088E+00 8.047533499E-02
6.840000000E+07 2.467678834E+00 2.651673842E+00 2.050068928E+00 3.189008837E+00 8.026756836E-02
6.860000000E+07 2.461211459E+00 2.644847377E+00 2.044887367E+00 3.180865942E+00 8.006092464E-02
6.880000000E+07 2.454779562E+00 2.638057973E+00 2.039733631E+00 3.172767036E+00 7.985539468E-02
6.900000000E+07 2.448382848E+00 2.631305324E+00 2.034607490E+00 3.164711757E+00 7.965096939E-02
6.920000000E+07 2.442021024E+00 2.624589125E+00 2.029508720E+00 3.156699745E+00 7.944763985E-02
6.940000000E+07 2.435693800E+00 2.617909076E+00 2.024437097E+00 3.148730645E+00 7.924539722E-02
6.960000000E+07 2.429400889E+00 2.611264880E+00 2.019392398E+00 3.140804106E+00 7.904423278E-02
6.980000000E+07 2.423142009E+00 2.604656244E+00 2.014374406E+00 3.132919780E+00 7.884413791E-02
7.000000000E+07 2.416916879E+00 2.598082877E+00 2.009382904E+00 3.125077325E+00 7.864510409E-02
7.020000000E+07 2.410725223E+00 2.591544492E+00 2.004417678E+00 3.117276400E+00 7.844712289E-02
7.040000000E+07 2.404566767E+00 2.585040805E+00 1.999478517E+00 3.109516670E+00 7.825018599E-02
7.060000000E+07 2.398441239E+00 2.578571535E+00 1.994565211E+00 3.101797801E+00 7.805428514E-02
7.080000000E+07 2.392348372E+00 2.572136404E+00 1.989677553E+00 3.094119466E+00 7.785941218E-02
7.100000000E+07 2.386287902E+00 2.565735136E+00 1.984815337E+00 3.086481340E+00 7.766555905E-02
7.120000000E+07 2.380259564E+00 2.559367461E+00 1.979978362E+00 3.078883099E+00 7.747271776E-02
7.140000000E+07 2.374263101E+00 2.553033109E+00 1.975166427E+00 3.071324427E+00 7.728088039E-02
7.160000000E+07 2.368298256E+00 2.546731813E+00 1.970379333E+00 3.063805007E+00 7.709003912E-02
7.180000000E+07 2.362364775E+00 2.540463311E+00 1.965616884E+00 3.056324530E+00 7.690018619E-02
7.200000000E+07 2.356462408E+00 2.534227342E+00 1.960878886E+00 3.048882687E+00 7.671131393E-02
7.220000000E+07 2.350590905E+00 2.528023649E+00 1.956165147E+00 3.041479172E+00 7.652341473E-02
7.240000000E+07 2.344750023E+00 2.521851977E+00 1.951475477E+00 3.034113685E+00 7.633648107E-02
7.260000000E+07 2.338939515E+00 2.515712072E+00 1.946809688E+00 3.026785926E+00 7.615050548E-02
7.280000000E+07 2.333161855E+00 2.509606505E+00 1.942169977E+00 3.019504508E+00 7.597894265E-02
7.300000000E+07 2.327411398E+00 2.503529408E+00 1.937551407E+00 3.012251377E+00 7.579500087E-02
7.320000000E+07 2.321690604E+00 2.497483339E+00 1.932956165E+00 3.005035097E+00 7.561199570E-02
7.340000000E+07 2.315999240E+00 2.491468055E+00 1.928384070E+00 2.997855383E+00 7.542991985E-02
7.360000000E+07 2.310337075E+00 2.485483318E+00 1.923834945E+00 2.990711952E+00 7.524876606E-02
7.380000000E+07 2.304703881E+00 2.479528890E+00 1.919308612E+00 2.983604523E+00 7.506852714E-02
7.400000000E+07 2.299099434E+00 2.473604538E+00 1.914804898E+00 2.976532818E+00 7.488919592E-02
7.420000000E+07 2.293523508E+00 2.467710029E+00 1.910323628E+00 2.969496565E+00 7.471076530E-02
7.440000000E+07 2.287975884E+00 2.461845134E+00 1.905864632E+00 2.962495490E+00 7.453322821E-02
7.460000000E+07 2.282456344E+00 2.456009627E+00 1.901427740E+00 2.955529326E+00 7.435657767E-02
7.480000000E+07 2.276964670E+00 2.450203282E+00 1.897012785E+00 2.948597807E+00 7.418080674E-02
7.500000000E+07 2.271500648E+00 2.444425877E+00 1.892619601E+00 2.941700668E+00 7.400590853E-02
7.520000000E+07 2.266064067E+00 2.438677191E+00 1.888248023E+00 2.934837650E+00 7.383187624E-02
7.540000000E+07 2.260654717E+00 2.432957008E+00 1.883897888E+00 2.928008494E+00 7.365870314E-02
7.560000000E+07 2.255272391E+00 2.427265111E+00 1.879569037E+00 2.921212947E+00 7.348638254E-02
7.580000000E+07 2.249916882E+00 2.421601288E+00 1.875261309E+00 2.914450753E+00 7.331490787E-02
7.600000000E+07 2.244587988E+00 2.415965325E+00 1.870974546E+00 2.907721664E+00 7.314427258E-02
7.620000000E+07 2.239285507E+00 2.410357015E+00 1.866708593E+00 2.901025431E+00 7.297447023E-02
7.640000000E+07 2.234009240E+00 2.404776150E+00 1.862463295E+00 2.894361811E+00 7.280549446E-02
7.660000000E+07 2.228758990E+00 2.399222526E+00 1.858238499E+00 2.887730560E+00 7.263733894E-02
7.680000000E+07 2.223534562E+00 2.393695939E+00 1.854034053E+00 2.881131437E+00 7.246999747E-02
7.700000000E+07 2.218335761E+00 2.388196189E+00 1.849849807E+00 2.874564205E+00 7.230346389E-02
7.720000000E+07 2.213162398E+00 2.382723076E+00 1.845685613E+00 2.868028628E+00 7.213773212E-02
7.740000000E+07 2.208014282E+00 2.377276404E+00 1.841541324E+00 2.861524474E+00 7.197279616E-02
7.760000000E+07 2.202891227E+00 2.371855979E+00 1.837416795E+00 2.855051512E+00 7.180865007E-02
7.780000000E+07 2.197793045E+00 2.366461606E+00 1.833311879E+00 2.848609512E+00 7.164528801E-02
7.800000000E+07 2.192719554E+00 2.361093094E+00 1.829226437E+00 2.842198249E+00 7.148270418E-02
7.820000000E+07 2.187670572E+00 2.355750256E+00 1.825160325E+00 2.835817498E+00 7.132089286E-02
7.840000000E+07 2.182645918E+00 2.350432902E+00 1.821113404E+00 2.829467038E+00 7.115984842E-02
7.860000000E+07 2.177645414E+00 2.345140849E+00 1.817085535E+00 2.823146649E+00 7.099956527E-02
7.880000000E+07 2.172668884E+00 2.339873911E+00 1.813076581E+00 2.816856114E+00 7.084003792E-02
7.900000000E+07 2.167716152E+00 2.334631907E+00 1.809086406E+00 2.810595216E+00 7.068126091E-02
7.920000000E+07 2.162787045E+00 2.329414657E+00 1.805114876E+00 2.804363743E+00 7.052322887E-02
7.940000000E+07 2.157881392E+00 2.324221983E+00 1.801161857E+00 2.798161483E+00 7.036593651E-02
7.960000000E+07 2.152999022E+00 2.319053708E+00 1.797227217E+00 2.791988227E+00 7.020937856E-02
7.980000000E+07 2.148139768E+00 2.313909656E+00 1.793310825E+00 2.785843768E+00 7.005354985E-02
8.000000000E+07 2.143303464E+00 2.308789656E+00 1.789412552E+00 2.779727900E+00 6.989844526E-02
8.020000000E+07 2.138489944E+00 2.303693534E+00 1.785532269E+00 2.773640421E+00 6.974405971E-02
8.040000000E+07 2.133699044E+00 2.298621121E+00 1.781669850E+00 2.767581129E+00 6.959038821E-02
8.060000000E+07 2.128930604E+00 2.293572249E+00 1.777825169E+00 2.761549824E+00 6.943742580E-02
8.080000000E+07 2.124184462E+00 2.288546751E+00 1.773998100E+00 2.755546309E+00 6.928516757E-02
8.100000000E+07 2.119460461E+00 2.283544463E+00 1.770188522E+00 2.749570389E+00 6.913360868E-02
8.120000000E+07 2.114758442E+00 2.278565219E+00 1.766396310E+00 2.743621870E+00 6.898274432E-02
8.140000000E+07 2.110078250E+00 2.273608859E+00 1.762621344E+00 2.737700558E+00 6.883256973E-02
8.160000000E+07 2.105419732E+00 2.268675221E+00 1.758863505E+00 2.731806266E+00 6.868308021E-02
8.180000000E+07 2.100782734E+00 2.263764148E+00 1.755122672E+00 2.725938803E+00 6.853427109E-02
8.200000000E+07 2.096167105E+00 2.258875480E+00 1.751398729E+00 2.720097985E+00 6.838613773E-02
8.220000000E+07 2.091572695E+00 2.254009063E+00 1.747691558E+00 2.714283624E+00 6.823867555E-02
8.240000000E+07 2.086999355E+00 2.249164742E+00 1.744001044E+00 2.708495539E+00 6.809188001E-02
8.260000000E+07 2.082446939E+00 2.244342363E+00 1.740327073E+00 2.702733549E+00 6.794574659E-02
8.280000000E+07 2.077915301E+00 2.239541776E+00 1.736669530E+00 2.696997473E+00 6.780027083E-02
8.300000000E+07 2.073404297E+00 2.234762829E+00 1.733028305E+00 2.691287133E+00 6.765544827E-02
8.320000000E+07 2.068913783E+00 2.230005374E+00 1.729403285E+00 2.685602353E+00 6.751127454E-02
8.340000000E+07 2.064443618E+00 2.225269263E+00 1.725794359E+00 2.679942958E+00 6.736774526E-02
8.360000000E+07 2.059993662E+00 2.220554351E+00 1.722201419E+00 2.674308775E+00 6.722485612E-02
8.380000000E+07 2.055563775E+00 2.215860492E+00 1.718624356E+00 2.668699632E+00 6.708260280E-02
8.400000000E+07 2.051155787E+00 2.211189589E+00 1.715064794E+00 2.663121827E+00 6.695070403E-02
8.420000000E+07 2.046765638E+00 2.206537419E+00 1.711519173E+00 2.657562291E+00 6.680979713E-02
8.440000000E+07 2.042395149E+00 2.201905875E+00 1.707989110E+00 2.652027289E+00 6.666951436E-02
8.460000000E+07 2.038044185E+00 2.197294819E+00 1.704474501E+00 2.646516656E+00 6.652985155E-02
8.480000000E+07 2.033712615E+00 2.192704111E+00 1.700975241E+00 2.641030229E+00 6.639080454E-02
8.500000000E+07 2.029400305E+00 2.188133615E+00 1.697491229E+00 2.635567844E+00 6.625236919E-02
8.520000000E+07 2.025107128E+00 2.183583196E+00 1.694022362E+00 2.630129341E+00 6.611454138E-02
8.540000000E+07 2.020832953E+00 2.179052718E+00 1.690568540E+00 2.624714560E+00 6.597731698E-02
8.560000000E+07 2.016577652E+00 2.174542049E+00 1.687129664E+00 2.619323343E+00 6.584069190E-02
8.580000000E+07 2.012341097E+00 2.170051055E+00 1.683705633E+00 2.613955533E+00 6.570466207E-02
8.600000000E+07 2.008123164E+00 2.165579606E+00 1.680296350E+00 2.608610976E+00 6.556922344E-02
8.620000000E+07 2.003923728E+00 2.161127572E+00 1.676901717E+00 2.603289516E+00 6.543437197E-02
8.640000000E+07 1.999742666E+00 2.156694825E+00 1.673521640E+00 2.597991003E+00 6.530010367E-02
8.660000000E+07 1.995579855E+00 2.152281237E+00 1.670156021E+00 2.592715284E+00 6.516641454E-02
8.680000000E+07 1.991435174E+00 2.147886682E+00 1.666804766E+00 2.587462209E+00 6.503330066E-02
8.700000000E+07 1.987308502E+00 2.143511034E+00 1.663467782E+00 2.582231631E+00 6.490075811E-02
8.720000000E+07 1.983199721E+00 2.139154169E+00 1.660144975E+00 2.577023402E+00 6.476878299E-02
8.740000000E+07 1.979108712E+00 2.134815964E+00 1.656836254E+00 2.571837376E+00 6.463737148E-02
8.760000000E+07 1.975035359E+00 2.130496297E+00 1.653541526E+00 2.566673408E+00 6.450651976E-02
8.780000000E+07 1.970979545E+00 2.126195048E+00 1.650260702E+00 2.561531355E+00 6.437622406E-02
8.800000000E+07 1.966941157E+00 2.121912097E+00 1.646993692E+00 2.556411075E+00 6.424648065E-02
8.820000000E+07 1.962920078E+00 2.117647324E+00 1.643740406E+00 2.551312428E+00 6.411728582E-02
8.840000000E+07 1.958916197E+00 2.113400611E+00 1.640500755E+00 2.546235272E+00 6.398863593E-02
8.860000000E+07 1.954929403E+00 2.109171843E+00 1.637274655E+00 2.541179471E+00 6.386052735E-02
8.880000000E+07 1.950959582E+00 2.104960904E+00 1.634062016E+00 2.536144887E+00 6.373295651E-02
8.900000000E+07 1.947006627E+00 2.100767678E+00 1.630862753E+00 2.531131383E+00 6.360591985E-02
8.920000000E+07 1.943070428E+00 2.096592052E+00 1.627676781E+00 2.526138825E+00 6.347941389E-02
8.940000000E+07 1.939150875E+00 2.092433914E+00 1.624504016E+00 2.521167080E+00 6.335343515E-02
8.960000000E+07 1.935247864E+00 2.088293151E+00 1.621344374E+00 2.516216014E+00 6.322798020E-02
8.980000000E+07 1.931361287E+00 2.084169653E+00 1.618197771E+00 2.511285496E+00 6.310304565E-02
9.000000000E+07 1.927491038E+00 2.080063309E+00 1.615064125E+00 2.506375396E+00 6.297862815E-02
9.020000000E+07 1.923637014E+00 2.075974012E+00 1.611943355E+00 2.501485585E+00 6.285472437E-02
9.040000000E+07 1.919799111E+00 2.071901653E+00 1.608835379E+00 2.496615934E+00 6.273133103E-02
9.060000000E+07 1.915977227E+00 2.067846124E+00 1.605740118E+00 2.491766318E+00 6.260844487E-02
9.080000000E+07 1.912171259E+00 2.063807321E+00 1.602657492E+00 2.486936608E+00 6.248606269E-02
9.100000000E+07 1.908381106E+00 2.059785136E+00 1.599587422E+00 2.482126682E+00 6.236418129E-02
9.120000000E+07 1.904606670E+00 2.055779467E+00 1.596529829E+00 2.477336415E+00 6.224279753E-02
9.140000000E+07 1.900847849E+00 2.051790209E+00 1.593484636E+00 2.472565684E+00 6.212190831E-02
9.160000000E+07 1.897104548E+00 2.047817261E+00 1.590451767E+00 2.467814367E+00 6.200151053E-02
9.180000000E+07 1.893376666E+00 2.043860520E+00 1.587431144E+00 2.463082344E+00 6.188160114E-02
9.200000000E+07 1.889664108E+00 2.039919885E+00 1.584422693E+00 2.458369496E+00 6.176217715E-02
9.220000000E+07 1.885966779E+00 2.035995256E+00 1.581426337E+00 2.453675702E+00 6.164323555E-02
9.240000000E+07 1.882284582E+00 2.032086534E+00 1.578442003E+00 2.449000847E+00 6.152477341E-02
9.260000000E+07 1.878617424E+00 2.028193621E+00 1.575469616E+00 2.444344812E+00 6.140678781E-02
9.280000000E+07 1.874965211E+00 2.024316419E+00 1.572509104E+00 2.439707482E+00 6.128927585E-02
9.300000000E+07 1.871327851E+00 2.020454832E+00 1.569560395E+00 2.435088744E+00 6.117223468E-02
9.320000000E+07 1.867705252E+00 2.016608763E+00 1.566623415E+00 2.430488481E+00 6.105566147E-02
9.340000000E+07 1.864097321E+00 2.012778117E+00 1.563698094E+00 2.425906582E+00 6.093955342E-02
9.360000000E+07 1.860503970E+00 2.008962799E+00 1.560784361E+00 2.421342934E+00 6.082390776E-02
9.380000000E+07 1.856925108E+00 2.005162717E+00 1.557882146E+00 2.416797427E+00 6.070872173E-02
9.400000000E+07 1.853360647E+00 2.001377778E+00 1.554991378E+00 2.412269950E+00 6.059399260E-02
9.420000000E+07 1.849810497E+00 1.997607888E+00 1.552111989E+00 2.407760395E+00 6.047971769E-02
9.440000000E+07 1.846274573E+00 1.993852958E+00 1.549243910E+00 2.403268652E+00 6.036589431E-02
9.460000000E+07 1.842752786E+00 1.990112895E+00 1.546387074E+00 2.398794614E+00 6.025251980E-02
9.480000000E+07 1.839245051E+00 1.986387612E+00 1.543541412E+00 2.394338174E+00 6.013959153E-02
9.500000000E+07 1.835751283E+00 1.982677017E+00 1.540706859E+00 2.389899228E+00 6.002710689E-02
9.520000000E+07 1.832271397E+00 1.978981024E+00 1.537883347E+00 2.385477669E+00 5.991506326E-02
9.540000000E+07 1.828805309E+00 1.975299544E+00 1.535070811E+00 2.381073394E+00 5.980345808E-02
9.560000000E+07 1.825352936E+00 1.971632490E+00 1.532269185E+00 2.376686300E+00 5.969228877E-02
9.580000000E+07 1.821914194E+00 1.967979776E+00 1.529478405E+00 2.372316283E+00 5.958155281E-02
9.600000000E+07 1.818489004E+00 1.964341317E+00 1.526698407E+00 2.367963244E+00 5.947124765E-02
9.620000000E+07 1.815077281E+00 1.960717027E+00 1.523929126E+00 2.363627080E+00 5.936137079E-02
9.640000000E+07 1.811678948E+00 1.957106823E+00 1.521170501E+00 2.359307692E+00 5.925191974E-02
9.660000000E+07 1.808293922E+00 1.953510620E+00 1.518422466E+00 2.355004981E+00 5.914289201E-02
9.680000000E+07 1.804922126E+00 1.949928337E+00 1.515684962E+00 2.350718848E+00 5.903428515E-02
9.700000000E+07 1.801564910E+00 1.946361377E+00 1.512959183E+00 2.346453898E+00 5.893313072E-02
9.720000000E+07 1.798219343E+00 1.942806693E+00 1.510242559E+00 2.342200652E+00 5.882541037E-02
9.740000000E+07 1.794886771E+00 1.939265682E+00 1.507536281E+00 2.337963694E+00 5.871810453E-02
9.760000000E+07 1.791567116E+00 1.935738266E+00 1.504840288E+00 2.333742928E+00 5.861121082E-02
9.780000000E+07 1.788260304E+00 1.932224364E+00 1.502154521E+00 2.329538260E+00 5.850472690E-02
9.800000000E+07 1.784966258E+00 1.928723897E+00 1.499478920E+00 2.325349597E+00 5.839865042E-02
9.820000000E+07 1.781684902E+00 1.925236786E+00 1.496813426E+00 2.321176844E+00 5.829297902E-02
9.840000000E+07 1.778416163E+00 1.921762955E+00 1.494157982E+00 2.317019910E+00 5.818771035E-02
9.860000000E+07 1.775159968E+00 1.918302326E+00 1.491512529E+00 2.312878703E+00 5.808284208E-02
9.880000000E+07 1.771916241E+00 1.914854823E+00 1.488877009E+00 2.308753132E+00 5.797837185E-02
9.900000000E+07 1.768684912E+00 1.911420368E+00 1.486251366E+00 2.304643106E+00 5.787429733E-02
9.920000000E+07 1.765465908E+00 1.907998888E+00 1.483635542E+00 2.300548538E+00 5.777061619E-02
9.940000000E+07 1.762259156E+00 1.904590307E+00 1.481029483E+00 2.296469337E+00 5.766732611E-02
9.960000000E+07 1.759064587E+00 1.901194550E+00 1.478433131E+00 2.292405415E+00 5.756442477E-02
9.980000000E+07 1.755882130E+00 1.897811545E+00 1.475846431E+00 2.288356685E+00 5.746190987E-02
1.000000000E+08 1.752711715E+00 1.894441219E+00 1.473269329E+00 2.284323061E+00 5.735977912E-02
