1.000000000E+06 9.615786399E+00 4.525744097E+00 8.948799018E+00 1.387091710E+00 1.167645997E+00
1.200000000E+06 8.255802716E+00 3.905359251E+00 7.734761504E+00 1.211435931E+00 1.015621753E+00
1.400000000E+06 7.251850548E+00 3.444250870E+00 6.829616258E+00 1.078410684E+00 9.012263928E-01
1.600000000E+06 6.478113251E+00 3.086946301E+00 6.126615923E+00 9.738268787E-01 8.117328216E-01
1.800000000E+06 5.862249202E+00 2.801274824E+00 5.563549251E+00 8.892300150E-01 7.396294931E-01
2.000000000E+06 5.359590601E+00 2.567235348E+00 5.101592710E+00 8.192518602E-01 6.801818358E-01
2.200000000E+06 4.941006075E+00 2.371709247E+00 4.715206048E+00 7.603110292E-01 6.302497834E-01
2.400000000E+06 4.586654358E+00 2.205718393E+00 4.386867514E+00 7.099216937E-01 5.876644148E-01
2.600000000E+06 4.282536319E+00 2.062901880E+00 4.104138058E+00 6.663015284E-01 5.508770053E-01
2.800000000E+06 4.018481333E+00 1.938621585E+00 3.857932133E+00 6.281375137E-01 5.187506483E-01
3.000000000E+06 3.786915497E+00 1.829412444E+00 3.641452163E+00 5.944398833E-01 4.904309665E-01
3.200000000E+06 3.582078264E+00 1.732631407E+00 3.449506586E+00 5.644476761E-01 4.652628701E-01
3.400000000E+06 3.399507488E+00 1.646225831E+00 3.278059064E+00 5.375657340E-01 4.427352407E-01
3.600000000E+06 3.235691137E+00 1.568576313E+00 3.123922079E+00 5.133215324E-01 4.224431576E-01
3.800000000E+06 3.087825801E+00 1.498387403E+00 2.984543532E+00 4.913348982E-01 4.040614784E-01
4.000000000E+06 2.953645566E+00 1.434609935E+00 2.857854916E+00 4.712963244E-01 3.873259708E-01
4.200000000E+06 2.831298361E+00 1.376384787E+00 2.742161215E+00 4.529511510E-01 3.720195833E-01
4.400000000E+06 2.719255076E+00 1.323001434E+00 2.636059702E+00 4.360878366E-01 3.579622867E-01
4.600000000E+06 2.616241707E+00 1.273866944E+00 2.538379129E+00 4.205291304E-01 3.450034453E-01
4.800000000E+06 2.521187979E+00 1.228482462E+00 2.448133561E+00 4.061253399E-01 3.330160083E-01
5.000000000E+06 2.433187960E+00 1.186425137E+00 2.364486877E+00 3.927491332E-01 3.218920339E-01
5.200000000E+06 2.351469495E+00 1.147334089E+00 2.286725173E+00 3.802914803E-01 3.115391999E-01
5.400000000E+06 2.275370256E+00 1.110899377E+00 2.214235066E+00 3.686584530E-01 3.018780559E-01
5.600000000E+06 2.204318769E+00 1.076853265E+00 2.146486492E+00 3.577686770E-01 2.928398388E-01
5.800000000E+06 2.137819262E+00 1.044963220E+00 2.083018925E+00 3.475512850E-01 2.843647209E-01
6.000000000E+06 2.075439459E+00 1.015026278E+00 2.023430264E+00 3.379442609E-01 2.764003930E-01
6.200000000E+06 2.016800673E+00 9.868644548E-01 1.967367789E+00 3.288930885E-01 2.689009109E-01
6.400000000E+06 1.961569699E+00 9.603209926E-01 1.914520757E+00 3.203496417E-01 2.618257480E-01
6.600000000E+06 1.909452147E+00 9.352572663E-01 1.864614297E+00 3.122712677E-01 2.551390143E-01
6.800000000E+06 1.860186917E+00 9.115502182E-01 1.817404342E+00 3.046200241E-01 2.488088061E-01
7.000000000E+06 1.813541595E+00 8.890902175E-01 1.772673405E+00 2.973620408E-01 2.428066638E-01
7.200000000E+06 1.769308595E+00 8.677792658E-01 1.730227033E+00 2.904669837E-01 2.371071158E-01
7.400000000E+06 1.727301910E+00 8.475294837E-01 1.689890814E+00 2.839076011E-01 2.316872932E-01
7.600000000E+06 1.687354366E+00 8.282618289E-01 1.651507842E+00 2.776593392E-01 2.265266036E-01
7.800000000E+06 1.649315277E+00 8.099050052E-01 1.614936563E+00 2.717000128E-01 2.216064519E-01
8.000000000E+06 1.613048456E+00 7.923945301E-01 1.580048929E+00 2.660095252E-01 2.169100029E-01
8.200000000E+06 1.578430498E+00 7.756719344E-01 1.546728811E+00 2.605696250E-01 2.124219757E-01
8.400000000E+06 1.545349305E+00 7.596840721E-01 1.514870638E+00 2.553636984E-01 2.081284671E-01
8.600000000E+06 1.513702816E+00 7.443825249E-01 1.484378214E+00 2.503765874E-01 2.040167991E-01
8.800000000E+06 1.483397899E+00 7.297230837E-01 1.455163693E+00 2.455944326E-01 2.000753852E-01
9.000000000E+06 1.454349390E+00 7.156652979E-01 1.427146688E+00 2.410045363E-01 1.962936149E-01
9.200000000E+06 1.426479254E+00 7.021720823E-01 1.400253488E+00 2.365952420E-01 1.926617523E-01
9.400000000E+06 1.399715852E+00 6.892093711E-01 1.374416376E+00 2.323558289E-01 1.891708468E-01
9.600000000E+06 1.373993289E+00 6.767458153E-01 1.349573027E+00 2.282764195E-01 1.858126553E-01
9.800000000E+06 1.349250855E+00 6.647525152E-01 1.325665981E+00 2.243478971E-01 1.825795730E-01
1.000000000E+07 1.325432512E+00 6.532027837E-01 1.302642170E+00 2.205618338E-01 1.794645721E-01
1.020000000E+07 1.302486460E+00 6.420719379E-01 1.280452505E+00 2.169104261E-01 1.764611480E-01
1.040000000E+07 1.280364734E+00 6.313371127E-01 1.259051510E+00 2.133864372E-01 1.735632710E-01
1.060000000E+07 1.259022858E+00 6.209770954E-01 1.238396989E+00 2.099831467E-01 1.707653435E-01
1.080000000E+07 1.238419529E+00 6.109721785E-01 1.218449738E+00 2.066943047E-01 1.680621614E-01
1.100000000E+07 1.218516339E+00 6.013040269E-01 1.199173280E+00 2.035140907E-01 1.654488804E-01
1.120000000E+07 1.199277523E+00 5.919555604E-01 1.180533630E+00 2.004370778E-01 1.629209845E-01
1.140000000E+07 1.180669734E+00 5.829108469E-01 1.162499086E+00 1.974581988E-01 1.604742592E-01
1.160000000E+07 1.162661843E+00 5.741550074E-01 1.145040040E+00 1.945727177E-01 1.581047660E-01
1.180000000E+07 1.145224755E+00 5.656741293E-01 1.128128802E+00 1.917762017E-01 1.558088202E-01
1.200000000E+07 1.128331243E+00 5.574551891E-01 1.111739453E+00 1.890644981E-01 1.535829708E-01
1.220000000E+07 1.111955803E+00 5.494859817E-01 1.095847698E+00 1.864337119E-01 1.514239816E-01
1.240000000E+07 1.096074516E+00 5.417550571E-01 1.080430747E+00 1.838801860E-01 1.493288155E-01
1.260000000E+07 1.080664928E+00 5.342516620E-01 1.065467191E+00 1.814004832E-01 1.472946183E-01
1.280000000E+07 1.065705938E+00 5.269656877E-01 1.050936907E+00 1.789913698E-01 1.453187057E-01
1.300000000E+07 1.051177697E+00 5.198876218E-01 1.036820955E+00 1.766498006E-01 1.433985507E-01
1.320000000E+07 1.037061515E+00 5.130085049E-01 1.023101497E+00 1.743729053E-01 1.415317719E-01
1.340000000E+07 1.023339782E+00 5.063198908E-01 1.009761715E+00 1.721579760E-01 1.397161233E-01
1.360000000E+07 1.009995882E+00 4.998138095E-01 9.967857375E-01 1.700024559E-01 1.379494845E-01
1.380000000E+07 9.970141308E-01 4.934827343E-01 9.841585763E-01 1.679039286E-01 1.362298523E-01
1.400000000E+07 9.843797095E-01 4.873195515E-01 9.718660638E-01 1.658601086E-01 1.345553325E-01
1.420000000E+07 9.720786029E-01 4.813175313E-01 9.598947973E-01 1.638688326E-01 1.329241324E-01
1.440000000E+07 9.600975480E-01 4.754703033E-01 9.482320884E-01 1.619280514E-01 1.313345542E-01
1.460000000E+07 9.484239822E-01 4.697718316E-01 9.368659148E-01 1.600358220E-01 1.297849887E-01
1.480000000E+07 9.370459990E-01 4.642163935E-01 9.257848776E-01 1.581903015E-01 1.282739098E-01
1.500000000E+07 9.259523041E-01 4.587985596E-01 9.149781610E-01 1.563897400E-01 1.267998687E-01
1.520000000E+07 9.151321768E-01 4.535131742E-01 9.044354949E-01 1.546324750E-01 1.253614892E-01
1.540000000E+07 9.045754342E-01 4.483553393E-01 8.941471212E-01 1.529169260E-01 1.239574636E-01
1.560000000E+07 8.942723972E-01 4.433203976E-01 8.841037617E-01 1.512415897E-01 1.225865478E-01
1.580000000E+07 8.842138595E-01 4.384039183E-01 8.742965888E-01 1.496050347E-01 1.212475579E-01
1.600000000E+07 8.743910597E-01 4.336016836E-01 8.647171986E-01 1.480058978E-01 1.199393663E-01
1.620000000E+07 8.647956535E-01 4.289096754E-01 8.553575854E-01 1.464428798E-01 1.186608987E-01
1.640000000E+07 8.554196897E-01 4.243240639E-01 8.462101179E-01 1.449147415E-01 1.174111306E-01
1.660000000E+07 8.462555873E-01 4.198411967E-01 8.372675182E-01 1.434203007E-01 1.161890848E-01
1.680000000E+07 8.372961134E-01 4.154575882E-01 8.285228409E-01 1.419584283E-01 1.149938282E-01
1.700000000E+07 8.285343641E-01 4.111699107E-01 8.199694542E-01 1.405280462E-01 1.138244698E-01
1.720000000E+07 8.199637452E-01 4.069749848E-01 8.116010224E-01 1.391281235E-01 1.126801582E-01
1.740000000E+07 8.115779555E-01 4.028697718E-01 8.034114895E-01 1.377576746E-01 1.115600790E-01
1.760000000E+07 8.033709705E-01 3.988513656E-01 7.953950640E-01 1.364157565E-01 1.104634536E-01
1.780000000E+07 7.953370269E-01 3.949169856E-01 7.875462041E-01 1.351014664E-01 1.093895364E-01
1.800000000E+07 7.874706089E-01 3.910639700E-01 7.798596044E-01 1.338139398E-01 1.083376137E-01
1.820000000E+07 7.797664349E-01 3.872897694E-01 7.723301838E-01 1.325523481E-01 1.073070017E-01
1.840000000E+07 7.722194451E-01 3.835919409E-01 7.649530731E-01 1.313158972E-01 1.062970447E-01
1.860000000E+07 7.648247897E-01 3.799681426E-01 7.577236043E-01 1.301038254E-01 1.053071143E-01
1.880000000E+07 7.575778186E-01 3.764161285E-01 7.506373003E-01 1.289154018E-01 1.043366075E-01
1.900000000E+07 7.504740706E-01 3.729337432E-01 7.436898649E-01 1.277499249E-01 1.033849456E-01
1.920000000E+07 7.435092641E-01 3.695189179E-01 7.368771741E-01 1.266067208E-01 1.024515727E-01
1.940000000E+07 7.366792881E-01 3.661696657E-01 7.301952671E-01 1.254851423E-01 1.015359550E-01
1.960000000E+07 7.299801937E-01 3.628840777E-01 7.236403386E-01 1.243845672E-01 1.006375795E-01
1.980000000E+07 7.234081863E-01 3.596603193E-01 7.172087308E-01 1.233043972E-01 9.975595305E-02
2.000000000E+07 7.169596177E-01 3.564966260E-01 7.108969268E-01 1.222440569E-01 9.889060116E-02
2.020000000E+07 7.106309794E-01 3.533913010E-01 7.047015432E-01 1.212029926E-01 9.804106746E-02
2.040000000E+07 7.044188961E-01 3.503427113E-01 6.986193244E-01 1.201806710E-01 9.720691262E-02
2.060000000E+07 6.983201188E-01 3.473492848E-01 6.926471363E-01 1.191765789E-01 9.638771361E-02
2.080000000E+07 6.923315195E-01 3.444095077E-01 6.867819605E-01 1.181902217E-01 9.558306298E-02
2.100000000E+07 6.864500852E-01 3.415219214E-01 6.810208893E-01 1.172211228E-01 9.479256810E-02
2.120000000E+07 6.806729130E-01 3.386851207E-01 6.753611203E-01 1.162688227E-01 9.401585050E-02
2.140000000E+07 6.749972047E-01 3.358977504E-01 6.697999520E-01 1.153328782E-01 9.325254523E-02
2.160000000E+07 6.694202622E-01 3.331585040E-01 6.643347789E-01 1.144128620E-01 9.250230028E-02
2.180000000E+07 6.639394835E-01 3.304661209E-01 6.589630878E-01 1.135083613E-01 9.176477599E-02
2.200000000E+07 6.585523577E-01 3.278193847E-01 6.536824529E-01 1.126189781E-01 9.103964449E-02
2.220000000E+07 6.532564614E-01 3.252171210E-01 6.484905327E-01 1.117443276E-01 9.032658924E-02
2.240000000E+07 6.480494549E-01 3.226581961E-01 6.433850663E-01 1.108840385E-01 8.962530447E-02
2.260000000E+07 6.429290788E-01 3.201415145E-01 6.383638694E-01 1.100377518E-01 8.893549480E-02
2.280000000E+07 6.378931500E-01 3.176660181E-01 6.334248317E-01 1.092051206E-01 8.825687477E-02
2.300000000E+07 6.329395590E-01 3.152306838E-01 6.285659132E-01 1.083858094E-01 8.758916836E-02
2.320000000E+07 6.280662666E-01 3.128345227E-01 6.237851419E-01 1.075794938E-01 8.693210871E-02
2.340000000E+07 6.232713009E-01 3.104765785E-01 6.190806106E-01 1.067858600E-01 8.628543767E-02
2.360000000E+07 6.185527550E-01 3.081559259E-01 6.144504741E-01 1.060046044E-01 8.564890548E-02
2.380000000E+07 6.139087835E-01 3.058716696E-01 6.098929469E-01 1.052354328E-01 8.502227036E-02
2.400000000E+07 6.093376007E-01 3.036229430E-01 6.054063010E-01 1.044780609E-01 8.440529832E-02
2.420000000E+07 6.048374781E-01 3.014089073E-01 6.009888630E-01 1.037322128E-01 8.379776270E-02
2.440000000E+07 6.004067418E-01 2.992287499E-01 5.966390126E-01 1.029976216E-01 8.319944400E-02
2.460000000E+07 5.960437707E-01 2.970816837E-01 5.923551801E-01 1.022740286E-01 8.261012953E-02
2.480000000E+07 5.917469942E-01 2.949669461E-01 5.881358445E-01 1.015611830E-01 8.202961319E-02
2.500000000E+07 5.875148903E-01 2.928837980E-01 5.839795316E-01 1.008588417E-01 8.145769516E-02
2.520000000E+07 5.833459837E-01 2.908315229E-01 5.798848123E-01 1.001667690E-01 8.089418170E-02
2.540000000E+07 5.792388442E-01 2.888094259E-01 5.758503010E-01 9.948473608E-02 8.033888493E-02
2.560000000E+07 5.751920847E-01 2.868168331E-01 5.718746533E-01 9.881252125E-02 7.979162259E-02
2.580000000E+07 5.712043598E-01 2.848530908E-01 5.679565654E-01 9.814990918E-02 7.925221782E-02
2.600000000E+07 5.672743639E-01 2.829175645E-01 5.640947719E-01 9.749669091E-02 7.872049896E-02
2.620000000E+07 5.634008302E-01 2.810096385E-01 5.602880446E-01 9.685266359E-02 7.819629940E-02
2.640000000E+07 5.595825292E-01 2.791287150E-01 5.565351912E-01 9.621763022E-02 7.767945735E-02
2.660000000E+07 5.558182667E-01 2.772742135E-01 5.528350538E-01 9.559139945E-02 7.716981566E-02
2.680000000E+07 5.521068833E-01 2.754455704E-01 5.491865080E-01 9.497378541E-02 7.666722171E-02
2.700000000E+07 5.484472529E-01 2.736422377E-01 5.455884612E-01 9.436460744E-02 7.617152718E-02
2.720000000E+07 5.448382811E-01 2.718636834E-01 5.420398518E-01 9.376369001E-02 7.568258794E-02
2.740000000E+07 5.412789048E-01 2.701093904E-01 5.385396483E-01 9.317086245E-02 7.520026391E-02
2.760000000E+07 5.377680906E-01 2.683788557E-01 5.350868477E-01 9.258595882E-02 7.472441886E-02
2.780000000E+07 5.343048337E-01 2.666715905E-01 5.316804750E-01 9.200881774E-02 7.425492036E-02
2.800000000E+07 5.308881572E-01 2.649871196E-01 5.283195818E-01 9.143928224E-02 7.379163957E-02
2.820000000E+07 5.275171111E-01 2.633249804E-01 5.250032458E-01 9.087719960E-02 7.333445116E-02
2.840000000E+07 5.241907712E-01 2.616847232E-01 5.217305697E-01 9.032242121E-02 7.288323320E-02
2.860000000E+07 5.209082384E-01 2.600659102E-01 5.185006802E-01 8.977480242E-02 7.243786701E-02
2.880000000E+07 5.176686377E-01 2.584681156E-01 5.153127278E-01 8.923420245E-02 7.199823708E-02
2.900000000E+07 5.144711172E-01 2.568909244E-01 5.121658849E-01 8.870048418E-02 7.156423095E-02
2.920000000E+07 5.113148483E-01 2.553339331E-01 5.090593464E-01 8.817351414E-02 7.113573912E-02
2.940000000E+07 5.081990234E-01 2.537967484E-01 5.059923278E-01 8.765316225E-02 7.071265490E-02
2.960000000E+07 5.051228566E-01 2.522789876E-01 5.029640654E-01 8.713930189E-02 7.029487445E-02
2.980000000E+07 5.020855823E-01 2.507802776E-01 4.999738151E-01 8.663180962E-02 6.988229655E-02
3.000000000E+07 4.990864543E-01 2.493002549E-01 4.970208518E-01 8.613056514E-02 6.947482254E-02
3.020000000E+07 4.961247462E-01 2.478385655E-01 4.941044692E-01 8.563545125E-02 6.907235632E-02
3.040000000E+07 4.931997493E-01 2.463948641E-01 4.912239784E-01 8.514635362E-02 6.867480418E-02
3.060000000E+07 4.903107735E-01 2.449688143E-01 4.883787084E-01 8.466316086E-02 6.828207478E-02
3.080000000E+07 4.874571458E-01 2.435600882E-01 4.855680049E-01 8.418576431E-02 6.789407905E-02
3.100000000E+07 4.846382100E-01 2.421683657E-01 4.827912295E-01 8.371405797E-02 6.751073010E-02
3.120000000E+07 4.818533263E-01 2.407933351E-01 4.800477601E-01 8.324793848E-02 6.713194324E-02
3.140000000E+07 4.791018705E-01 2.394346918E-01 4.773369893E-01 8.278730495E-02 6.675763576E-02
3.160000000E+07 4.763832336E-01 2.380921391E-01 4.746583249E-01 8.233205895E-02 6.638772700E-02
3.180000000E+07 4.736968219E-01 2.367653872E-01 4.720111889E-01 8.188210444E-02 6.602213827E-02
3.200000000E+07 4.710420558E-01 2.354541536E-01 4.693950175E-01 8.143734768E-02 6.566079276E-02
3.220000000E+07 4.684183694E-01 2.341581621E-01 4.668092601E-01 8.099769710E-02 6.530361546E-02
3.240000000E+07 4.658252108E-01 2.328771436E-01 4.642533792E-01 8.056306335E-02 6.495053314E-02
3.260000000E+07 4.632620408E-01 2.316108350E-01 4.617268503E-01 8.013335914E-02 6.460147432E-02
3.280000000E+07 4.607283333E-01 2.303589795E-01 4.592291609E-01 7.970849928E-02 6.425636919E-02
3.300000000E+07 4.582235741E-01 2.291213262E-01 4.567598107E-01 7.928840044E-02 6.391514953E-02
3.320000000E+07 4.557472615E-01 2.278976303E-01 4.543183109E-01 7.887298132E-02 6.357774873E-02
3.340000000E+07 4.532989051E-01 2.266876524E-01 4.519041840E-01 7.846216243E-02 6.324410170E-02
3.360000000E+07 4.508780259E-01 2.254911586E-01 4.495169635E-01 7.805586610E-02 6.291414483E-02
3.380000000E+07 4.484841558E-01 2.243079206E-01 4.471561937E-01 7.765401643E-02 6.258781599E-02
3.400000000E+07 4.461168376E-01 2.231377149E-01 4.448214287E-01 7.725653920E-02 6.226505438E-02
3.420000000E+07 4.437756243E-01 2.219803235E-01 4.425122336E-01 7.686336191E-02 6.194580065E-02
3.440000000E+07 4.414600787E-01 2.208355327E-01 4.402281820E-01 7.647441358E-02 6.162999670E-02
3.460000000E+07 4.391697741E-01 2.197031342E-01 4.379688583E-01 7.608962489E-02 6.131758578E-02
3.480000000E+07 4.369042925E-01 2.185829238E-01 4.357338551E-01 7.570892799E-02 6.100851235E-02
3.500000000E+07 4.346632255E-01 2.174747020E-01 4.335227745E-01 7.533225654E-02 6.070272209E-02
3.520000000E+07 4.324461741E-01 2.163782739E-01 4.313352274E-01 7.495954565E-02 6.040016192E-02
3.540000000E+07 4.302527473E-01 2.152934485E-01 4.291708326E-01 7.459073179E-02 6.010077983E-02
3.560000000E+07 4.280825629E-01 2.142200391E-01 4.270292178E-01 7.422575283E-02 5.980452498E-02
3.580000000E+07 4.259352472E-01 2.131578629E-01 4.249100183E-01 7.386454798E-02 5.951134761E-02
3.600000000E+07 4.238104344E-01 2.121067413E-01 4.228128776E-01 7.350705772E-02 5.922119904E-02
3.620000000E+07 4.217077664E-01 2.110664992E-01 4.207374464E-01 7.315322380E-02 5.893403159E-02
3.640000000E+07 4.196268928E-01 2.100369653E-01 4.186833830E-01 7.280298917E-02 5.864979860E-02
3.660000000E+07 4.175674706E-01 2.090179721E-01 4.166503530E-01 7.245629802E-02 5.836845440E-02
3.680000000E+07 4.155291642E-01 2.080093554E-01 4.146380288E-01 7.211309567E-02 5.808995426E-02
3.700000000E+07 4.135116448E-01 2.070109544E-01 4.126460897E-01 7.177332856E-02 5.781425437E-02
3.720000000E+07 4.115145905E-01 2.060226118E-01 4.106742217E-01 7.143694427E-02 5.754131185E-02
3.740000000E+07 4.095376863E-01 2.050441735E-01 4.087221174E-01 7.110389144E-02 5.727108470E-02
3.760000000E+07 4.075806233E-01 2.040754885E-01 4.067894754E-01 7.077411974E-02 5.700353175E-02
3.780000000E+07 4.056430991E-01 2.031164089E-01 4.048760007E-01 7.044757987E-02 5.673861267E-02
3.800000000E+07 4.037248178E-01 2.021667898E-01 4.029814042E-01 7.012422353E-02 5.647628798E-02
3.820000000E+07 4.018254889E-01 2.012264893E-01 4.011054026E-01 6.980400336E-02 5.621651896E-02
3.840000000E+07 3.999448283E-01 2.002953683E-01 3.992477185E-01 6.948687301E-02 5.595926768E-02
3.860000000E+07 3.980825573E-01 1.993732906E-01 3.974080798E-01 6.917278699E-02 5.570449697E-02
3.880000000E+07 3.962384028E-01 1.984601223E-01 3.955862199E-01 6.886170071E-02 5.545217038E-02
3.900000000E+07 3.944120971E-01 1.975557327E-01 3.937818775E-01 6.855357050E-02 5.520225218E-02
3.920000000E+07 3.926033781E-01 1.966599933E-01 3.919947965E-01 6.824835349E-02 5.495470735E-02
3.940000000E+07 3.908119885E-01 1.957727783E-01 3.902247257E-01 6.794600769E-02 5.470950155E-02
3.960000000E+07 3.890376761E-01 1.948939643E-01 3.884714188E-01 6.764649189E-02 5.446660110E-02
3.980000000E+07 3.872801936E-01 1.940234301E-01 3.867346343E-01 6.734976568E-02 5.422597297E-02
4.000000000E+07 3.855392990E-01 1.931610573E-01 3.850141356E-01 6.705578946E-02 5.398758481E-02
4.020000000E+07 3.838147540E-01 1.923067294E-01 3.833096902E-01 6.676452433E-02 5.375140480E-02
4.040000000E+07 3.821063257E-01 1.914603321E-01 3.816210704E-01 6.647593215E-02 5.351740179E-02
4.060000000E+07 3.804137853E-01 1.906217535E-01 3.799480526E-01 6.618997552E-02 5.328554521E-02
4.080000000E+07 3.787369084E-01 1.897908837E-01 3.782904177E-01 6.590661772E-02 5.305580506E-02
4.100000000E+07 3.770754748E-01 1.889676149E-01 3.766479503E-01 6.562582271E-02 5.282815189E-02
4.120000000E+07 3.754292686E-01 1.881518412E-01 3.750204396E-01 6.534755515E-02 5.260255683E-02
4.140000000E+07 3.737980777E-01 1.873434590E-01 3.734076782E-01 6.507178033E-02 5.237899151E-02
4.160000000E+07 3.721816943E-01 1.865423663E-01 3.718094629E-01 6.479846420E-02 5.215742812E-02
4.180000000E+07 3.705799140E-01 1.857484630E-01 3.702255941E-01 6.452757329E-02 5.193783932E-02
4.200000000E+07 3.689925364E-01 1.849616510E-01 3.686558758E-01 6.425907478E-02 5.172019830E-02
4.220000000E+07 3.674193649E-01 1.841818339E-01 3.671001159E-01 6.399293648E-02 5.150447875E-02
4.240000000E+07 3.658602065E-01 1.834089171E-01 3.655581253E-01 6.372912669E-02 5.129065480E-02
4.260000000E+07 3.643148715E-01 1.826428078E-01 3.640297190E-01 6.346761436E-02 5.107870107E-02
4.280000000E+07 3.627831736E-01 1.818834146E-01 3.625147146E-01 6.320836896E-02 5.086859264E-02
4.300000000E+07 3.612649303E-01 1.811306480E-01 3.610129335E-01 6.295136050E-02 5.066030502E-02
4.320000000E+07 3.597599618E-01 1.803844200E-01 3.595242001E-01 6.269655956E-02 5.045381417E-02
4.340000000E+07 3.582680919E-01 1.796446441E-01 3.580483419E-01 6.244393718E-02 5.024909645E-02
4.360000000E+07 3.567891474E-01 1.789112356E-01 3.565851895E-01 6.219346497E-02 5.004612868E-02
4.380000000E+07 3.553229583E-01 1.781841109E-01 3.551345766E-01 6.194511500E-02 4.984488804E-02
4.400000000E+07 3.538693572E-01 1.774631882E-01 3.536963395E-01 6.169885983E-02 4.964535215E-02
4.420000000E+07 3.524281803E-01 1.767483869E-01 3.522703179E-01 6.145467253E-02 4.944749900E-02
4.440000000E+07 3.509992660E-01 1.760396280E-01 3.508563536E-01 6.121252657E-02 4.925130695E-02
4.460000000E+07 3.495824559E-01 1.753368338E-01 3.494542917E-01 6.097239596E-02 4.905675477E-02
4.480000000E+07 3.481775944E-01 1.746399279E-01 3.480639798E-01 6.073425509E-02 4.886382155E-02
4.500000000E+07 3.467845281E-01 1.739488351E-01 3.466852680E-01 6.049807878E-02 4.867248676E-02
4.520000000E+07 3.454031067E-01 1.732634817E-01 3.453180090E-01 6.026384234E-02 4.848273021E-02
4.540000000E+07 3.440331823E-01 1.725837951E-01 3.439620581E-01 6.003152144E-02 4.829453207E-02
4.560000000E+07 3.426746095E-01 1.719097041E-01 3.426172730E-01 5.980109219E-02 4.810787283E-02
4.580000000E+07 3.413272456E-01 1.712411385E-01 3.412835140E-01 5.957253109E-02 4.792273332E-02
4.600000000E+07 3.399909499E-01 1.705780295E-01 3.399606432E-01 5.934581503E-02 4.773909467E-02
4.620000000E+07 3.386655844E-01 1.699203092E-01 3.386485257E-01 5.912092130E-02 4.755693835E-02
4.640000000E+07 3.373510130E-01 1.692679110E-01 3.373470282E-01 5.889782752E-02 4.737624610E-02
4.660000000E+07 3.360471024E-01 1.686207694E-01 3.360560201E-01 5.867651174E-02 4.719700000E-02
4.680000000E+07 3.347537211E-01 1.679788198E-01 3.347753726E-01 5.845695231E-02 4.701918240E-02
4.700000000E+07 3.334707401E-01 1.673419989E-01 3.335049595E-01 5.823912800E-02 4.684277596E-02
4.720000000E+07 3.321980322E-01 1.667102445E-01 3.322446561E-01 5.802301787E-02 4.666776361E-02
4.740000000E+07 3.309354723E-01 1.660834949E-01 3.309943400E-01 5.780860132E-02 4.649412853E-02
4.760000000E+07 3.296829378E-01 1.654616901E-01 3.297538909E-01 5.759585815E-02 4.632185425E-02
4.780000000E+07 3.284403074E-01 1.648447705E-01 3.285231902E-01 5.738476837E-02 4.615092447E-02
4.800000000E+07 3.272074622E-01 1.642326777E-01 3.273021213E-01 5.717531242E-02 4.598132321E-02
4.820000000E+07 3.259842853E-01 1.636253544E-01 3.260905697E-01 5.696747098E-02 4.581303474E-02
4.840000000E+07 3.247706613E-01 1.630227439E-01 3.248884223E-01 5.676122509E-02 4.564604357E-02
4.860000000E+07 3.235664769E-01 1.624247905E-01 3.236955681E-01 5.655655603E-02 4.548033444E-02
4.880000000E+07 3.223716206E-01 1.618314395E-01 3.225118978E-01 5.635344542E-02 4.531589236E-02
4.900000000E+07 3.211859824E-01 1.612426370E-01 3.213373038E-01 5.615187515E-02 4.515270257E-02
4.920000000E+07 3.200094545E-01 1.606583299E-01 3.201716803E-01 5.595182740E-02 4.499075051E-02
4.940000000E+07 3.188419304E-01 1.600784659E-01 3.190149228E-01 5.575328461E-02 4.483002189E-02
4.960000000E+07 3.176833053E-01 1.595029936E-01 3.178669289E-01 5.555622952E-02 4.467050262E-02
4.980000000E+07 3.165334765E-01 1.589318625E-01 3.167275976E-01 5.536064513E-02 4.451217883E-02
5.000000000E+07 3.153923420E-01 1.583650225E-01 3.155968291E-01 5.516651465E-02 4.435503684E-02
5.020000000E+07 3.142598022E-01 1.578024248E-01 3.144745258E-01 5.497382162E-02 4.419906323E-02
5.040000000E+07 3.131357589E-01 1.572440209E-01 3.133605912E-01 5.478254981E-02 4.404424476E-02
5.060000000E+07 3.120201147E-01 1.566897632E-01 3.122549301E-01 5.459268319E-02 4.389056836E-02
5.080000000E+07 3.109127748E-01 1.561396050E-01 3.111574493E-01 5.440420603E-02 4.373802122E-02
5.100000000E+07 3.098136449E-01 1.555935000E-01 3.100680565E-01 5.421710280E-02 4.358659066E-02
5.120000000E+07 3.087226327E-01 1.550514028E-01 3.089866611E-01 5.403135823E-02 4.343626424E-02
5.140000000E+07 3.076396470E-01 1.545132687E-01 3.079131737E-01 5.384695728E-02 4.328702970E-02
5.160000000E+07 3.065645981E-01 1.539790535E-01 3.068475064E-01 5.366388509E-02 4.313887492E-02
5.180000000E+07 3.054973975E-01 1.534487137E-01 3.057895723E-01 5.348212705E-02 4.299178801E-02
5.200000000E+07 3.044379582E-01 1.529222066E-01 3.047392860E-01 5.330166877E-02 4.284575723E-02
5.220000000E+07 3.033861945E-01 1.523994900E-01 3.036965636E-01 5.312249608E-02 4.270077102E-02
5.240000000E+07 3.023420218E-01 1.518805225E-01 3.026613221E-01 5.294459500E-02 4.255681800E-02
5.260000000E+07 3.013053569E-01 1.513652629E-01 3.016334797E-01 5.276795175E-02 4.241388693E-02
5.280000000E+07 3.002761177E-01 1.508536711E-01 3.006129560E-01 5.259255277E-02 4.227196675E-02
5.300000000E+07 2.992542234E-01 1.503457073E-01 2.995996718E-01 5.241838468E-02 4.213104658E-02
5.320000000E+07 2.982395943E-01 1.498413322E-01 2.985935487E-01 5.224543428E-02 4.199111566E-02
5.340000000E+07 2.972321519E-01 1.493405074E-01 2.975945099E-01 5.207368861E-02 4.185216342E-02
5.360000000E+07 2.962318189E-01 1.488431948E-01 2.966024793E-01 5.190313485E-02 4.171417940E-02
5.380000000E+07 2.952385190E-01 1.483493568E-01 2.956173822E-01 5.173376036E-02 4.157715333E-02
5.400000000E+07 2.942521771E-01 1.478589565E-01 2.946391448E-01 5.156555272E-02 4.144107507E-02
5.420000000E+07 2.932727191E-01 1.473719575E-01 2.936676945E-01 5.139849967E-02 4.130593464E-02
5.440000000E+07 2.923000720E-01 1.468883240E-01 2.927029595E-01 5.123258910E-02 4.117172216E-02
5.460000000E+07 2.913341637E-01 1.464080203E-01 2.917448691E-01 5.106780908E-02 4.103842793E-02
5.480000000E+07 2.903749233E-01 1.459310118E-01 2.907933538E-01 5.090414786E-02 4.090604236E-02
5.500000000E+07 2.894222809E-01 1.454572639E-01 2.898483449E-01 5.074159386E-02 4.077455604E-02
5.520000000E+07 2.884761674E-01 1.449867427E-01 2.889097746E-01 5.058013563E-02 4.064395961E-02
5.540000000E+07 2.875365151E-01 1.445194148E-01 2.879775762E-01 5.041976191E-02 4.051424393E-02
5.560000000E+07 2.866032565E-01 1.440552472E-01 2.870516838E-01 5.026046157E-02 4.038539991E-02
5.580000000E+07 2.856763258E-01 1.435942073E-01 2.861320326E-01 5.010222367E-02 4.025741865E-02
5.600000000E+07 2.847556577E-01 1.431362630E-01 2.852185584E-01 4.994503739E-02 4.013029133E-02
5.620000000E+07 2.838411878E-01 1.426813828E-01 2.843111981E-01 4.978889204E-02 4.000400926E-02
5.640000000E+07 2.829328528E-01 1.422295353E-01 2.834098895E-01 4.963377713E-02 3.987856387E-02
5.660000000E+07 2.820305901E-01 1.417806899E-01 2.825145712E-01 4.947968226E-02 3.975394672E-02
5.680000000E+07 2.811343379E-01 1.413348160E-01 2.816251823E-01 4.932659720E-02 3.963014945E-02
5.700000000E+07 2.802440355E-01 1.408918840E-01 2.807416634E-01 4.917451187E-02 3.950716387E-02
5.720000000E+07 2.793596227E-01 1.404518640E-01 2.798639553E-01 4.902341627E-02 3.938498183E-02
5.740000000E+07 2.784810404E-01 1.400147270E-01 2.789920000E-01 4.887330060E-02 3.926359536E-02
5.760000000E+07 2.776082303E-01 1.395804443E-01 2.781257399E-01 4.872415517E-02 3.914299654E-02
5.780000000E+07 2.767411345E-01 1.391489875E-01 2.772651186E-01 4.857597038E-02 3.902317759E-02
5.800000000E+07 2.758796962E-01 1.387203285E-01 2.764100800E-01 4.842873679E-02 3.890413081E-02
5.820000000E+07 2.750238593E-01 1.382944397E-01 2.755605692E-01 4.828244510E-02 3.878584861E-02
5.840000000E+07 2.741735685E-01 1.378712940E-01 2.747165317E-01 4.813708610E-02 3.866832352E-02
5.860000000E+07 2.733287692E-01 1.374508643E-01 2.738779138E-01 4.799265074E-02 3.855154815E-02
5.880000000E+07 2.724894074E-01 1.370331242E-01 2.730446625E-01 4.784913002E-02 3.843551519E-02
5.900000000E+07 2.716554298E-01 1.366180475E-01 2.722167256E-01 4.770651513E-02 3.832021745E-02
5.920000000E+07 2.708267842E-01 1.362056082E-01 2.713940515E-01 4.756479734E-02 3.820564784E-02
5.940000000E+07 2.700034185E-01 1.357957809E-01 2.705765894E-01 4.742396805E-02 3.809179935E-02
5.960000000E+07 2.691852817E-01 1.353885404E-01 2.697642887E-01 4.728401872E-02 3.797866502E-02
5.980000000E+07 2.683723232E-01 1.349838619E-01 2.689571001E-01 4.714494100E-02 3.786623807E-02
6.000000000E+07 2.675644934E-01 1.345817207E-01 2.681549745E-01 4.700672659E-02 3.775451174E-02
6.020000000E+07 2.667617429E-01 1.341820928E-01 2.673578636E-01 4.686936730E-02 3.764347937E-02
6.040000000E+07 2.659640233E-01 1.337849541E-01 2.665657196E-01 4.673285508E-02 3.753313438E-02
6.060000000E+07 2.651712866E-01 1.333902810E-01 2.657784956E-01 4.659718194E-02 3.742347029E-02
6.080000000E+07 2.643834855E-01 1.329980503E-01 2.649961447E-01 4.646234001E-02 3.731448069E-02
6.100000000E+07 2.636005732E-01 1.326082389E-01 2.642186214E-01 4.632832153E-02 3.720615927E-02
6.120000000E+07 2.628225038E-01 1.322208242E-01 2.634458801E-01 4.619511881E-02 3.709849977E-02
6.140000000E+07 2.620492314E-01 1.318357835E-01 2.626778761E-01 4.606272427E-02 3.699149601E-02
6.160000000E+07 2.612807114E-01 1.314530950E-01 2.619145652E-01 4.593113044E-02 3.688514193E-02
6.180000000E+07 2.605168993E-01 1.310727366E-01 2.611559037E-01 4.580032993E-02 3.677943150E-02
6.200000000E+07 2.597577512E-01 1.306946867E-01 2.604018486E-01 4.567031543E-02 3.667435878E-02
6.220000000E+07 2.590032238E-01 1.303189240E-01 2.596523572E-01 4.554107974E-02 3.656991790E-02
6.240000000E+07 2.582532744E-01 1.299454275E-01 2.589073875E-01 4.541261574E-02 3.646610308E-02
6.260000000E+07 2.575078607E-01 1.295741763E-01 2.581668979E-01 4.528491637E-02 3.636290858E-02
6.280000000E+07 2.567669410E-01 1.292051499E-01 2.574308475E-01 4.515797473E-02 3.626032877E-02
6.300000000E+07 2.560304743E-01 1.288383280E-01 2.566991958E-01 4.503178394E-02 3.615835805E-02
6.320000000E+07 2.552984196E-01 1.284736904E-01 2.559719027E-01 4.490633720E-02 3.605699091E-02
6.340000000E+07 2.545707370E-01 1.281112175E-01 2.552489287E-01 4.478162784E-02 3.595622191E-02
6.360000000E+07 2.538473867E-01 1.277508897E-01 2.545302347E-01 4.465764923E-02 3.585604566E-02
6.380000000E+07 2.531283294E-01 1.273926876E-01 2.538157823E-01 4.453439485E-02 3.575645685E-02
6.400000000E+07 2.524135266E-01 1.270365921E-01 2.531055332E-01 4.441185823E-02 3.565745022E-02
6.420000000E+07 2.517029397E-01 1.266825844E-01 2.523994499E-01 4.429003300E-02 3.555902059E-02
6.440000000E+07 2.509965312E-01 1.263306458E-01 2.516974950E-01 4.416891285E-02 3.546116282E-02
6.460000000E+07 2.502942635E-01 1.259807579E-01 2.509996320E-01 4.404849155E-02 3.536387186E-02
6.480000000E+07 2.495961000E-01 1.256329026E-01 2.503058245E-01 4.392876296E-02 3.526714269E-02
6.500000000E+07 2.489020039E-01 1.252870617E-01 2.496160365E-01 4.380972097E-02 3.517097037E-02
6.520000000E+07 2.482119394E-01 1.249432177E-01 2.489302327E-01 4.369135960E-02 3.507535001E-02
6.540000000E+07 2.475258708E-01 1.246013528E-01 2.482483780E-01 4.357367289E-02 3.498027677E-02
6.560000000E+07 2.468437629E-01 1.242614498E-01 2.475704378E-01 4.345665499E-02 3.488574590E-02
6.580000000E+07 2.461655810E-01 1.239234916E-01 2.468963779E-01 4.334030008E-02 3.479175266E-02
6.600000000E+07 2.454912909E-01 1.235874611E-01 2.462261645E-01 4.322460245E-02 3.469829241E-02
6.620000000E+07 2.448208583E-01 1.232533417E-01 2.455597641E-01 4.310955641E-02 3.460536052E-02
6.640000000E+07 2.441542499E-01 1.229211167E-01 2.448971437E-01 4.299515636E-02 3.451295245E-02
6.660000000E+07 2.434914325E-01 1.225907700E-01 2.442382708E-01 4.288139679E-02 3.442106369E-02
6.680000000E+07 2.428323732E-01 1.222622851E-01 2.435831129E-01 4.276827218E-02 3.432968978E-02
6.700000000E+07 2.421770397E-01 1.219356462E-01 2.429316383E-01 4.265577717E-02 3.423882634E-02
6.720000000E+07 2.415254000E-01 1.216108376E-01 2.422838154E-01 4.254390639E-02 3.414846902E-02
6.740000000E+07 2.408774224E-01 1.212878434E-01 2.416396130E-01 4.243265455E-02 3.405861351E-02
6.760000000E+07 2.402330756E-01 1.209666485E-01 2.409990004E-01 4.232201643E-02 3.396925557E-02
6.780000000E+07 2.395923288E-01 1.206472374E-01 2.403619471E-01 4.221198688E-02 3.388039100E-02
6.800000000E+07 2.389551513E-01 1.203295951E-01 2.397284230E-01 4.210256076E-02 3.379201564E-02
6.820000000E+07 2.383215128E-01 1.200137066E-01 2.390983982E-01 4.199373302E-02 3.370412538E-02
6.840000000E+07 2.376913835E-01 1.196995573E-01 2.384718435E-01 4.188549869E-02 3.361671616E-02
6.860000000E+07 2.370647339E-01 1.193871326E-01 2.378487297E-01 4.177785281E-02 3.352978397E-02
6.880000000E+07 2.364415347E-01 1.190764179E-01 2.372290280E-01 4.167079051E-02 3.344332486E-02
6.900000000E+07 2.358217571E-01 1.187673991E-01 2.366127099E-01 4.156430695E-02 3.335733486E-02
6.920000000E+07 2.352053725E-01 1.184600622E-01 2.359997474E-01 4.145839737E-02 3.327181013E-02
6.940000000E+07 2.345923526E-01 1.181543930E-01 2.353901127E-01 4.135305704E-02 3.318674681E-02
6.960000000E+07 2.339826695E-01 1.178503779E-01 2.347837781E-01 4.124828128E-02 3.310214110E-02
6.980000000E+07 2.333762956E-01 1.175480032E-01 2.341807166E-01 4.114406549E-02 3.301798927E-02
7.000000000E+07 2.327732035E-01 1.172472555E-01 2.335809012E-01 4.104040508E-02 3.293428757E-02
7.020000000E+07 2.321733664E-01 1.169481214E-01 2.329843054E-01 4.093729556E-02 3.285103237E-02
7.040000000E+07 2.315767575E-01 1.166505878E-01 2.323909028E-01 4.083473245E-02 3.276822001E-02
7.060000000E+07 2.309833504E-01 1.163546415E-01 2.318006674E-01 4.073271131E-02 3.268584691E-02
7.080000000E+07 2.303931189E-01 1.160602697E-01 2.312135735E-01 4.063122781E-02 3.260390952E-02
7.100000000E+07 2.298060372E-01 1.157674597E-01 2.306295955E-01 4.053027760E-02 3.252240432E-02
7.120000000E+07 2.292220796E-01 1.154761987E-01 2.300487084E-01 4.042985639E-02 3.244132782E-02
7.140000000E+07 2.286412211E-01 1.151864745E-01 2.294708872E-01 4.032995997E-02 3.236067660E-02
7.160000000E+07 2.280634365E-01 1.148982745E-01 2.288961073E-01 4.023058414E-02 3.228044725E-02
7.180000000E+07 2.274887012E-01 1.146115866E-01 2.283243443E-01 4.013172478E-02 3.220063641E-02
7.200000000E+07 2.269169905E-01 1.143263987E-01 2.277555741E-01 4.003337778E-02 3.212124076E-02
7.220000000E+07 2.263482805E-01 1.140426989E-01 2.271897729E-01 3.993553909E-02 3.204225699E-02
7.240000000E+07 2.257825471E-01 1.137604753E-01 2.266269170E-01 3.983820470E-02 3.196368184E-02
7.260000000E+07 2.252197665E-01 1.134797162E-01 2.260669831E-01 3.974137062E-02 3.188551210E-02
7.280000000E+07 2.246599155E-01 1.132004101E-01 2.255099482E-01 3.964503297E-02 3.180774457E-02
7.300000000E+07 2.241029707E-01 1.129225455E-01 2.249557893E-01 3.954918784E-02 3.173037611E-02
7.320000000E+07 2.235489093E-01 1.126461110E-01 2.244044839E-01 3.945383137E-02 3.165340357E-02
7.340000000E+07 2.229977085E-01 1.123710955E-01 2.238560095E-01 3.935895978E-02 3.157682389E-02
7.360000000E+07 2.224493460E-01 1.120974880E-01 2.233103442E-01 3.926456932E-02 3.150063399E-02
7.380000000E+07 2.219037994E-01 1.118252772E-01 2.227674659E-01 3.917065623E-02 3.142483086E-02
7.400000000E+07 2.213610468E-01 1.115544526E-01 2.222273529E-01 3.907721685E-02 3.134941149E-02
7.420000000E+07 2.208210664E-01 1.112850032E-01 2.216899839E-01 3.898424751E-02 3.127437293E-02
7.440000000E+07 2.202838367E-01 1.110169184E-01 2.211553375E-01 3.889174463E-02 3.119971225E-02
7.460000000E+07 2.197493365E-01 1.107501878E-01 2.206233930E-01 3.879970463E-02 3.112542654E-02
7.480000000E+07 2.192175445E-01 1.104848010E-01 2.200941293E-01 3.870812396E-02 3.105151293E-02
7.500000000E+07 2.186884399E-01 1.102207474E-01 2.195675259E-01 3.861699913E-02 3.097796858E-02
7.520000000E+07 2.181620022E-01 1.099580172E-01 2.190435626E-01 3.852632668E-02 3.090479067E-02
7.540000000E+07 2.176382108E-01 1.096966000E-01 2.185222190E-01 3.843610318E-02 3.083197643E-02
7.560000000E+07 2.171170456E-01 1.094364859E-01 2.180034754E-01 3.834632524E-02 3.075952309E-02
7.580000000E+07 2.165984864E-01 1.091776650E-01 2.174873119E-01 3.825698950E-02 3.068742793E-02
7.600000000E+07 2.160825135E-01 1.089201275E-01 2.169737090E-01 3.816809262E-02 3.061568824E-02
7.620000000E+07 2.155691073E-01 1.086638638E-01 2.164626474E-01 3.807963133E-02 3.054430137E-02
7.640000000E+07 2.150582483E-01 1.084088643E-01 2.159541079E-01 3.799160237E-02 3.047326465E-02
7.660000000E+07 2.145499175E-01 1.081551193E-01 2.154480717E-01 3.790400252E-02 3.040257548E-02
7.680000000E+07 2.140440955E-01 1.079026196E-01 2.149445197E-01 3.781682855E-02 3.033223124E-02
7.700000000E+07 2.135407638E-01 1.076513559E-01 2.144434337E-01 3.773007735E-02 3.026222938E-02
7.720000000E+07 2.130399036E-01 1.074013188E-01 2.139447950E-01 3.764374576E-02 3.019256737E-02
7.740000000E+07 2.125414966E-01 1.071524993E-01 2.134485857E-01 3.755783069E-02 3.012324268E-02
7.760000000E+07 2.120455244E-01 1.069048885E-01 2.129547876E-01 3.747232908E-02 3.005425282E-02
7.780000000E+07 2.115519688E-01 1.066584772E-01 2.124633829E-01 3.738723788E-02 2.998559533E-02
7.800000000E+07 2.110608121E-01 1.064132567E-01 2.119743539E-01 3.730255410E-02 2.991726777E-02
7.820000000E+07 2.105720366E-01 1.061692183E-01 2.114876832E-01 3.721827474E-02 2.984926770E-02
7.840000000E+07 2.100856244E-01 1.059263531E-01 2.110033533E-01 3.713439686E-02 2.978159275E-02
7.860000000E+07 2.096015586E-01 1.056846528E-01 2.105213473E-01 3.705091756E-02 2.971424055E-02
7.880000000E+07 2.091198217E-01 1.054441086E-01 2.100416481E-01 3.696783393E-02 2.964720874E-02
7.900000000E+07 2.086403967E-01 1.052047123E-01 2.095642388E-01 3.688514310E-02 2.958049500E-02
7.920000000E+07 2.081632667E-01 1.049664554E-01 2.090891030E-01 3.680284225E-02 2.951409703E-02
7.940000000E+07 2.076884151E-01 1.047293297E-01 2.086162240E-01 3.672092857E-02 2.944801255E-02
7.960000000E+07 2.072158252E-01 1.044933271E-01 2.081455855E-01 3.663939928E-02 2.938223930E-02
7.980000000E+07 2.067454808E-01 1.042584394E-01 2.076771714E-01 3.655825163E-02 2.931677506E-02
8.000000000E+07 2.062773656E-01 1.040246587E-01 2.072109658E-01 3.647748289E-02 2.925161760E-02
8.020000000E+07 2.058114634E-01 1.037919768E-01 2.067469526E-01 3.639709036E-02 2.918676472E-02
8.040000000E+07 2.053477586E-01 1.035603861E-01 2.062851163E-01 3.631707136E-02 2.912221427E-02
8.060000000E+07 2.048862352E-01 1.033298787E-01 2.058254412E-01 3.623742325E-02 2.905796410E-02
8.080000000E+07 2.044268775E-01 1.031004469E-01 2.053679120E-01 3.615814340E-02 2.899401205E-02
8.100000000E+07 2.039696704E-01 1.028720830E-01 2.049125134E-01 3.607922922E-02 2.893035604E-02
8.120000000E+07 2.035145983E-01 1.026447795E-01 2.044592304E-01 3.600067812E-02 2.886699398E-02
8.140000000E+07 2.030616460E-01 1.024185289E-01 2.040080479E-01 3.592248756E-02 2.880392378E-02
8.160000000E+07 2.026107988E-01 1.021933237E-01 2.035589511E-01 3.584465501E-02 2.874114340E-02
8.180000000E+07 2.021620416E-01 1.019691567E-01 2.031119254E-01 3.576717798E-02 2.867865082E-02
8.200000000E+07 2.017153596E-01 1.017460204E-01 2.026669562E-01 3.569005398E-02 2.861644401E-02
8.220000000E+07 2.012707383E-01 1.015239077E-01 2.022240291E-01 3.561328055E-02 2.855452098E-02
8.240000000E+07 2.008281633E-01 1.013028114E-01 2.017831297E-01 3.553685526E-02 2.849287976E-02
8.260000000E+07 2.003876202E-01 1.010827245E-01 2.013442441E-01 3.546077571E-02 2.843151840E-02
8.280000000E+07 1.999490948E-01 1.008636399E-01 2.009073582E-01 3.538503951E-02 2.837043496E-02
8.300000000E+07 1.995125733E-01 1.006455507E-01 2.004724582E-01 3.530964431E-02 2.830962752E-02
8.320000000E+07 1.990780413E-01 1.004284500E-01 2.000395302E-01 3.523458773E-02 2.824909418E-02
8.340000000E+07 1.986454853E-01 1.002123309E-01 1.996085606E-01 3.515986746E-02 2.818883304E-02
8.360000000E+07 1.982148918E-01 9.999718679E-02 1.991795361E-01 3.508548123E-02 2.812884225E-02
8.380000000E+07 1.977862469E-01 9.978301085E-02 1.987524430E-01 3.501142672E-02 2.806911996E-02
8.400000000E+07 1.973595374E-01 9.956979648E-02 1.983272684E-01 3.493770170E-02 2.800966432E-02
8.420000000E+07 1.969347500E-01 9.935753713E-02 1.979039990E-01 3.486430392E-02 2.795047354E-02
8.440000000E+07 1.965118715E-01 9.914622626E-02 1.974826219E-01 3.479123117E-02 2.789154581E-02
8.460000000E+07 1.960908888E-01 9.893585740E-02 1.970631241E-01 3.471848125E-02 2.783287934E-02
8.480000000E+07 1.956717891E-01 9.872642419E-02 1.966454929E-01 3.464605198E-02 2.777447237E-02
8.500000000E+07 1.952545594E-01 9.851792024E-02 1.962297156E-01 3.457394119E-02 2.771632314E-02
8.520000000E+07 1.948391872E-01 9.831033935E-02 1.958157798E-01 3.450214678E-02 2.765842994E-02
8.540000000E+07 1.944256599E-01 9.810367522E-02 1.954036730E-01 3.443066659E-02 2.760079103E-02
8.560000000E+07 1.940139650E-01 9.789792175E-02 1.949933829E-01 3.435949856E-02 2.754340472E-02
8.580000000E+07 1.936040901E-01 9.769307276E-02 1.945848972E-01 3.428864058E-02 2.748626930E-02
8.600000000E+07 1.931960230E-01 9.748912221E-02 1.941782040E-01 3.421809058E-02 2.742938311E-02
8.620000000E+07 1.927897515E-01 9.728606414E-02 1.937732912E-01 3.414784655E-02 2.737274450E-02
8.640000000E+07 1.923852638E-01 9.708389260E-02 1.933701470E-01 3.407790645E-02 2.731635182E-02
8.660000000E+07 1.919825479E-01 9.688260168E-02 1.929687596E-01 3.400826828E-02 2.726020345E-02
8.680000000E+07 1.915815919E-01 9.668218548E-02 1.925691174E-01 3.393893003E-02 2.720429775E-02
8.700000000E+07 1.911823842E-01 9.648263830E-02 1.921712087E-01 3.386988975E-02 2.714863315E-02
8.720000000E+07 1.907849131E-01 9.628395432E-02 1.917750222E-01 3.380114546E-02 2.709320805E-02
8.740000000E+07 1.903891673E-01 9.608612796E-02 1.913805465E-01 3.373269526E-02 2.703802088E-02
8.760000000E+07 1.899951351E-01 9.588915345E-02 1.909877703E-01 3.366453719E-02 2.698307008E-02
8.780000000E+07 1.896028055E-01 9.569302529E-02 1.905966826E-01 3.359666937E-02 2.692835412E-02
8.800000000E+07 1.892121673E-01 9.549773796E-02 1.902072722E-01 3.352908992E-02 2.687387146E-02
8.820000000E+07 1.888232093E-01 9.530328592E-02 1.898195282E-01 3.346179696E-02 2.681962057E-02
8.840000000E+07 1.884359204E-01 9.510966368E-02 1.894334397E-01 3.339478862E-02 2.676559996E-02
8.860000000E+07 1.880502900E-01 9.491686597E-02 1.890489960E-01 3.332806308E-02 2.671180814E-02
8.880000000E+07 1.876663070E-01 9.472488735E-02 1.886661864E-01 3.326161852E-02 2.665824363E-02
8.900000000E+07 1.872839610E-01 9.453372258E-02 1.882850003E-01 3.319545314E-02 2.660490497E-02
8.920000000E+07 1.869032412E-01 9.434336636E-02 1.879054273E-01 3.312956513E-02 2.655179071E-02
8.940000000E+07 1.865241370E-01 9.415381347E-02 1.875274568E-01 3.306395272E-02 2.649889939E-02
8.960000000E+07 1.861466382E-01 9.396505880E-02 1.871510788E-01 3.299861417E-02 2.644622960E-02
8.980000000E+07 1.857707343E-01 9.377709721E-02 1.867762829E-01 3.293354772E-02 2.639377992E-02
9.000000000E+07 1.853964151E-01 9.358992358E-02 1.864030590E-01 3.286875163E-02 2.634154895E-02
9.020000000E+07 1.850236704E-01 9.340353293E-02 1.860313970E-01 3.280422420E-02 2.628953530E-02
9.040000000E+07 1.846524902E-01 9.321792027E-02 1.856612871E-01 3.273996373E-02 2.623773759E-02
9.060000000E+07 1.842828645E-01 9.303308064E-02 1.852927193E-01 3.267596854E-02 2.618615446E-02
9.080000000E+07 1.839147834E-01 9.284900915E-02 1.849256838E-01 3.261223694E-02 2.613478453E-02
9.100000000E+07 1.835482370E-01 9.266570090E-02 1.845601710E-01 3.254876727E-02 2.608362648E-02
9.120000000E+07 1.831832157E-01 9.248315114E-02 1.841961713E-01 3.248555792E-02 2.603267898E-02
9.140000000E+07 1.828197097E-01 9.230135499E-02 1.838336750E-01 3.242260722E-02 2.598194068E-02
9.160000000E+07 1.824577097E-01 9.212030783E-02 1.834726728E-01 3.235991360E-02 2.593141031E-02
9.180000000E+07 1.820972058E-01 9.194000484E-02 1.831131552E-01 3.229747541E-02 2.588108653E-02
9.200000000E+07 1.817381889E-01 9.176044146E-02 1.827551131E-01 3.223529109E-02 2.583096808E-02
9.220000000E+07 1.813806496E-01 9.158161301E-02 1.823985370E-01 3.217335905E-02 2.578105367E-02
9.240000000E+07 1.810245786E-01 9.140351493E-02 1.820434180E-01 3.211167774E-02 2.573134204E-02
9.260000000E+07 1.806699668E-01 9.122614266E-02 1.816897469E-01 3.205024561E-02 2.568183192E-02
9.280000000E+07 1.803168051E-01 9.104949171E-02 1.813375148E-01 3.198906111E-02 2.563252208E-02
9.300000000E+07 1.799650845E-01 9.087355765E-02 1.809867127E-01 3.192812274E-02 2.558341129E-02
9.320000000E+07 1.796147959E-01 9.069833598E-02 1.806373318E-01 3.186742897E-02 2.553449830E-02
9.340000000E+07 1.792659306E-01 9.052382233E-02 1.802893633E-01 3.180697830E-02 2.548578192E-02
9.360000000E+07 1.789184798E-01 9.035001234E-02 1.799427985E-01 3.174676925E-02 2.543726092E-02
9.380000000E+07 1.785724347E-01 9.017690174E-02 1.795976290E-01 3.168680036E-02 2.538893413E-02
9.400000000E+07 1.782277867E-01 9.000448618E-02 1.792538459E-01 3.162707014E-02 2.534080035E-02
9.420000000E+07 1.778845273E-01 8.983276143E-02 1.789114409E-01 3.156757716E-02 2.529285841E-02
9.440000000E+07 1.775426477E-01 8.966172328E-02 1.785704056E-01 3.150831997E-02 2.524510714E-02
9.460000000E+07 1.772021398E-01 8.949136753E-02 1.782307316E-01 3.144929716E-02 2.519754539E-02
9.480000000E+07 1.768629950E-01 8.932169004E-02 1.778924106E-01 3.139050730E-02 2.515017200E-02
9.500000000E+07 1.765252052E-01 8.915268672E-02 1.775554345E-01 3.133194899E-02 2.510298585E-02
9.520000000E+07 1.761887620E-01 8.898435347E-02 1.772197951E-01 3.127362083E-02 2.505598579E-02
9.540000000E+07 1.758536573E-01 8.881668625E-02 1.768854843E-01 3.121552146E-02 2.500917072E-02
9.560000000E+07 1.755198830E-01 8.864968107E-02 1.765524942E-01 3.115764950E-02 2.496253953E-02
9.580000000E+07 1.751874310E-01 8.848333387E-02 1.762208166E-01 3.110000358E-02 2.491609110E-02
9.600000000E+07 1.748562935E-01 8.831764081E-02 1.758904440E-01 3.104258238E-02 2.486982435E-02
9.620000000E+07 1.745264625E-01 8.815259787E-02 1.755613682E-01 3.098538453E-02 2.482373820E-02
9.640000000E+07 1.741979301E-01 8.798820124E-02 1.752335818E-01 3.092840873E-02 2.477783157E-02
9.660000000E+07 1.738706885E-01 8.782444700E-02 1.749070768E-01 3.087165364E-02 2.473210339E-02
9.680000000E+07 1.735447302E-01 8.766133140E-02 1.745818457E-01 3.081511798E-02 2.468655261E-02
9.700000000E+07 1.732200473E-01 8.749885061E-02 1.742578810E-01 3.075880044E-02 2.464117817E-02
9.720000000E+07 1.728966324E-01 8.733700084E-02 1.739351751E-01 3.070269975E-02 2.459597904E-02
9.740000000E+07 1.725744778E-01 8.717577841E-02 1.736137206E-01 3.064681461E-02 2.455095418E-02
9.760000000E+07 1.722535762E-01 8.701517957E-02 1.732935101E-01 3.059114378E-02 2.450610257E-02
9.780000000E+07 1.719339201E-01 8.685520070E-02 1.729745363E-01 3.053568600E-02 2.446142320E-02
9.800000000E+07 1.716155022E-01 8.669583811E-02 1.726567918E-01 3.048044002E-02 2.441691504E-02
9.820000000E+07 1.712983151E-01 8.653708816E-02 1.723402695E-01 3.042540460E-02 2.437257710E-02
9.840000000E+07 1.709823516E-01 8.637894733E-02 1.720249622E-01 3.037057853E-02 2.432840840E-02
9.860000000E+07 1.706676046E-01 8.622141203E-02 1.717108629E-01 3.031596059E-02 2.428440794E-02
9.880000000E+07 1.703540669E-01 8.606447873E-02 1.713979644E-01 3.026154957E-02 2.424057475E-02
9.900000000E+07 1.700417314E-01 8.590814389E-02 1.710862597E-01 3.020734426E-02 2.419690785E-02
9.920000000E+07 1.697305913E-01 8.575240411E-02 1.707757421E-01 3.015334351E-02 2.415340629E-02
9.940000000E+07 1.694206394E-01 8.559725590E-02 1.704664044E-01 3.009954611E-02 2.411006911E-02
9.960000000E+07 1.691118689E-01 8.544269581E-02 1.701582400E-01 3.004595090E-02 2.406689536E-02
9.980000000E+07 1.688042729E-01 8.528872047E-02 1.698512421E-01 2.999255673E-02 2.402388411E-02
1.000000000E+08 1.684978446E-01 8.513532652E-02 1.695454038E-01 2.993936243E-02 2.398103442E-02
