1.000000000E+06 3.015014217E+04 4.281475493E+04 1.460826299E+04 1.603136067E+04 0.000000000E+00
1.200000000E+06 2.813971734E+04 4.109775838E+04 1.473669142E+04 1.731936740E+04 0.000000000E+00
1.400000000E+06 2.628216498E+04 3.918286154E+04 1.456894685E+04 1.796342099E+04 0.000000000E+00
1.600000000E+06 2.459256813E+04 3.724129135E+04 1.422991850E+04 1.811802870E+04 0.000000000E+00
1.800000000E+06 2.311390017E+04 3.545286164E+04 1.384764617E+04 1.807649361E+04 0.000000000E+00
2.000000000E+06 2.177072391E+04 3.373637413E+04 1.340927752E+04 1.778488251E+04 0.000000000E+00
2.200000000E+06 2.059203224E+04 3.219403725E+04 1.298829445E+04 1.745505528E+04 0.000000000E+00
2.400000000E+06 1.953878634E+04 3.078223370E+04 1.257788364E+04 1.707507818E+04 0.000000000E+00
2.600000000E+06 1.858473429E+04 2.947332335E+04 1.217523595E+04 1.664499459E+04 0.000000000E+00
2.800000000E+06 1.772520458E+04 2.827590287E+04 1.179357452E+04 1.621216253E+04 0.000000000E+00
3.000000000E+06 1.695391798E+04 2.719121274E+04 1.144035645E+04 1.580672926E+04 0.000000000E+00
3.200000000E+06 1.624559238E+04 2.618000245E+04 1.110022749E+04 1.538954255E+04 0.000000000E+00
3.400000000E+06 1.559851556E+04 2.524711802E+04 1.077987367E+04 1.498645901E+04 0.000000000E+00
3.600000000E+06 1.500500572E+04 2.438398244E+04 1.047809835E+04 1.459897476E+04 0.000000000E+00
3.800000000E+06 1.445858604E+04 2.358311135E+04 1.019363691E+04 1.422766911E+04 0.000000000E+00
4.000000000E+06 1.395388786E+04 2.283822018E+04 9.925361557E+03 1.387293262E+04 0.000000000E+00
4.200000000E+06 1.348242487E+04 2.213609148E+04 9.668060864E+03 1.352212410E+04 0.000000000E+00
4.400000000E+06 1.304401380E+04 2.147930153E+04 9.424606047E+03 1.318686736E+04 0.000000000E+00
4.600000000E+06 1.264498229E+04 2.088286780E+04 9.204334304E+03 1.289859644E+04 9.685170571E+00
4.800000000E+06 1.226351357E+04 2.030568598E+04 8.986333120E+03 1.259502341E+04 9.880665877E+00
5.000000000E+06 1.190609169E+04 1.976235791E+04 8.779321678E+03 1.230497345E+04 1.005400150E+01
5.200000000E+06 1.157048172E+04 1.924997256E+04 8.582527870E+03 1.202780270E+04 1.020705718E+01
5.400000000E+06 1.126205461E+04 1.878049451E+04 8.403076150E+03 1.178728714E+04 2.980551331E+01
5.600000000E+06 1.096473409E+04 1.832317276E+04 8.225025100E+03 1.153521685E+04 3.020064937E+01
5.800000000E+06 1.068391634E+04 1.788968363E+04 8.055154990E+03 1.129389795E+04 3.054867172E+01
6.000000000E+06 1.041823940E+04 1.747818149E+04 7.892920266E+03 1.106274421E+04 3.085349965E+01
6.200000000E+06 1.017185807E+04 1.709766891E+04 7.743572528E+03 1.085921745E+04 4.598209074E+01
6.400000000E+06 9.933179328E+03 1.672579616E+04 7.595413486E+03 1.064763207E+04 4.642455474E+01
6.600000000E+06 9.706322520E+03 1.637132173E+04 7.453465019E+03 1.044450144E+04 4.681315602E+01
6.800000000E+06 9.490411405E+03 1.603302461E+04 7.317340602E+03 1.024936052E+04 4.715210942E+01
7.000000000E+06 9.284655854E+03 1.570979771E+04 7.186685292E+03 1.006177542E+04 4.744532857E+01
7.200000000E+06 9.092330312E+03 1.540856256E+04 7.065460535E+03 9.894842963E+03 5.909748766E+01
7.400000000E+06 8.904959802E+03 1.511284971E+04 6.944960153E+03 9.721748070E+03 5.946730044E+01
7.600000000E+06 8.725767341E+03 1.482939403E+04 6.828996112E+03 9.554989993E+03 5.978830718E+01
7.800000000E+06 8.554216083E+03 1.455742815E+04 6.717311033E+03 9.394235787E+03 6.006410201E+01
8.000000000E+06 8.389816161E+03 1.429624898E+04 6.609667059E+03 9.239175251E+03 6.029803500E+01
8.200000000E+06 8.232119381E+03 1.404521075E+04 6.505843876E+03 9.089518848E+03 6.049322542E+01
8.400000000E+06 8.083697144E+03 1.380965161E+04 6.408853520E+03 8.955171308E+03 6.941667748E+01
8.600000000E+06 7.938304128E+03 1.357735323E+04 6.312182377E+03 8.815890658E+03 6.965680061E+01
8.800000000E+06 7.798464167E+03 1.335351900E+04 6.218745849E+03 8.681207007E+03 6.985802450E+01
9.000000000E+06 7.663857005E+03 1.313768069E+04 6.128379193E+03 8.550897156E+03 7.002305182E+01
9.200000000E+06 7.534187107E+03 1.292940493E+04 6.040928995E+03 8.424752377E+03 7.015441201E+01
9.400000000E+06 7.409181190E+03 1.272828982E+04 5.956252139E+03 8.302577188E+03 7.025447091E+01
9.600000000E+06 7.288586045E+03 1.253396185E+04 5.874214853E+03 8.184188131E+03 7.032544021E+01
9.800000000E+06 7.174395097E+03 1.235050963E+04 5.797102060E+03 8.077068114E+03 7.710549886E+01
1.000000000E+07 7.061995189E+03 1.216886149E+04 5.720045889E+03 7.965974943E+03 7.720636498E+01
1.020000000E+07 6.953341830E+03 1.199301148E+04 5.645268455E+03 7.858154941E+03 7.727876398E+01
1.040000000E+07 6.848245846E+03 1.182267752E+04 5.572666488E+03 7.753464025E+03 7.732457117E+01
1.060000000E+07 6.746530886E+03 1.165759605E+04 5.502143071E+03 7.651766681E+03 7.734554925E+01
1.080000000E+07 6.648032311E+03 1.149752049E+04 5.433607137E+03 7.552935329E+03 7.734335451E+01
1.100000000E+07 6.552596163E+03 1.134221974E+04 5.366972983E+03 7.456849660E+03 7.731954275E+01
1.120000000E+07 6.460078272E+03 1.119147689E+04 5.302159835E+03 7.363396033E+03 7.727557505E+01
1.140000000E+07 6.372000681E+03 1.104838930E+04 5.240887945E+03 7.278192108E+03 8.237903866E+01
1.160000000E+07 6.284962373E+03 1.090624385E+04 5.179537515E+03 7.189834805E+03 8.235809768E+01
1.180000000E+07 6.200456920E+03 1.076807201E+04 5.119787340E+03 7.103789719E+03 8.231761276E+01
1.200000000E+07 6.118372368E+03 1.063370395E+04 5.061573144E+03 7.019965504E+03 8.225881556E+01
1.220000000E+07 6.038603425E+03 1.050297967E+04 5.004834168E+03 6.938275717E+03 8.218286886E+01
1.240000000E+07 5.961050955E+03 1.037574826E+04 4.949512927E+03 6.858638496E+03 8.209087022E+01
1.260000000E+07 5.885621511E+03 1.025186725E+04 4.895554972E+03 6.780976240E+03 8.198385541E+01
1.280000000E+07 5.812226903E+03 1.013120194E+04 4.842908672E+03 6.705215289E+03 8.186280175E+01
1.300000000E+07 5.740783814E+03 1.001362485E+04 4.791525013E+03 6.631285632E+03 8.172863124E+01
1.320000000E+07 5.672436953E+03 9.901453635E+03 4.742686122E+03 6.563366373E+03 8.552872733E+01
1.340000000E+07 5.604691539E+03 9.789750763E+03 4.693720212E+03 6.493001060E+03 8.541421576E+01
1.360000000E+07 5.538671339E+03 9.680787666E+03 4.645881428E+03 6.424268627E+03 8.528699205E+01
1.380000000E+07 5.474309472E+03 9.574461345E+03 4.599129681E+03 6.357111462E+03 8.514783402E+01
1.400000000E+07 5.411542549E+03 9.470674048E+03 4.553426823E+03 6.291474707E+03 8.499747911E+01
1.420000000E+07 5.350310443E+03 9.369332928E+03 4.508736530E+03 6.227306109E+03 8.483662641E+01
1.440000000E+07 5.290556084E+03 9.270349743E+03 4.465024197E+03 6.164555869E+03 8.466593857E+01
1.460000000E+07 5.232225251E+03 9.173640546E+03 4.422256823E+03 6.103176486E+03 8.448604360E+01
1.480000000E+07 5.175266386E+03 9.079125409E+03 4.380402918E+03 6.043122610E+03 8.429753662E+01
1.500000000E+07 5.119630422E+03 8.986728165E+03 4.339432401E+03 5.984350902E+03 8.410098150E+01
1.520000000E+07 5.065270628E+03 8.896376174E+03 4.299316517E+03 5.926819900E+03 8.389691245E+01
1.540000000E+07 5.013055685E+03 8.809821049E+03 4.261021333E+03 5.873673078E+03 8.671545622E+01
1.560000000E+07 4.961133696E+03 8.723388857E+03 4.222552349E+03 5.818568477E+03 8.652862999E+01
1.580000000E+07 4.910359056E+03 8.638800606E+03 4.184857570E+03 5.764586024E+03 8.633444444E+01
1.600000000E+07 4.860693111E+03 8.555995903E+03 4.147912871E+03 5.711690815E+03 8.613335340E+01
1.620000000E+07 4.812098955E+03 8.474917031E+03 4.111695147E+03 5.659849415E+03 8.592578885E+01
1.640000000E+07 4.764541341E+03 8.395508802E+03 4.076182265E+03 5.609029793E+03 8.571216185E+01
1.660000000E+07 4.717986586E+03 8.317718424E+03 4.041353011E+03 5.559201246E+03 8.549286361E+01
1.680000000E+07 4.672402478E+03 8.241495365E+03 4.007187041E+03 5.510334334E+03 8.526826632E+01
1.700000000E+07 4.627758201E+03 8.166791221E+03 3.973664836E+03 5.462400805E+03 8.503872407E+01
1.720000000E+07 4.584024246E+03 8.093559605E+03 3.940767652E+03 5.415373529E+03 8.480457368E+01
1.740000000E+07 4.541172346E+03 8.021756026E+03 3.908477484E+03 5.369226438E+03 8.456613552E+01
1.760000000E+07 4.499175402E+03 7.951337798E+03 3.876777022E+03 5.323934460E+03 8.432371425E+01
1.780000000E+07 4.458679317E+03 7.883604143E+03 3.846381573E+03 5.281823026E+03 8.638411683E+01
1.800000000E+07 4.418326758E+03 7.815858094E+03 3.815823863E+03 5.238211327E+03 8.615702482E+01
1.820000000E+07 4.378753576E+03 7.749377785E+03 3.785806995E+03 5.195382570E+03 8.592596584E+01
1.840000000E+07 4.339936792E+03 7.684126866E+03 3.756316126E+03 5.153315212E+03 8.569119991E+01
1.860000000E+07 4.301854336E+03 7.620070395E+03 3.727336966E+03 5.111988512E+03 8.545297540E+01
1.880000000E+07 4.264485006E+03 7.557174776E+03 3.698855752E+03 5.071382495E+03 8.521152950E+01
1.900000000E+07 4.227808425E+03 7.495407690E+03 3.670859226E+03 5.031477922E+03 8.496708869E+01
1.920000000E+07 4.191805000E+03 7.434738038E+03 3.643334610E+03 4.992256255E+03 8.471986921E+01
1.940000000E+07 4.156455887E+03 7.375135885E+03 3.616269587E+03 4.953699625E+03 8.447007751E+01
1.960000000E+07 4.121742950E+03 7.316572396E+03 3.589652276E+03 4.915790801E+03 8.421791063E+01
1.980000000E+07 4.087648732E+03 7.259019793E+03 3.563471216E+03 4.878513159E+03 8.396355662E+01
2.000000000E+07 4.054156416E+03 7.202451294E+03 3.537715340E+03 4.841850649E+03 8.370719493E+01
2.020000000E+07 4.021249798E+03 7.146841074E+03 3.512373962E+03 4.805787772E+03 8.344899675E+01
2.040000000E+07 3.988913257E+03 7.092164214E+03 3.487436758E+03 4.770309550E+03 8.318912539E+01
2.060000000E+07 3.957626737E+03 7.039384373E+03 3.463433646E+03 4.737137563E+03 8.468318617E+01
2.080000000E+07 3.926393232E+03 6.986518027E+03 3.439283549E+03 4.702813089E+03 8.443666509E+01
2.100000000E+07 3.895685782E+03 6.934514550E+03 3.415508235E+03 4.669029868E+03 8.418840730E+01
2.120000000E+07 3.865490852E+03 6.883352279E+03 3.392098678E+03 4.635774789E+03 8.393855274E+01
2.140000000E+07 3.835795371E+03 6.833010280E+03 3.369046144E+03 4.603035169E+03 8.368723542E+01
2.160000000E+07 3.806586716E+03 6.783468326E+03 3.346342186E+03 4.570798735E+03 8.343458370E+01
2.180000000E+07 3.777852697E+03 6.734706865E+03 3.323978625E+03 4.539053616E+03 8.318072050E+01
2.200000000E+07 3.749581534E+03 6.686706990E+03 3.301947547E+03 4.507788320E+03 8.292576347E+01
2.220000000E+07 3.721761838E+03 6.639450415E+03 3.280241286E+03 4.476991722E+03 8.266982528E+01
2.240000000E+07 3.694382604E+03 6.592919452E+03 3.258852419E+03 4.446653051E+03 8.241301373E+01
2.260000000E+07 3.667433182E+03 6.547096977E+03 3.237773753E+03 4.416761874E+03 8.215543198E+01
2.280000000E+07 3.640903275E+03 6.501966417E+03 3.216998318E+03 4.387308083E+03 8.189717872E+01
2.300000000E+07 3.614782911E+03 6.457511721E+03 3.196519354E+03 4.358281875E+03 8.163834836E+01
2.320000000E+07 3.589062441E+03 6.413717338E+03 3.176330307E+03 4.329673749E+03 8.137903117E+01
2.340000000E+07 3.563732519E+03 6.370568201E+03 3.156424818E+03 4.301474486E+03 8.111931347E+01
2.360000000E+07 3.538784092E+03 6.328049703E+03 3.136796719E+03 4.273675139E+03 8.085927774E+01
2.380000000E+07 3.514208386E+03 6.286147680E+03 3.117440017E+03 4.246267023E+03 8.059900282E+01
2.400000000E+07 3.490365409E+03 6.245583935E+03 3.098751306E+03 4.220537842E+03 8.168214604E+01
2.420000000E+07 3.466514708E+03 6.204883701E+03 3.079925453E+03 4.193904579E+03 8.143306906E+01
2.440000000E+07 3.443011769E+03 6.164759509E+03 3.061353809E+03 4.167637197E+03 8.118365121E+01
2.460000000E+07 3.419848836E+03 6.125198807E+03 3.043031042E+03 4.141727961E+03 8.093396029E+01
2.480000000E+07 3.397018390E+03 6.086189418E+03 3.024951974E+03 4.116169357E+03 8.068406131E+01
2.500000000E+07 3.374513133E+03 6.047719514E+03 3.007111572E+03 4.090954084E+03 8.043401666E+01
2.520000000E+07 3.352325985E+03 6.009777614E+03 2.989504945E+03 4.066075048E+03 8.018388619E+01
2.540000000E+07 3.330450072E+03 5.972352569E+03 2.972127338E+03 4.041525354E+03 7.993372727E+01
2.560000000E+07 3.308878721E+03 5.935433547E+03 2.954974129E+03 4.017298301E+03 7.968359489E+01
2.580000000E+07 3.287605453E+03 5.899010023E+03 2.938040822E+03 3.993387375E+03 7.943354178E+01
2.600000000E+07 3.266623974E+03 5.863071772E+03 2.921323045E+03 3.969786240E+03 7.918361845E+01
2.620000000E+07 3.245928169E+03 5.827608853E+03 2.904816543E+03 3.946488736E+03 7.893387327E+01
2.640000000E+07 3.225512097E+03 5.792611599E+03 2.888517178E+03 3.923488869E+03 7.868435256E+01
2.660000000E+07 3.205369980E+03 5.758070611E+03 2.872420919E+03 3.900780805E+03 7.843510069E+01
2.680000000E+07 3.185496205E+03 5.723976744E+03 2.856523843E+03 3.878358867E+03 7.818616008E+01
2.700000000E+07 3.165885309E+03 5.690321101E+03 2.840822130E+03 3.856217524E+03 7.793757132E+01
2.720000000E+07 3.146531980E+03 5.657095022E+03 2.825312058E+03 3.834351393E+03 7.768937324E+01
2.740000000E+07 3.127431051E+03 5.624290078E+03 2.809990001E+03 3.812755226E+03 7.744160293E+01
2.760000000E+07 3.108577491E+03 5.591898061E+03 2.794852425E+03 3.791423910E+03 7.719429584E+01
2.780000000E+07 3.089966405E+03 5.559910978E+03 2.779895886E+03 3.770352461E+03 7.694748583E+01
2.800000000E+07 3.071867927E+03 5.528869900E+03 2.765417532E+03 3.750505376E+03 7.773085168E+01
2.820000000E+07 3.053730657E+03 5.497675620E+03 2.750816445E+03 3.729950226E+03 7.749314048E+01
2.840000000E+07 3.035821813E+03 5.466863271E+03 2.736386438E+03 3.709640300E+03 7.725582105E+01
2.860000000E+07 3.018136993E+03 5.436425650E+03 2.722124398E+03 3.689571092E+03 7.701892239E+01
2.880000000E+07 3.000671910E+03 5.406355739E+03 2.708027286E+03 3.669738206E+03 7.678247234E+01
2.900000000E+07 2.983422386E+03 5.376646698E+03 2.694092141E+03 3.650137354E+03 7.654649760E+01
2.920000000E+07 2.966384352E+03 5.347291858E+03 2.680316073E+03 3.630764357E+03 7.631102375E+01
2.940000000E+07 2.949553841E+03 5.318284718E+03 2.666696261E+03 3.611615134E+03 7.607607529E+01
2.960000000E+07 2.932926988E+03 5.289618940E+03 2.653229955E+03 3.592685708E+03 7.584167571E+01
2.980000000E+07 2.916500024E+03 5.261288340E+03 2.639914469E+03 3.573972196E+03 7.560784748E+01
3.000000000E+07 2.900269274E+03 5.233286887E+03 2.626747181E+03 3.555470808E+03 7.537461209E+01
3.020000000E+07 2.884231155E+03 5.205608698E+03 2.613725532E+03 3.537177849E+03 7.514199011E+01
3.040000000E+07 2.868382173E+03 5.178248032E+03 2.600847023E+03 3.519089707E+03 7.491000120E+01
3.060000000E+07 2.852718917E+03 5.151199285E+03 2.588109214E+03 3.501202860E+03 7.467866413E+01
3.080000000E+07 2.837238063E+03 5.124456991E+03 2.575509721E+03 3.483513866E+03 7.444799683E+01
3.100000000E+07 2.821936362E+03 5.098015807E+03 2.563046215E+03 3.466019362E+03 7.421801640E+01
3.120000000E+07 2.806810646E+03 5.071870522E+03 2.550716420E+03 3.448716066E+03 7.398873915E+01
3.140000000E+07 2.791857823E+03 5.046016041E+03 2.538518113E+03 3.431600767E+03 7.376018063E+01
3.160000000E+07 2.777074870E+03 5.020447390E+03 2.526449117E+03 3.414670329E+03 7.353235561E+01
3.180000000E+07 2.762458838E+03 4.995159709E+03 2.514507308E+03 3.397921686E+03 7.330527819E+01
3.200000000E+07 2.748006847E+03 4.970148251E+03 2.502690609E+03 3.381351840E+03 7.307896172E+01
3.220000000E+07 2.733716081E+03 4.945408372E+03 2.490996985E+03 3.364957858E+03 7.285341892E+01
3.240000000E+07 2.719786161E+03 4.921339668E+03 2.479645838E+03 3.349451816E+03 7.341007217E+01
3.260000000E+07 2.705811668E+03 4.897133464E+03 2.468194666E+03 3.333408284E+03 7.319185312E+01
3.280000000E+07 2.691990271E+03 4.873185400E+03 2.456860661E+03 3.317531964E+03 7.297431817E+01
3.300000000E+07 2.678319400E+03 4.849491231E+03 2.445641960E+03 3.301820167E+03 7.275747786E+01
3.320000000E+07 2.664796547E+03 4.826046814E+03 2.434536741E+03 3.286270268E+03 7.254134224E+01
3.340000000E+07 2.651419260E+03 4.802848093E+03 2.423543220E+03 3.270879692E+03 7.232592092E+01
3.360000000E+07 2.638185140E+03 4.779891102E+03 2.412659654E+03 3.255645925E+03 7.211122301E+01
3.380000000E+07 2.625091841E+03 4.757171962E+03 2.401884333E+03 3.240566504E+03 7.189725722E+01
3.400000000E+07 2.612137071E+03 4.734686876E+03 2.391215586E+03 3.225639018E+03 7.168403180E+01
3.420000000E+07 2.599318588E+03 4.712432134E+03 2.380651777E+03 3.210861109E+03 7.147155461E+01
3.440000000E+07 2.586634195E+03 4.690404099E+03 2.370191301E+03 3.196230467E+03 7.125983308E+01
3.460000000E+07 2.574081749E+03 4.668599217E+03 2.359832591E+03 3.181744833E+03 7.104887428E+01
3.480000000E+07 2.561659148E+03 4.647014008E+03 2.349574110E+03 3.167401993E+03 7.083868486E+01
3.500000000E+07 2.549364339E+03 4.625645065E+03 2.339414351E+03 3.153199780E+03 7.062927115E+01
3.520000000E+07 2.537195310E+03 4.604489054E+03 2.329351843E+03 3.139136073E+03 7.042063909E+01
3.540000000E+07 2.525150093E+03 4.583542709E+03 2.319385138E+03 3.125208792E+03 7.021279428E+01
3.560000000E+07 2.513226762E+03 4.562802832E+03 2.309512824E+03 3.111415903E+03 7.000574200E+01
3.580000000E+07 2.501423431E+03 4.542266293E+03 2.299733512E+03 3.097755412E+03 6.979948718E+01
3.600000000E+07 2.489738253E+03 4.521930026E+03 2.290045846E+03 3.084225363E+03 6.959403446E+01
3.620000000E+07 2.478169419E+03 4.501791024E+03 2.280448491E+03 3.070823843E+03 6.938938816E+01
3.640000000E+07 2.466715158E+03 4.481846343E+03 2.270940143E+03 3.057548973E+03 6.918555230E+01
3.660000000E+07 2.455373735E+03 4.462093101E+03 2.261519522E+03 3.044398914E+03 6.898253062E+01
3.680000000E+07 2.444143451E+03 4.442528470E+03 2.252185371E+03 3.031371862E+03 6.878032658E+01
3.700000000E+07 2.433022639E+03 4.423149678E+03 2.242936461E+03 3.018466047E+03 6.857894337E+01
3.720000000E+07 2.422009668E+03 4.403954010E+03 2.233771584E+03 3.005679736E+03 6.837838391E+01
3.740000000E+07 2.411102940E+03 4.384938805E+03 2.224689556E+03 2.993011226E+03 6.817865088E+01
3.760000000E+07 2.400450523E+03 4.366400336E+03 2.215853034E+03 2.980988422E+03 6.857417421E+01
3.780000000E+07 2.389752911E+03 4.347740885E+03 2.206934682E+03 2.968555248E+03 6.838016237E+01
3.800000000E+07 2.379156892E+03 4.329254141E+03 2.198095719E+03 2.956234832E+03 6.818690622E+01
3.820000000E+07 2.368660990E+03 4.310937641E+03 2.189335047E+03 2.944025597E+03 6.799440759E+01
3.840000000E+07 2.358263758E+03 4.292788972E+03 2.180651589E+03 2.931925996E+03 6.780266809E+01
3.860000000E+07 2.347963775E+03 4.274805764E+03 2.172044289E+03 2.919934511E+03 6.761168921E+01
3.880000000E+07 2.337759648E+03 4.256985693E+03 2.163512109E+03 2.908049653E+03 6.742147225E+01
3.900000000E+07 2.327650012E+03 4.239326480E+03 2.155054031E+03 2.896269958E+03 6.723201839E+01
3.920000000E+07 2.317633528E+03 4.221825889E+03 2.146669056E+03 2.884593993E+03 6.704332861E+01
3.940000000E+07 2.307708881E+03 4.204481726E+03 2.138356202E+03 2.873020348E+03 6.685540380E+01
3.960000000E+07 2.297874784E+03 4.187291836E+03 2.130114507E+03 2.861547642E+03 6.666824467E+01
3.980000000E+07 2.288129970E+03 4.170254106E+03 2.121943025E+03 2.850174517E+03 6.648185180E+01
4.000000000E+07 2.278473200E+03 4.153366464E+03 2.113840828E+03 2.838899643E+03 6.629622565E+01
4.020000000E+07 2.268903257E+03 4.136626872E+03 2.105807003E+03 2.827721710E+03 6.611136654E+01
4.040000000E+07 2.259418944E+03 4.120033332E+03 2.097840655E+03 2.816639435E+03 6.592727465E+01
4.060000000E+07 2.250019091E+03 4.103583883E+03 2.089940905E+03 2.805651557E+03 6.574395008E+01
4.080000000E+07 2.240702546E+03 4.087276599E+03 2.082106888E+03 2.794756837E+03 6.556139276E+01
4.100000000E+07 2.231468180E+03 4.071109587E+03 2.074337756E+03 2.783954061E+03 6.537960254E+01
4.120000000E+07 2.222314883E+03 4.055080993E+03 2.066632676E+03 2.773242033E+03 6.519857916E+01
4.140000000E+07 2.213241566E+03 4.039188991E+03 2.058990828E+03 2.762619580E+03 6.501832222E+01
4.160000000E+07 2.204247162E+03 4.023431790E+03 2.051411408E+03 2.752085549E+03 6.483883125E+01
4.180000000E+07 2.195330618E+03 4.007807630E+03 2.043893624E+03 2.741638809E+03 6.466010565E+01
4.200000000E+07 2.186490905E+03 3.992314782E+03 2.036436698E+03 2.731278245E+03 6.448214474E+01
4.220000000E+07 2.177727010E+03 3.976951549E+03 2.029039867E+03 2.721002765E+03 6.430494774E+01
4.240000000E+07 2.169037938E+03 3.961716262E+03 2.021702380E+03 2.710811293E+03 6.412851376E+01
4.260000000E+07 2.160422712E+03 3.946607281E+03 2.014423499E+03 2.700702774E+03 6.395284185E+01
4.280000000E+07 2.151880371E+03 3.931622995E+03 2.007202497E+03 2.690676167E+03 6.377793094E+01
4.300000000E+07 2.143409973E+03 3.916761820E+03 2.000038660E+03 2.680730452E+03 6.360377990E+01
4.320000000E+07 2.135010591E+03 3.902022200E+03 1.992931287E+03 2.670864625E+03 6.343038751E+01
4.340000000E+07 2.126681312E+03 3.887402603E+03 1.985879687E+03 2.661077698E+03 6.325775245E+01
4.360000000E+07 2.118421244E+03 3.872901527E+03 1.978883181E+03 2.651368700E+03 6.308587336E+01
4.380000000E+07 2.110340836E+03 3.858739905E+03 1.972063066E+03 2.642131319E+03 6.336893721E+01
4.400000000E+07 2.102217391E+03 3.844473118E+03 1.965175673E+03 2.632578321E+03 6.320138992E+01
4.420000000E+07 2.094160540E+03 3.830320448E+03 1.958341383E+03 2.623100361E+03 6.303454578E+01
4.440000000E+07 2.086169447E+03 3.816280488E+03 1.951559557E+03 2.613696530E+03 6.286840314E+01
4.460000000E+07 2.078243291E+03 3.802351858E+03 1.944829573E+03 2.604365934E+03 6.270296028E+01
4.480000000E+07 2.070381263E+03 3.788533195E+03 1.938150813E+03 2.595107693E+03 6.253821547E+01
4.500000000E+07 2.062582569E+03 3.774823164E+03 1.931522674E+03 2.585920942E+03 6.237416692E+01
4.520000000E+07 2.054846429E+03 3.761220448E+03 1.924944558E+03 2.576804829E+03 6.221081281E+01
4.540000000E+07 2.047172073E+03 3.747723754E+03 1.918415881E+03 2.567758516E+03 6.204815129E+01
4.560000000E+07 2.039558746E+03 3.734331809E+03 1.911936065E+03 2.558781179E+03 6.188618046E+01
4.580000000E+07 2.032005705E+03 3.721043362E+03 1.905504543E+03 2.549872007E+03 6.172489842E+01
4.600000000E+07 2.024512221E+03 3.707857180E+03 1.899120756E+03 2.541030202E+03 6.156430321E+01
4.620000000E+07 2.017077573E+03 3.694772053E+03 1.892784155E+03 2.532254978E+03 6.140439284E+01
4.640000000E+07 2.009701055E+03 3.681786785E+03 1.886494197E+03 2.523545562E+03 6.124516530E+01
4.660000000E+07 2.002381971E+03 3.668900206E+03 1.880250350E+03 2.514901194E+03 6.108661855E+01
4.680000000E+07 1.995119635E+03 3.656111159E+03 1.874052089E+03 2.506321125E+03 6.092875051E+01
4.700000000E+07 1.987913377E+03 3.643418510E+03 1.867898900E+03 2.497804618E+03 6.077155908E+01
4.720000000E+07 1.980762532E+03 3.630821138E+03 1.861790272E+03 2.489350948E+03 6.061504215E+01
4.740000000E+07 1.973666447E+03 3.618317942E+03 1.855725704E+03 2.480959400E+03 6.045919756E+01
4.760000000E+07 1.966624483E+03 3.605907842E+03 1.849704706E+03 2.472629272E+03 6.030402314E+01
4.780000000E+07 1.959636007E+03 3.593589767E+03 1.843726790E+03 2.464359870E+03 6.014951668E+01
4.800000000E+07 1.952700397E+03 3.581362668E+03 1.837791479E+03 2.456150514E+03 5.999567598E+01
4.820000000E+07 1.945817042E+03 3.569225512E+03 1.831898301E+03 2.448000533E+03 5.984249878E+01
4.840000000E+07 1.938985338E+03 3.557177280E+03 1.826046793E+03 2.439909265E+03 5.968998283E+01
4.860000000E+07 1.932204694E+03 3.545216970E+03 1.820236499E+03 2.431876059E+03 5.953812583E+01
4.880000000E+07 1.925474525E+03 3.533343593E+03 1.814466968E+03 2.423900274E+03 5.938692548E+01
4.900000000E+07 1.918794257E+03 3.521556179E+03 1.808737755E+03 2.415981279E+03 5.923637947E+01
4.920000000E+07 1.912163323E+03 3.509853769E+03 1.803048426E+03 2.408118450E+03 5.908648543E+01
4.940000000E+07 1.905581166E+03 3.498235419E+03 1.797398549E+03 2.400311176E+03 5.893724103E+01
4.960000000E+07 1.899047236E+03 3.486700202E+03 1.791787700E+03 2.392558852E+03 5.878864388E+01
4.980000000E+07 1.892560994E+03 3.475247201E+03 1.786215461E+03 2.384860883E+03 5.864069158E+01
5.000000000E+07 1.886121907E+03 3.463875513E+03 1.780681420E+03 2.377216681E+03 5.849338173E+01
5.020000000E+07 1.879729449E+03 3.452584252E+03 1.775185171E+03 2.369625670E+03 5.834671191E+01
5.040000000E+07 1.873383106E+03 3.441372542E+03 1.769726314E+03 2.362087279E+03 5.820067967E+01
5.060000000E+07 1.867082366E+03 3.430239519E+03 1.764304453E+03 2.354600947E+03 5.805528256E+01
5.080000000E+07 1.860908954E+03 3.419348623E+03 1.759009327E+03 2.347457964E+03 5.825529535E+01
5.100000000E+07 1.854698465E+03 3.408371518E+03 1.753660895E+03 2.340076039E+03 5.811315055E+01
5.120000000E+07 1.848532087E+03 3.397470565E+03 1.748348298E+03 2.332744496E+03 5.797160338E+01
5.140000000E+07 1.842409340E+03 3.386644951E+03 1.743071164E+03 2.325462805E+03 5.783065131E+01
5.160000000E+07 1.836329751E+03 3.375893873E+03 1.737829124E+03 2.318230442E+03 5.769029180E+01
5.180000000E+07 1.830292854E+03 3.365216540E+03 1.732621817E+03 2.311046893E+03 5.755052234E+01
5.200000000E+07 1.824298190E+03 3.354612175E+03 1.727448884E+03 2.303911649E+03 5.741134039E+01
5.220000000E+07 1.818345307E+03 3.344080008E+03 1.722309975E+03 2.296824208E+03 5.727274345E+01
5.240000000E+07 1.812433759E+03 3.333619283E+03 1.717204742E+03 2.289784078E+03 5.713472898E+01
5.260000000E+07 1.806563107E+03 3.323229254E+03 1.712132842E+03 2.282790770E+03 5.699729448E+01
5.280000000E+07 1.800732916E+03 3.312909184E+03 1.707093938E+03 2.275843804E+03 5.686043743E+01
5.300000000E+07 1.794942761E+03 3.302658348E+03 1.702087696E+03 2.268942707E+03 5.672415535E+01
5.320000000E+07 1.789192219E+03 3.292476030E+03 1.697113787E+03 2.262087012E+03 5.658844571E+01
5.340000000E+07 1.783480877E+03 3.282361526E+03 1.692171889E+03 2.255276257E+03 5.645330603E+01
5.360000000E+07 1.777808326E+03 3.272314140E+03 1.687261680E+03 2.248509988E+03 5.631873382E+01
5.380000000E+07 1.772174160E+03 3.262333185E+03 1.682382847E+03 2.241787757E+03 5.618472659E+01
5.400000000E+07 1.766577984E+03 3.252417986E+03 1.677535077E+03 2.235109123E+03 5.605128185E+01
5.420000000E+07 1.761019405E+03 3.242567876E+03 1.672718064E+03 2.228473650E+03 5.591839712E+01
5.440000000E+07 1.755498037E+03 3.232782198E+03 1.667931505E+03 2.221880907E+03 5.578606994E+01
5.460000000E+07 1.750013497E+03 3.223060300E+03 1.663175102E+03 2.215330470E+03 5.565429784E+01
5.480000000E+07 1.744565410E+03 3.213401545E+03 1.658448559E+03 2.208821921E+03 5.552307834E+01
5.500000000E+07 1.739153406E+03 3.203805301E+03 1.653751587E+03 2.202354848E+03 5.539240900E+01
5.520000000E+07 1.733777118E+03 3.194270944E+03 1.649083898E+03 2.195928842E+03 5.526228735E+01
5.540000000E+07 1.728436186E+03 3.184797862E+03 1.644445209E+03 2.189543503E+03 5.513271096E+01
5.560000000E+07 1.723130253E+03 3.175385447E+03 1.639835241E+03 2.183198433E+03 5.500367737E+01
5.580000000E+07 1.717858970E+03 3.166033103E+03 1.635253718E+03 2.176893243E+03 5.487518414E+01
5.600000000E+07 1.712621989E+03 3.156740238E+03 1.630700368E+03 2.170627545E+03 5.474722885E+01
5.620000000E+07 1.707418970E+03 3.147506270E+03 1.626174922E+03 2.164400959E+03 5.461980906E+01
5.640000000E+07 1.702249574E+03 3.138330626E+03 1.621677115E+03 2.158213109E+03 5.449292236E+01
5.660000000E+07 1.697113470E+03 3.129212739E+03 1.617206686E+03 2.152063624E+03 5.436656632E+01
5.680000000E+07 1.692010330E+03 3.120152048E+03 1.612763376E+03 2.145952137E+03 5.424073853E+01
5.700000000E+07 1.686939830E+03 3.111148003E+03 1.608346931E+03 2.139878288E+03 5.411543659E+01
5.720000000E+07 1.681901650E+03 3.102200057E+03 1.603957098E+03 2.133841720E+03 5.399065810E+01
5.740000000E+07 1.676895475E+03 3.093307674E+03 1.599593628E+03 2.127842079E+03 5.386640066E+01
5.760000000E+07 1.671920995E+03 3.084470323E+03 1.595256278E+03 2.121879020E+03 5.374266188E+01
5.780000000E+07 1.666977902E+03 3.075687479E+03 1.590944803E+03 2.115952197E+03 5.361943937E+01
5.800000000E+07 1.662065893E+03 3.066958624E+03 1.586658966E+03 2.110061273E+03 5.349673077E+01
5.820000000E+07 1.657184669E+03 3.058283249E+03 1.582398528E+03 2.104205912E+03 5.337453370E+01
5.840000000E+07 1.652333934E+03 3.049660849E+03 1.578163258E+03 2.098385784E+03 5.325284578E+01
5.860000000E+07 1.647513399E+03 3.041090928E+03 1.573952925E+03 2.092600562E+03 5.313166467E+01
5.880000000E+07 1.642722774E+03 3.032572991E+03 1.569767301E+03 2.086849925E+03 5.301098800E+01
5.900000000E+07 1.638022636E+03 3.024228174E+03 1.565672902E+03 2.081349819E+03 5.315286756E+01
5.920000000E+07 1.633291331E+03 3.015813456E+03 1.561536408E+03 2.075668649E+03 5.303458243E+01
5.940000000E+07 1.628589090E+03 3.007449274E+03 1.557423951E+03 2.070021100E+03 5.291677598E+01
5.960000000E+07 1.623915638E+03 2.999135160E+03 1.553335312E+03 2.064406861E+03 5.279944585E+01
5.980000000E+07 1.619270707E+03 2.990870652E+03 1.549270280E+03 2.058825632E+03 5.268258969E+01
6.000000000E+07 1.614654028E+03 2.982655297E+03 1.545228641E+03 2.053277113E+03 5.256620516E+01
6.020000000E+07 1.610065341E+03 2.974488642E+03 1.541210188E+03 2.047761007E+03 5.245028995E+01
6.040000000E+07 1.605504384E+03 2.966370244E+03 1.537214714E+03 2.042277024E+03 5.233484173E+01
6.060000000E+07 1.600970900E+03 2.958299664E+03 1.533242015E+03 2.036824874E+03 5.221985822E+01
6.080000000E+07 1.596464637E+03 2.950276466E+03 1.529291889E+03 2.031404273E+03 5.210533713E+01
6.100000000E+07 1.591985344E+03 2.942300225E+03 1.525364139E+03 2.026014938E+03 5.199127619E+01
6.120000000E+07 1.587532775E+03 2.934370515E+03 1.521458567E+03 2.020656593E+03 5.187767315E+01
6.140000000E+07 1.583106684E+03 2.926486919E+03 1.517574978E+03 2.015328960E+03 5.176452577E+01
6.160000000E+07 1.578706831E+03 2.918649025E+03 1.513713181E+03 2.010031771E+03 5.165183181E+01
6.180000000E+07 1.574332977E+03 2.910856425E+03 1.509872987E+03 2.004764756E+03 5.153958905E+01
6.200000000E+07 1.569984888E+03 2.903108714E+03 1.506054207E+03 1.999527649E+03 5.142779528E+01
6.220000000E+07 1.565662332E+03 2.895405495E+03 1.502256657E+03 1.994320190E+03 5.131644832E+01
6.240000000E+07 1.561365077E+03 2.887746376E+03 1.498480154E+03 1.989142119E+03 5.120554598E+01
6.260000000E+07 1.557092898E+03 2.880130965E+03 1.494724516E+03 1.983993181E+03 5.109508609E+01
6.280000000E+07 1.552845571E+03 2.872558881E+03 1.490989565E+03 1.978873123E+03 5.098506649E+01
6.300000000E+07 1.548622875E+03 2.865029745E+03 1.487275124E+03 1.973781695E+03 5.087548504E+01
6.320000000E+07 1.544424590E+03 2.857543178E+03 1.483581019E+03 1.968718650E+03 5.076633960E+01
6.340000000E+07 1.540250501E+03 2.850098814E+03 1.479907077E+03 1.963683745E+03 5.065762805E+01
6.360000000E+07 1.536100394E+03 2.842696283E+03 1.476253127E+03 1.958676739E+03 5.054934828E+01
6.380000000E+07 1.531974058E+03 2.835335226E+03 1.472619000E+03 1.953697392E+03 5.044149819E+01
6.400000000E+07 1.527871286E+03 2.828015284E+03 1.469004530E+03 1.948745471E+03 5.033407568E+01
6.420000000E+07 1.523791870E+03 2.820736104E+03 1.465409553E+03 1.943820742E+03 5.022707868E+01
6.440000000E+07 1.519735607E+03 2.813497337E+03 1.461833904E+03 1.938922975E+03 5.012050513E+01
6.460000000E+07 1.515702297E+03 2.806298636E+03 1.458277424E+03 1.934051943E+03 5.001435297E+01
6.480000000E+07 1.511691741E+03 2.799139662E+03 1.454739952E+03 1.929207421E+03 4.990862015E+01
6.500000000E+07 1.507703741E+03 2.792020076E+03 1.451221331E+03 1.924389186E+03 4.980330464E+01
6.520000000E+07 1.503738105E+03 2.784939545E+03 1.447721406E+03 1.919597019E+03 4.969840442E+01
6.540000000E+07 1.499794639E+03 2.777897739E+03 1.444240022E+03 1.914830704E+03 4.959391746E+01
6.560000000E+07 1.495873154E+03 2.770894333E+03 1.440777028E+03 1.910090024E+03 4.948984178E+01
6.580000000E+07 1.491973463E+03 2.763929004E+03 1.437332272E+03 1.905374768E+03 4.938617538E+01
6.600000000E+07 1.488095382E+03 2.757001434E+03 1.433905607E+03 1.900684726E+03 4.928291627E+01
6.620000000E+07 1.484238724E+03 2.750111307E+03 1.430496884E+03 1.896019690E+03 4.918006248E+01
6.640000000E+07 1.480403311E+03 2.743258312E+03 1.427105958E+03 1.891379454E+03 4.907761205E+01
6.660000000E+07 1.476588964E+03 2.736442143E+03 1.423732685E+03 1.886763817E+03 4.897556303E+01
6.680000000E+07 1.472795503E+03 2.729662493E+03 1.420376923E+03 1.882172577E+03 4.887391348E+01
6.700000000E+07 1.469022756E+03 2.722919062E+03 1.417038531E+03 1.877605536E+03 4.877266147E+01
6.720000000E+07 1.465270549E+03 2.716211552E+03 1.413717369E+03 1.873062496E+03 4.867180506E+01
6.740000000E+07 1.461538710E+03 2.709539669E+03 1.410413300E+03 1.868543265E+03 4.857134235E+01
6.760000000E+07 1.457827071E+03 2.702903121E+03 1.407126187E+03 1.864047650E+03 4.847127144E+01
6.780000000E+07 1.454135465E+03 2.696301622E+03 1.403855896E+03 1.859575460E+03 4.837159043E+01
6.800000000E+07 1.450463725E+03 2.689734885E+03 1.400602293E+03 1.855126508E+03 4.827229743E+01
6.820000000E+07 1.446811688E+03 2.683202629E+03 1.397365246E+03 1.850700608E+03 4.817339057E+01
6.840000000E+07 1.443179192E+03 2.676704576E+03 1.394144625E+03 1.846297576E+03 4.807486799E+01
6.860000000E+07 1.439611207E+03 2.670330643E+03 1.390989810E+03 1.842077760E+03 4.817615348E+01
6.880000000E+07 1.436017539E+03 2.663900617E+03 1.387801900E+03 1.837720720E+03 4.807935703E+01
6.900000000E+07 1.432442933E+03 2.657503969E+03 1.384630027E+03 1.833385997E+03 4.798292763E+01
6.920000000E+07 1.428887236E+03 2.651140432E+03 1.381474069E+03 1.829073412E+03 4.788686342E+01
6.940000000E+07 1.425350294E+03 2.644809743E+03 1.378333899E+03 1.824782793E+03 4.779116257E+01
6.960000000E+07 1.421831956E+03 2.638511640E+03 1.375209397E+03 1.820513967E+03 4.769582325E+01
6.980000000E+07 1.418332072E+03 2.632245866E+03 1.372100441E+03 1.816266762E+03 4.760084364E+01
7.000000000E+07 1.414850492E+03 2.626012163E+03 1.369006910E+03 1.812041010E+03 4.750622193E+01
7.020000000E+07 1.411387073E+03 2.619810281E+03 1.365928686E+03 1.807836544E+03 4.741195634E+01
7.040000000E+07 1.407941667E+03 2.613639969E+03 1.362865653E+03 1.803653198E+03 4.731804508E+01
7.060000000E+07 1.404514132E+03 2.607500979E+03 1.359817693E+03 1.799490810E+03 4.722448639E+01
7.080000000E+07 1.401104326E+03 2.601393067E+03 1.356784692E+03 1.795349216E+03 4.713127851E+01
7.100000000E+07 1.397712108E+03 2.595315991E+03 1.353766536E+03 1.791228257E+03 4.703841970E+01
7.120000000E+07 1.394337339E+03 2.589269510E+03 1.350763111E+03 1.787127774E+03 4.694590823E+01
7.140000000E+07 1.390979882E+03 2.583253389E+03 1.347774308E+03 1.783047611E+03 4.685374237E+01
7.160000000E+07 1.387639602E+03 2.577267391E+03 1.344800014E+03 1.778987612E+03 4.676192043E+01
7.180000000E+07 1.384316363E+03 2.571311285E+03 1.341840122E+03 1.774947623E+03 4.667044069E+01
7.200000000E+07 1.381010032E+03 2.565384842E+03 1.338894522E+03 1.770927492E+03 4.657930147E+01
7.220000000E+07 1.377720478E+03 2.559487833E+03 1.335963109E+03 1.766927070E+03 4.648850110E+01
7.240000000E+07 1.374447571E+03 2.553620035E+03 1.333045776E+03 1.762946206E+03 4.639803792E+01
7.260000000E+07 1.371191180E+03 2.547781222E+03 1.330142418E+03 1.758984753E+03 4.630791026E+01
7.280000000E+07 1.367951180E+03 2.541971178E+03 1.327252932E+03 1.755042566E+03 4.621811649E+01
7.300000000E+07 1.364727443E+03 2.536189681E+03 1.324377214E+03 1.751119501E+03 4.612865497E+01
7.320000000E+07 1.361519845E+03 2.530436517E+03 1.321515163E+03 1.747215413E+03 4.603952409E+01
7.340000000E+07 1.358328262E+03 2.524711472E+03 1.318666679E+03 1.743330162E+03 4.595072222E+01
7.360000000E+07 1.355152571E+03 2.519014335E+03 1.315831662E+03 1.739463608E+03 4.586224777E+01
7.380000000E+07 1.351992652E+03 2.513344896E+03 1.313010012E+03 1.735615612E+03 4.577409915E+01
7.400000000E+07 1.348848384E+03 2.507702948E+03 1.310201633E+03 1.731786036E+03 4.568627477E+01
7.420000000E+07 1.345719649E+03 2.502088285E+03 1.307406428E+03 1.727974745E+03 4.559877307E+01
7.440000000E+07 1.342606329E+03 2.496500705E+03 1.304624301E+03 1.724181605E+03 4.551159248E+01
7.460000000E+07 1.339508309E+03 2.490940007E+03 1.301855157E+03 1.720406482E+03 4.542473145E+01
7.480000000E+07 1.336425473E+03 2.485405992E+03 1.299098902E+03 1.716649245E+03 4.533818844E+01
7.500000000E+07 1.333357706E+03 2.479898461E+03 1.296355443E+03 1.712909762E+03 4.525196191E+01
7.520000000E+07 1.330304898E+03 2.474417222E+03 1.293624688E+03 1.709187904E+03 4.516605034E+01
7.540000000E+07 1.327266935E+03 2.468962081E+03 1.290906547E+03 1.705483545E+03 4.508045222E+01
7.560000000E+07 1.324243707E+03 2.463532846E+03 1.288200929E+03 1.701796557E+03 4.499516604E+01
7.580000000E+07 1.321235106E+03 2.458129328E+03 1.285507744E+03 1.698126814E+03 4.491019030E+01
7.600000000E+07 1.318241022E+03 2.452751340E+03 1.282826904E+03 1.694474192E+03 4.482552353E+01
7.620000000E+07 1.315261349E+03 2.447398696E+03 1.280158321E+03 1.690838569E+03 4.474116423E+01
7.640000000E+07 1.312295980E+03 2.442071212E+03 1.277501909E+03 1.687219823E+03 4.465711095E+01
7.660000000E+07 1.309344811E+03 2.436768707E+03 1.274857582E+03 1.683617833E+03 4.457336221E+01
7.680000000E+07 1.306407736E+03 2.431491000E+03 1.272225253E+03 1.680032478E+03 4.448991657E+01
7.700000000E+07 1.303484654E+03 2.426237913E+03 1.269604840E+03 1.676463642E+03 4.440677259E+01
7.720000000E+07 1.300575462E+03 2.421009269E+03 1.266996258E+03 1.672911208E+03 4.432392882E+01
7.740000000E+07 1.297680060E+03 2.415804893E+03 1.264399425E+03 1.669375058E+03 4.424138385E+01
7.760000000E+07 1.294798347E+03 2.410624613E+03 1.261814259E+03 1.665855078E+03 4.415913625E+01
7.780000000E+07 1.291930223E+03 2.405468256E+03 1.259240678E+03 1.662351154E+03 4.407718461E+01
7.800000000E+07 1.289075592E+03 2.400335652E+03 1.256678603E+03 1.658863174E+03 4.399552753E+01
7.820000000E+07 1.286234356E+03 2.395226633E+03 1.254127953E+03 1.655391026E+03 4.391416362E+01
7.840000000E+07 1.283406418E+03 2.390141032E+03 1.251588649E+03 1.651934599E+03 4.383309150E+01
7.860000000E+07 1.280591684E+03 2.385078685E+03 1.249060614E+03 1.648493783E+03 4.375230977E+01
7.880000000E+07 1.277790059E+03 2.380039427E+03 1.246543770E+03 1.645068470E+03 4.367181707E+01
7.900000000E+07 1.275001450E+03 2.375023096E+03 1.244038039E+03 1.641658553E+03 4.359161205E+01
7.920000000E+07 1.272225764E+03 2.370029533E+03 1.241543348E+03 1.638263924E+03 4.351169334E+01
7.940000000E+07 1.269462910E+03 2.365058578E+03 1.239059619E+03 1.634884479E+03 4.343205959E+01
7.960000000E+07 1.266712796E+03 2.360110073E+03 1.236586778E+03 1.631520112E+03 4.335270947E+01
7.980000000E+07 1.264008823E+03 2.355250801E+03 1.234161506E+03 1.628289954E+03 4.342547224E+01
8.000000000E+07 1.261284065E+03 2.350347016E+03 1.231710377E+03 1.624955945E+03 4.334734907E+01
8.020000000E+07 1.258571777E+03 2.345465214E+03 1.229269914E+03 1.621636701E+03 4.326949827E+01
8.040000000E+07 1.255871874E+03 2.340605243E+03 1.226840046E+03 1.618332120E+03 4.319191852E+01
8.060000000E+07 1.253184269E+03 2.335766954E+03 1.224420701E+03 1.615042103E+03 4.311460849E+01
8.080000000E+07 1.250508876E+03 2.330950196E+03 1.222011808E+03 1.611766549E+03 4.303756689E+01
8.100000000E+07 1.247845609E+03 2.326154824E+03 1.219613299E+03 1.608505362E+03 4.296079240E+01
8.120000000E+07 1.245194386E+03 2.321380691E+03 1.217225102E+03 1.605258444E+03 4.288428374E+01
8.140000000E+07 1.242555122E+03 2.316627651E+03 1.214847149E+03 1.602025699E+03 4.280803963E+01
8.160000000E+07 1.239927734E+03 2.311895562E+03 1.212479373E+03 1.598807032E+03 4.273205879E+01
8.180000000E+07 1.237312142E+03 2.307184281E+03 1.210121706E+03 1.595602348E+03 4.265633996E+01
8.200000000E+07 1.234708264E+03 2.302493668E+03 1.207774081E+03 1.592411553E+03 4.258088189E+01
8.220000000E+07 1.232116019E+03 2.297823582E+03 1.205436431E+03 1.589234554E+03 4.250568333E+01
8.240000000E+07 1.229535328E+03 2.293173886E+03 1.203108691E+03 1.586071260E+03 4.243074303E+01
8.260000000E+07 1.226966112E+03 2.288544443E+03 1.200790796E+03 1.582921579E+03 4.235605977E+01
8.280000000E+07 1.224408294E+03 2.283935117E+03 1.198482681E+03 1.579785422E+03 4.228163233E+01
8.300000000E+07 1.221861796E+03 2.279345774E+03 1.196184283E+03 1.576662698E+03 4.220745949E+01
8.320000000E+07 1.219326540E+03 2.274776279E+03 1.193895538E+03 1.573553318E+03 4.213354005E+01
8.340000000E+07 1.216802451E+03 2.270226501E+03 1.191616383E+03 1.570457196E+03 4.205987281E+01
8.360000000E+07 1.214289454E+03 2.265696310E+03 1.189346756E+03 1.567374244E+03 4.198645658E+01
8.380000000E+07 1.211787474E+03 2.261185574E+03 1.187086595E+03 1.564304374E+03 4.191329017E+01
8.400000000E+07 1.209296437E+03 2.256694166E+03 1.184835839E+03 1.561247503E+03 4.184037242E+01
8.420000000E+07 1.206816270E+03 2.252221958E+03 1.182594428E+03 1.558203544E+03 4.176770215E+01
8.440000000E+07 1.204346900E+03 2.247768824E+03 1.180362301E+03 1.555172415E+03 4.169527821E+01
8.460000000E+07 1.201888256E+03 2.243334639E+03 1.178139398E+03 1.552154031E+03 4.162309944E+01
8.480000000E+07 1.199440266E+03 2.238919278E+03 1.175925661E+03 1.549148310E+03 4.155116470E+01
8.500000000E+07 1.197002858E+03 2.234522619E+03 1.173721031E+03 1.546155169E+03 4.147947286E+01
8.520000000E+07 1.194575965E+03 2.230144540E+03 1.171525450E+03 1.543174529E+03 4.140802278E+01
8.540000000E+07 1.192159515E+03 2.225784919E+03 1.169338861E+03 1.540206308E+03 4.133681334E+01
8.560000000E+07 1.189753440E+03 2.221443638E+03 1.167161206E+03 1.537250428E+03 4.126584343E+01
8.580000000E+07 1.187357672E+03 2.217120577E+03 1.164992429E+03 1.534306807E+03 4.119511194E+01
8.600000000E+07 1.184972144E+03 2.212815619E+03 1.162832473E+03 1.531375369E+03 4.112461777E+01
8.620000000E+07 1.182596787E+03 2.208528647E+03 1.160681284E+03 1.528456036E+03 4.105435982E+01
8.640000000E+07 1.180231537E+03 2.204259546E+03 1.158538807E+03 1.525548730E+03 4.098433700E+01
8.660000000E+07 1.177876328E+03 2.200008202E+03 1.156404985E+03 1.522653375E+03 4.091454824E+01
8.680000000E+07 1.175531092E+03 2.195774499E+03 1.154279766E+03 1.519769896E+03 4.084499246E+01
8.700000000E+07 1.173195768E+03 2.191558326E+03 1.152163096E+03 1.516898218E+03 4.077566859E+01
8.720000000E+07 1.170870289E+03 2.187359571E+03 1.150054921E+03 1.514038266E+03 4.070657558E+01
8.740000000E+07 1.168554594E+03 2.183178124E+03 1.147955189E+03 1.511189967E+03 4.063771236E+01
8.760000000E+07 1.166248617E+03 2.179013874E+03 1.145863846E+03 1.508353246E+03 4.056907790E+01
8.780000000E+07 1.163952298E+03 2.174866713E+03 1.143780842E+03 1.505528033E+03 4.050067114E+01
8.800000000E+07 1.161665575E+03 2.170736533E+03 1.141706125E+03 1.502714254E+03 4.043249105E+01
8.820000000E+07 1.159388386E+03 2.166623228E+03 1.139639644E+03 1.499911840E+03 4.036453661E+01
8.840000000E+07 1.157120670E+03 2.162526689E+03 1.137581347E+03 1.497120718E+03 4.029680680E+01
8.860000000E+07 1.154862367E+03 2.158446815E+03 1.135531186E+03 1.494340819E+03 4.022930058E+01
8.880000000E+07 1.152613417E+03 2.154383499E+03 1.133489110E+03 1.491572074E+03 4.016201696E+01
8.900000000E+07 1.150373761E+03 2.150336638E+03 1.131455070E+03 1.488814414E+03 4.009495493E+01
8.920000000E+07 1.148143340E+03 2.146306130E+03 1.129429017E+03 1.486067769E+03 4.002811349E+01
8.940000000E+07 1.145922095E+03 2.142291873E+03 1.127410901E+03 1.483332073E+03 3.996149165E+01
8.960000000E+07 1.143709970E+03 2.138293767E+03 1.125400677E+03 1.480607259E+03 3.989508842E+01
8.980000000E+07 1.141506907E+03 2.134311711E+03 1.123398294E+03 1.477893259E+03 3.982890282E+01
9.000000000E+07 1.139312849E+03 2.130345606E+03 1.121403706E+03 1.475190008E+03 3.976293387E+01
9.020000000E+07 1.137127739E+03 2.126395355E+03 1.119416867E+03 1.472497440E+03 3.969718061E+01
9.040000000E+07 1.134951522E+03 2.122460859E+03 1.117437728E+03 1.469815490E+03 3.963164207E+01
9.060000000E+07 1.132784143E+03 2.118542022E+03 1.115466246E+03 1.467144094E+03 3.956631728E+01
9.080000000E+07 1.130625546E+03 2.114638749E+03 1.113502372E+03 1.464483188E+03 3.950120531E+01
9.100000000E+07 1.128475677E+03 2.110750943E+03 1.111546062E+03 1.461832707E+03 3.943630519E+01
9.120000000E+07 1.126334483E+03 2.106878512E+03 1.109597272E+03 1.459192591E+03 3.937161599E+01
9.140000000E+07 1.124201909E+03 2.103021360E+03 1.107655954E+03 1.456562775E+03 3.930713677E+01
9.160000000E+07 1.122077902E+03 2.099179397E+03 1.105722068E+03 1.453943198E+03 3.924286659E+01
9.180000000E+07 1.119962410E+03 2.095352528E+03 1.103795566E+03 1.451333799E+03 3.917880454E+01
9.200000000E+07 1.117855381E+03 2.091540665E+03 1.101876407E+03 1.448734517E+03 3.911494969E+01
9.220000000E+07 1.115756763E+03 2.087743715E+03 1.099964546E+03 1.446145292E+03 3.905130112E+01
9.240000000E+07 1.113666504E+03 2.083961590E+03 1.098059941E+03 1.443566063E+03 3.898785792E+01
9.260000000E+07 1.111609299E+03 2.080243664E+03 1.096189715E+03 1.441084938E+03 3.903965013E+01
9.280000000E+07 1.109535698E+03 2.076491105E+03 1.094299595E+03 1.438525855E+03 3.897707564E+01
9.300000000E+07 1.107470304E+03 2.072753103E+03 1.092416603E+03 1.435976588E+03 3.891469929E+01
9.320000000E+07 1.105413067E+03 2.069029570E+03 1.090540697E+03 1.433437078E+03 3.885252019E+01
9.340000000E+07 1.103363937E+03 2.065320422E+03 1.088671836E+03 1.430907269E+03 3.879053744E+01
9.360000000E+07 1.101322866E+03 2.061625573E+03 1.086809978E+03 1.428387104E+03 3.872875015E+01
9.380000000E+07 1.099289806E+03 2.057944938E+03 1.084955083E+03 1.425876525E+03 3.866715744E+01
9.400000000E+07 1.097264708E+03 2.054278432E+03 1.083107112E+03 1.423375477E+03 3.860575842E+01
9.420000000E+07 1.095247524E+03 2.050625972E+03 1.081266023E+03 1.420883903E+03 3.854455222E+01
9.440000000E+07 1.093238208E+03 2.046987476E+03 1.079431777E+03 1.418401749E+03 3.848353798E+01
9.460000000E+07 1.091236711E+03 2.043362861E+03 1.077604334E+03 1.415928959E+03 3.842271483E+01
9.480000000E+07 1.089242988E+03 2.039752046E+03 1.075783657E+03 1.413465480E+03 3.836208192E+01
9.500000000E+07 1.087256992E+03 2.036154950E+03 1.073969705E+03 1.411011256E+03 3.830163839E+01
9.520000000E+07 1.085278678E+03 2.032571493E+03 1.072162440E+03 1.408566235E+03 3.824138341E+01
9.540000000E+07 1.083307999E+03 2.029001595E+03 1.070361825E+03 1.406130363E+03 3.818131612E+01
9.560000000E+07 1.081344912E+03 2.025445178E+03 1.068567821E+03 1.403703588E+03 3.812143570E+01
9.580000000E+07 1.079389371E+03 2.021902161E+03 1.066780390E+03 1.401285857E+03 3.806174131E+01
9.600000000E+07 1.077441331E+03 2.018372470E+03 1.064999496E+03 1.398877118E+03 3.800223213E+01
9.620000000E+07 1.075500749E+03 2.014856026E+03 1.063225101E+03 1.396477320E+03 3.794290735E+01
9.640000000E+07 1.073567581E+03 2.011352752E+03 1.061457169E+03 1.394086411E+03 3.788376614E+01
9.660000000E+07 1.071641784E+03 2.007862573E+03 1.059695663E+03 1.391704341E+03 3.782480771E+01
9.680000000E+07 1.069723314E+03 2.004385414E+03 1.057940547E+03 1.389331060E+03 3.776603124E+01
9.700000000E+07 1.067812129E+03 2.000921199E+03 1.056191785E+03 1.386966517E+03 3.770743594E+01
9.720000000E+07 1.065908187E+03 1.997469855E+03 1.054449341E+03 1.384610663E+03 3.764902101E+01
9.740000000E+07 1.064011445E+03 1.994031308E+03 1.052713181E+03 1.382263448E+03 3.759078567E+01
9.760000000E+07 1.062121862E+03 1.990605485E+03 1.050983268E+03 1.379924824E+03 3.753272913E+01
9.780000000E+07 1.060239397E+03 1.987192314E+03 1.049259569E+03 1.377594743E+03 3.747485062E+01
9.800000000E+07 1.058364008E+03 1.983791723E+03 1.047542049E+03 1.375273156E+03 3.741714935E+01
9.820000000E+07 1.056495655E+03 1.980403639E+03 1.045830672E+03 1.372960015E+03 3.735962457E+01
9.840000000E+07 1.054634297E+03 1.977027993E+03 1.044125406E+03 1.370655274E+03 3.730227550E+01
9.860000000E+07 1.052779895E+03 1.973664715E+03 1.042426217E+03 1.368358885E+03 3.724510138E+01
9.880000000E+07 1.050932408E+03 1.970313735E+03 1.040733070E+03 1.366070802E+03 3.718810146E+01
9.900000000E+07 1.049091797E+03 1.966974982E+03 1.039045934E+03 1.363790978E+03 3.713127500E+01
9.920000000E+07 1.047258023E+03 1.963648390E+03 1.037364774E+03 1.361519367E+03 3.707462123E+01
9.940000000E+07 1.045431047E+03 1.960333890E+03 1.035689558E+03 1.359255924E+03 3.701813943E+01
9.960000000E+07 1.043610830E+03 1.957031413E+03 1.034020253E+03 1.357000604E+03 3.696182884E+01
9.980000000E+07 1.041797335E+03 1.953740894E+03 1.032356827E+03 1.354753361E+03 3.690568875E+01
1.000000000E+08 1.039990522E+03 1.950462264E+03 1.030699248E+03 1.352514151E+03 3.684971842E+01
