1.100000000E+05 4.365053299E+05 4.471016430E+05 6.159170842E+04 0.000000000E+00 0.000000000E+00
1.200000000E+05 5.062720522E+05 5.669953593E+05 9.923542091E+04 0.000000000E+00 0.000000000E+00
1.300000000E+05 5.755229262E+05 6.879881104E+05 1.386548267E+05 0.000000000E+00 0.000000000E+00
1.400000000E+05 6.157942540E+05 7.609019354E+05 1.620459881E+05 0.000000000E+00 0.000000000E+00
1.500000000E+05 6.505766118E+05 8.253899839E+05 1.834601541E+05 0.000000000E+00 0.000000000E+00
1.600000000E+05 6.680902470E+05 8.609056718E+05 1.951893626E+05 0.000000000E+00 0.000000000E+00
1.700000000E+05 6.808790245E+05 8.888699030E+05 2.049656155E+05 0.000000000E+00 0.000000000E+00
1.800000000E+05 6.848175142E+05 9.019883741E+05 2.099101895E+05 2.240172922E+03 0.000000000E+00
1.900000000E+05 6.819719418E+05 9.036924145E+05 2.111327211E+05 7.672923592E+03 0.000000000E+00
2.000000000E+05 6.818441340E+05 9.161302336E+05 2.178566822E+05 2.201605307E+04 0.000000000E+00
3.000000000E+05 5.898472695E+05 8.331507547E+05 2.119625221E+05 9.055285481E+04 0.000000000E+00
4.000000000E+05 4.553521247E+05 6.675381098E+05 1.800147388E+05 1.002998823E+05 0.000000000E+00
5.000000000E+05 3.489063272E+05 5.282348454E+05 1.517051021E+05 9.973637869E+04 0.000000000E+00
6.000000000E+05 2.715447992E+05 4.219107516E+05 1.282597032E+05 9.526949857E+04 0.000000000E+00
7.000000000E+05 2.158489194E+05 3.423879382E+05 1.092229296E+05 8.933008107E+04 0.000000000E+00
8.000000000E+05 1.750881244E+05 2.823828388E+05 9.375330517E+04 8.273066735E+04 0.000000000E+00
9.000000000E+05 1.446982329E+05 2.365605895E+05 8.121132507E+04 7.624315569E+04 0.000000000E+00
1.000000000E+06 1.215618375E+05 2.009859851E+05 7.097848831E+04 7.013485602E+04 0.000000000E+00
1.200000000E+06 8.939288731E+04 1.503960828E+05 5.556163835E+04 5.938517127E+04 0.000000000E+00
1.400000000E+06 6.873068833E+04 1.171144584E+05 4.478314749E+04 5.070489474E+04 0.000000000E+00
1.600000000E+06 5.472099868E+04 9.413770080E+04 3.699179096E+04 4.376085851E+04 0.000000000E+00
1.800000000E+06 4.479265022E+04 7.762286072E+04 3.118381437E+04 3.816530486E+04 0.000000000E+00
2.000000000E+06 3.750795026E+04 6.537005814E+04 2.674782402E+04 3.363645149E+04 0.000000000E+00
2.200000000E+06 3.199860783E+04 5.601849235E+04 2.327869022E+04 2.991732795E+04 0.000000000E+00
2.400000000E+06 2.773505689E+04 4.872910861E+04 2.052074988E+04 2.685438928E+04 0.000000000E+00
2.600000000E+06 2.435859672E+04 4.292017340E+04 1.828379973E+04 2.428298465E+04 0.000000000E+00
2.800000000E+06 2.164123628E+04 3.822198219E+04 1.644825337E+04 2.212101329E+04 0.000000000E+00
3.000000000E+06 1.941483756E+04 3.435554549E+04 1.491724132E+04 2.027085841E+04 0.000000000E+00
3.200000000E+06 1.756493795E+04 3.113076837E+04 1.362497093E+04 1.867317354E+04 0.000000000E+00
3.400000000E+06 1.601058351E+04 2.841279686E+04 1.252454353E+04 1.728808736E+04 0.000000000E+00
3.600000000E+06 1.469815636E+04 2.611361506E+04 1.158706261E+04 1.610457054E+04 1.031167538E+01
3.800000000E+06 1.356626190E+04 2.412482660E+04 1.076780199E+04 1.504341313E+04 1.041919467E+01
4.000000000E+06 1.259413893E+04 2.241510087E+04 1.005993825E+04 1.412892619E+04 2.986058648E+01
4.200000000E+06 1.174049751E+04 2.090999136E+04 9.431072059E+03 1.329588417E+04 3.023888709E+01
4.400000000E+06 1.099067581E+04 1.958608199E+04 8.874426907E+03 1.255103566E+04 3.062567166E+01
4.600000000E+06 1.032773845E+04 1.841418062E+04 8.378838883E+03 1.188182728E+04 3.100423360E+01
4.800000000E+06 9.743170673E+03 1.738086522E+04 7.940681687E+03 1.129495239E+04 4.493240324E+01
5.000000000E+06 9.216077132E+03 1.644740104E+04 7.541914445E+03 1.074846625E+04 4.543317829E+01
5.200000000E+06 8.742293800E+03 1.560772958E+04 7.181561661E+03 1.025123182E+04 4.588992207E+01
5.400000000E+06 8.317753617E+03 1.485557140E+04 6.858103241E+03 9.808378766E+03 5.572902300E+01
5.600000000E+06 7.929867730E+03 1.416738356E+04 6.560343725E+03 9.392919835E+03 5.621007487E+01
5.800000000E+06 7.576653629E+03 1.354043501E+04 6.288059176E+03 9.011005473E+03 5.662900916E+01
6.000000000E+06 7.253814860E+03 1.296719315E+04 6.038219025E+03 8.658884038E+03 5.698471727E+01
6.200000000E+06 6.957716086E+03 1.244127416E+04 5.808240952E+03 8.333326434E+03 5.727731394E+01
6.400000000E+06 6.687596396E+03 1.196187898E+04 5.598431444E+03 8.039516513E+03 6.425991067E+01
6.600000000E+06 6.436224336E+03 1.151522674E+04 5.401941925E+03 7.759388828E+03 6.452241319E+01
6.800000000E+06 6.203558722E+03 1.110174911E+04 5.219533749E+03 7.498439714E+03 6.472303347E+01
7.000000000E+06 5.987634140E+03 1.071797731E+04 5.049777789E+03 7.254822919E+03 6.486463141E+01
7.200000000E+06 5.786743469E+03 1.036089505E+04 4.891426020E+03 7.026911683E+03 6.495031907E+01
7.400000000E+06 5.601011197E+03 1.003108126E+04 4.745130281E+03 6.818816440E+03 6.981951298E+01
7.600000000E+06 5.425964266E+03 9.719919288E+03 4.606501601E+03 6.618383647E+03 6.986930309E+01
7.800000000E+06 5.262010131E+03 9.428470592E+03 4.476368728E+03 6.429805733E+03 6.986967697E+01
8.000000000E+06 5.108140205E+03 9.154947471E+03 4.353981510E+03 6.252080156E+03 6.982402636E+01
8.200000000E+06 4.963463136E+03 8.897769293E+03 4.238674900E+03 6.084315465E+03 6.973565778E+01
8.400000000E+06 4.827186979E+03 8.655530735E+03 4.129855651E+03 5.925710609E+03 6.960777777E+01
8.600000000E+06 4.699739224E+03 8.429236261E+03 4.028222009E+03 5.779462055E+03 7.295218946E+01
8.800000000E+06 4.578258945E+03 8.213323097E+03 3.930881091E+03 5.637218637E+03 7.280134007E+01
9.000000000E+06 4.463277197E+03 8.008969959E+03 3.838592513E+03 5.502173004E+03 7.261727146E+01
9.200000000E+06 4.354288155E+03 7.815277828E+03 3.750972852E+03 5.373798927E+03 7.240270308E+01
9.400000000E+06 4.250836123E+03 7.631436443E+03 3.667675633E+03 5.251618240E+03 7.216020118E+01
9.600000000E+06 4.152510204E+03 7.456715081E+03 3.588387777E+03 5.135198005E+03 7.189218321E+01
9.800000000E+06 4.058938516E+03 7.290452192E+03 3.512825175E+03 5.024143498E+03 7.160092250E+01
1.000000000E+07 3.970587802E+03 7.133650201E+03 3.441603062E+03 4.920887007E+03 7.386023427E+01
1.020000000E+07 3.885564535E+03 6.982600703E+03 3.372762662E+03 4.819591892E+03 7.356200435E+01
1.040000000E+07 3.804370567E+03 6.838363158E+03 3.306937051E+03 4.722664327E+03 7.324476099E+01
1.060000000E+07 3.726751485E+03 6.700484681E+03 3.243930190E+03 4.629828462E+03 7.291027830E+01
1.080000000E+07 3.652474885E+03 6.568551548E+03 3.183562706E+03 4.540831470E+03 7.256020934E+01
1.100000000E+07 3.581327702E+03 6.442184381E+03 3.125669772E+03 4.455439873E+03 7.219609318E+01
1.120000000E+07 3.513114602E+03 6.321035376E+03 3.070100053E+03 4.373439017E+03 7.181936160E+01
1.140000000E+07 3.447656173E+03 6.204785079E+03 3.016714351E+03 4.294631155E+03 7.143134556E+01
1.160000000E+07 3.385361302E+03 6.094284086E+03 2.966008971E+03 4.220835097E+03 7.293139948E+01
1.180000000E+07 3.324942339E+03 5.986997421E+03 2.916630291E+03 4.147925299E+03 7.254813494E+01
1.200000000E+07 3.266818365E+03 5.883790583E+03 2.869077362E+03 4.077693958E+03 7.215585851E+01
1.220000000E+07 3.210859266E+03 5.784431862E+03 2.823248579E+03 4.009995155E+03 7.175557553E+01
1.240000000E+07 3.156944580E+03 5.688706745E+03 2.779049757E+03 3.944693406E+03 7.134821792E+01
1.260000000E+07 3.104962644E+03 5.596416402E+03 2.736393484E+03 3.881662823E+03 7.093464921E+01
1.280000000E+07 3.054809763E+03 5.507376201E+03 2.695198488E+03 3.820786128E+03 7.051566923E+01
1.300000000E+07 3.006389473E+03 5.421414379E+03 2.655389052E+03 3.761953753E+03 7.009201852E+01
1.320000000E+07 2.959612008E+03 5.338371118E+03 2.616894645E+03 3.705063539E+03 6.966438244E+01
1.340000000E+07 2.914804547E+03 5.258917004E+03 2.580097091E+03 3.651457110E+03 7.063939353E+01
1.360000000E+07 2.871076079E+03 5.181291543E+03 2.544049392E+03 3.598203006E+03 7.022274079E+01
1.380000000E+07 2.828754970E+03 5.106165317E+03 2.509131087E+03 3.546619901E+03 6.980309916E+01
1.400000000E+07 2.787772999E+03 5.033416904E+03 2.475288342E+03 3.496629324E+03 6.938098084E+01
1.420000000E+07 2.748066296E+03 4.962932634E+03 2.442470707E+03 3.448157642E+03 6.895686022E+01
1.440000000E+07 2.709575002E+03 4.894605986E+03 2.410630853E+03 3.401135688E+03 6.853117666E+01
1.460000000E+07 2.672242957E+03 4.828337034E+03 2.379724340E+03 3.355498435E+03 6.810433701E+01
1.480000000E+07 2.636017424E+03 4.764031951E+03 2.349709397E+03 3.311184689E+03 6.767671807E+01
1.500000000E+07 2.600848828E+03 4.701602546E+03 2.320546725E+03 3.268136813E+03 6.724866875E+01
1.520000000E+07 2.566690527E+03 4.640965855E+03 2.292199316E+03 3.226300467E+03 6.682051220E+01
1.540000000E+07 2.533498595E+03 4.582043752E+03 2.264632292E+03 3.185624384E+03 6.639254770E+01
1.560000000E+07 2.501531251E+03 4.525360500E+03 2.238139642E+03 3.147111648E+03 6.702136255E+01
1.580000000E+07 2.470156280E+03 4.469663067E+03 2.212043286E+03 3.108635749E+03 6.660915792E+01
1.600000000E+07 2.439629901E+03 4.415470705E+03 2.186633522E+03 3.071181157E+03 6.619735073E+01
1.620000000E+07 2.409917287E+03 4.362721500E+03 2.161882612E+03 3.034706963E+03 6.578621955E+01
1.640000000E+07 2.380985500E+03 4.311356906E+03 2.137764308E+03 2.999174421E+03 6.537601548E+01
1.660000000E+07 2.352803368E+03 4.261321528E+03 2.114253749E+03 2.964546805E+03 6.496696506E+01
1.680000000E+07 2.325341372E+03 4.212562905E+03 2.091327377E+03 2.930789278E+03 6.455927285E+01
1.700000000E+07 2.298571531E+03 4.165031323E+03 2.068962846E+03 2.897868777E+03 6.415312365E+01
1.720000000E+07 2.272467308E+03 4.118679637E+03 2.047138950E+03 2.865753899E+03 6.374868449E+01
1.740000000E+07 2.247003517E+03 4.073463107E+03 2.025835550E+03 2.834414799E+03 6.334610639E+01
1.760000000E+07 2.222156236E+03 4.029339244E+03 2.005033506E+03 2.803823092E+03 6.294552584E+01
1.780000000E+07 2.197902732E+03 3.986267674E+03 1.984714616E+03 2.773951768E+03 6.254706624E+01
1.800000000E+07 2.174437409E+03 3.944641191E+03 1.965097462E+03 2.745534953E+03 6.293835885E+01
1.820000000E+07 2.151311624E+03 3.903568870E+03 1.945698165E+03 2.717042930E+03 6.255453219E+01
1.840000000E+07 2.128717589E+03 3.863438660E+03 1.926732237E+03 2.689196870E+03 6.217276203E+01
1.860000000E+07 2.106636645E+03 3.824217440E+03 1.908184705E+03 2.661974513E+03 6.179315726E+01
1.880000000E+07 2.085051008E+03 3.785873645E+03 1.890041291E+03 2.635354616E+03 6.141581441E+01
1.900000000E+07 2.063943712E+03 3.748377168E+03 1.872288367E+03 2.609316897E+03 6.104081901E+01
1.920000000E+07 2.043298567E+03 3.711699279E+03 1.854912921E+03 2.583841980E+03 6.066824663E+01
1.940000000E+07 2.023100111E+03 3.675812549E+03 1.837902521E+03 2.558911345E+03 6.029816394E+01
1.960000000E+07 2.003333576E+03 3.640690774E+03 1.821245283E+03 2.534507282E+03 5.993062951E+01
1.980000000E+07 1.983984841E+03 3.606308911E+03 1.804929843E+03 2.510612847E+03 5.956569468E+01
2.000000000E+07 1.965040404E+03 3.572643009E+03 1.788945326E+03 2.487211823E+03 5.920340417E+01
2.020000000E+07 1.946487344E+03 3.539670155E+03 1.773281323E+03 2.464288675E+03 5.884379677E+01
2.040000000E+07 1.928313292E+03 3.507368414E+03 1.757927861E+03 2.441828523E+03 5.848690585E+01
2.060000000E+07 1.910506399E+03 3.475716781E+03 1.742875387E+03 2.419817101E+03 5.813275987E+01
2.080000000E+07 1.893055315E+03 3.444695129E+03 1.728114740E+03 2.398240729E+03 5.778138282E+01
2.100000000E+07 1.876108469E+03 3.414602248E+03 1.713811291E+03 2.377648080E+03 5.802951842E+01
2.120000000E+07 1.859339250E+03 3.384788389E+03 1.699611019E+03 2.356911878E+03 5.769048789E+01
2.140000000E+07 1.842894369E+03 3.355548701E+03 1.685677122E+03 2.336572448E+03 5.735405681E+01
2.160000000E+07 1.826764211E+03 3.326866146E+03 1.672001829E+03 2.316618178E+03 5.702024528E+01
2.180000000E+07 1.810939545E+03 3.298724367E+03 1.658577677E+03 2.297037906E+03 5.668906933E+01
2.200000000E+07 1.795411502E+03 3.271107649E+03 1.645397490E+03 2.277820906E+03 5.636054137E+01
2.220000000E+07 1.780171556E+03 3.244000889E+03 1.632454368E+03 2.258956859E+03 5.603467048E+01
2.240000000E+07 1.765211512E+03 3.217389568E+03 1.619741676E+03 2.240435838E+03 5.571146281E+01
2.260000000E+07 1.750523484E+03 3.191259719E+03 1.607253026E+03 2.222248291E+03 5.539092179E+01
2.280000000E+07 1.736099887E+03 3.165597906E+03 1.594982273E+03 2.204385020E+03 5.507304841E+01
2.300000000E+07 1.721933416E+03 3.140391194E+03 1.582923495E+03 2.186837166E+03 5.475784148E+01
2.320000000E+07 1.708017038E+03 3.115627130E+03 1.571070988E+03 2.169596193E+03 5.444529780E+01
2.340000000E+07 1.694343979E+03 3.091293717E+03 1.559419257E+03 2.152653876E+03 5.413541235E+01
2.360000000E+07 1.680907710E+03 3.067379394E+03 1.547963002E+03 2.136002283E+03 5.382817849E+01
2.380000000E+07 1.667701936E+03 3.043873020E+03 1.536697113E+03 2.119633765E+03 5.352358809E+01
2.400000000E+07 1.654720587E+03 3.020763848E+03 1.525616661E+03 2.103540940E+03 5.322163166E+01
2.420000000E+07 1.641957808E+03 2.998041513E+03 1.514716887E+03 2.087716685E+03 5.292229850E+01
2.440000000E+07 1.629524992E+03 2.975929754E+03 1.504121251E+03 2.072567692E+03 5.307674225E+01
2.460000000E+07 1.617184155E+03 2.953954557E+03 1.493570937E+03 2.057265824E+03 5.278723839E+01
2.480000000E+07 1.605045444E+03 2.932337080E+03 1.483187909E+03 2.042212343E+03 5.250018576E+01
2.500000000E+07 1.593103773E+03 2.911068318E+03 1.472968030E+03 2.027401050E+03 5.221557387E+01
2.520000000E+07 1.581354226E+03 2.890139576E+03 1.462907298E+03 2.012825956E+03 5.193339118E+01
2.540000000E+07 1.569792053E+03 2.869542449E+03 1.453001844E+03 1.998481270E+03 5.165362515E+01
2.560000000E+07 1.558412662E+03 2.849268811E+03 1.443247929E+03 1.984361390E+03 5.137626238E+01
2.580000000E+07 1.547211612E+03 2.829310805E+03 1.433641933E+03 1.970460898E+03 5.110128868E+01
2.600000000E+07 1.536184605E+03 2.809660831E+03 1.424180353E+03 1.956774552E+03 5.082868917E+01
2.620000000E+07 1.525327486E+03 2.790311536E+03 1.414859799E+03 1.943297275E+03 5.055844837E+01
2.640000000E+07 1.514636230E+03 2.771255802E+03 1.405676990E+03 1.930024156E+03 5.029055022E+01
2.660000000E+07 1.504106942E+03 2.752486739E+03 1.396628745E+03 1.916950435E+03 5.002497821E+01
2.680000000E+07 1.493735849E+03 2.733997674E+03 1.387711987E+03 1.904071504E+03 4.976171536E+01
2.700000000E+07 1.483519297E+03 2.715782145E+03 1.378923730E+03 1.891382894E+03 4.950074436E+01
2.720000000E+07 1.473453745E+03 2.697833890E+03 1.370261081E+03 1.878880279E+03 4.924204753E+01
2.740000000E+07 1.463535761E+03 2.680146840E+03 1.361721238E+03 1.866559460E+03 4.898560692E+01
2.760000000E+07 1.453762018E+03 2.662715112E+03 1.353301479E+03 1.854416370E+03 4.873140435E+01
2.780000000E+07 1.444129290E+03 2.645533002E+03 1.344999167E+03 1.842447059E+03 4.847942139E+01
2.800000000E+07 1.434634448E+03 2.628594977E+03 1.336811743E+03 1.830647700E+03 4.822963947E+01
2.820000000E+07 1.425359870E+03 2.612066272E+03 1.328830229E+03 1.819316855E+03 4.832132389E+01
2.840000000E+07 1.416132804E+03 2.595602518E+03 1.320866328E+03 1.807850043E+03 4.807912406E+01
2.860000000E+07 1.407034743E+03 2.579367140E+03 1.313010036E+03 1.796542219E+03 4.783898548E+01
2.880000000E+07 1.398062914E+03 2.563355232E+03 1.305259078E+03 1.785389985E+03 4.760089071E+01
2.900000000E+07 1.389214620E+03 2.547562030E+03 1.297611247E+03 1.774390036E+03 4.736482218E+01
2.920000000E+07 1.380487243E+03 2.531982905E+03 1.290064398E+03 1.763539168E+03 4.713076220E+01
2.940000000E+07 1.371878242E+03 2.516613364E+03 1.282616445E+03 1.752834261E+03 4.689869300E+01
2.960000000E+07 1.363385144E+03 2.501449039E+03 1.275265362E+03 1.742272287E+03 4.666859672E+01
2.980000000E+07 1.355005549E+03 2.486485684E+03 1.268009179E+03 1.731850303E+03 4.644045550E+01
3.000000000E+07 1.346737121E+03 2.471719173E+03 1.260845979E+03 1.721565444E+03 4.621425141E+01
3.020000000E+07 1.338577592E+03 2.457145495E+03 1.253773901E+03 1.711414928E+03 4.598996656E+01
3.040000000E+07 1.330524753E+03 2.442760748E+03 1.246791130E+03 1.701396046E+03 4.576758304E+01
3.060000000E+07 1.322576457E+03 2.428561138E+03 1.239895904E+03 1.691506165E+03 4.554708299E+01
3.080000000E+07 1.314730617E+03 2.414542973E+03 1.233086506E+03 1.681742720E+03 4.532844857E+01
3.100000000E+07 1.306985198E+03 2.400702661E+03 1.226361265E+03 1.672103218E+03 4.511166201E+01
3.120000000E+07 1.299338223E+03 2.387036705E+03 1.219718555E+03 1.662585230E+03 4.489670561E+01
3.140000000E+07 1.291787766E+03 2.373541702E+03 1.213156792E+03 1.653186392E+03 4.468356171E+01
3.160000000E+07 1.284331952E+03 2.360214339E+03 1.206674433E+03 1.643904402E+03 4.447221277E+01
3.180000000E+07 1.276968954E+03 2.347051389E+03 1.200269975E+03 1.634737017E+03 4.426264130E+01
3.200000000E+07 1.269696995E+03 2.334049709E+03 1.193941955E+03 1.625682054E+03 4.405482995E+01
3.220000000E+07 1.262514342E+03 2.321206238E+03 1.187688946E+03 1.616737383E+03 4.384876143E+01
3.240000000E+07 1.255419306E+03 2.308517992E+03 1.181509557E+03 1.607900932E+03 4.364441859E+01
3.260000000E+07 1.248410243E+03 2.295982065E+03 1.175402433E+03 1.599170678E+03 4.344178439E+01
3.280000000E+07 1.241548661E+03 2.283721704E+03 1.169435390E+03 1.590768358E+03 4.349841872E+01
3.300000000E+07 1.234707419E+03 2.271483278E+03 1.163469577E+03 1.582246969E+03 4.330137363E+01
3.320000000E+07 1.227947437E+03 2.259388840E+03 1.157572139E+03 1.573825937E+03 4.310593591E+01
3.340000000E+07 1.221267229E+03 2.247435762E+03 1.151741847E+03 1.565503435E+03 4.291208957E+01
3.360000000E+07 1.214665346E+03 2.235621483E+03 1.145977508E+03 1.557277681E+03 4.271981873E+01
3.380000000E+07 1.208140373E+03 2.223943505E+03 1.140277952E+03 1.549146936E+03 4.252910761E+01
3.400000000E+07 1.201690930E+03 2.212399389E+03 1.134642041E+03 1.541109503E+03 4.233994061E+01
3.420000000E+07 1.195315672E+03 2.200986758E+03 1.129068664E+03 1.533163728E+03 4.215230221E+01
3.440000000E+07 1.189013284E+03 2.189703288E+03 1.123556734E+03 1.525307992E+03 4.196617707E+01
3.460000000E+07 1.182782483E+03 2.178546714E+03 1.118105191E+03 1.517540720E+03 4.178154995E+01
3.480000000E+07 1.176622019E+03 2.167514824E+03 1.112713001E+03 1.509860372E+03 4.159840578E+01
3.500000000E+07 1.170530667E+03 2.156605457E+03 1.107379152E+03 1.502265442E+03 4.141672961E+01
3.520000000E+07 1.164507235E+03 2.145816505E+03 1.102102657E+03 1.494754462E+03 4.123650664E+01
3.540000000E+07 1.158550557E+03 2.135145906E+03 1.096882551E+03 1.487325998E+03 4.105772222E+01
3.560000000E+07 1.152659492E+03 2.124591648E+03 1.091717892E+03 1.479978647E+03 4.088036184E+01
3.580000000E+07 1.146832929E+03 2.114151765E+03 1.086607758E+03 1.472711041E+03 4.070441114E+01
3.600000000E+07 1.141069780E+03 2.103824336E+03 1.081551248E+03 1.465521842E+03 4.052985589E+01
3.620000000E+07 1.135368982E+03 2.093607482E+03 1.076547484E+03 1.458409740E+03 4.035668202E+01
3.640000000E+07 1.129729497E+03 2.083499369E+03 1.071595602E+03 1.451373459E+03 4.018487561E+01
3.660000000E+07 1.124150310E+03 2.073498202E+03 1.066694764E+03 1.444411747E+03 4.001442286E+01
3.680000000E+07 1.118630428E+03 2.063602229E+03 1.061844145E+03 1.437523384E+03 3.984531015E+01
3.700000000E+07 1.113168881E+03 2.053809732E+03 1.057042940E+03 1.430707174E+03 3.967752397E+01
3.720000000E+07 1.107764719E+03 2.044119037E+03 1.052290363E+03 1.423961948E+03 3.951105098E+01
3.740000000E+07 1.102417014E+03 2.034528502E+03 1.047585643E+03 1.417286564E+03 3.934587796E+01
3.760000000E+07 1.097124859E+03 2.025036522E+03 1.042928026E+03 1.410679904E+03 3.918199185E+01
3.780000000E+07 1.091887364E+03 2.015641528E+03 1.038316775E+03 1.404140872E+03 3.901937972E+01
3.800000000E+07 1.086703661E+03 2.006341985E+03 1.033751168E+03 1.397668400E+03 3.885802879E+01
3.820000000E+07 1.081619690E+03 1.997229880E+03 1.029281788E+03 1.391427528E+03 3.889402476E+01
3.840000000E+07 1.076541445E+03 1.988117575E+03 1.024805814E+03 1.385086521E+03 3.873667906E+01
3.860000000E+07 1.071514482E+03 1.979096283E+03 1.020373396E+03 1.378808954E+03 3.858052587E+01
3.880000000E+07 1.066538004E+03 1.970164594E+03 1.015983870E+03 1.372593846E+03 3.842555311E+01
3.900000000E+07 1.061611230E+03 1.961321129E+03 1.011636588E+03 1.366440234E+03 3.827174888E+01
3.920000000E+07 1.056733396E+03 1.952564537E+03 1.007330914E+03 1.360347177E+03 3.811910138E+01
3.940000000E+07 1.051903753E+03 1.943893494E+03 1.003066223E+03 1.354313751E+03 3.796759898E+01
3.960000000E+07 1.047121569E+03 1.935306704E+03 9.988419076E+02 1.348339054E+03 3.781723016E+01
3.980000000E+07 1.042386124E+03 1.926802899E+03 9.946573679E+02 1.342422200E+03 3.766798356E+01
4.000000000E+07 1.037696716E+03 1.918380836E+03 9.905120191E+02 1.336562323E+03 3.751984796E+01
4.020000000E+07 1.033052656E+03 1.910039296E+03 9.864052867E+02 1.330758573E+03 3.737281224E+01
4.040000000E+07 1.028453268E+03 1.901777085E+03 9.823366081E+02 1.325010118E+03 3.722686545E+01
4.060000000E+07 1.023897890E+03 1.893593035E+03 9.783054321E+02 1.319316144E+03 3.708199674E+01
4.080000000E+07 1.019385876E+03 1.885486000E+03 9.743112179E+02 1.313675849E+03 3.693819542E+01
4.100000000E+07 1.014916587E+03 1.877454855E+03 9.703534355E+02 1.308088452E+03 3.679545091E+01
4.120000000E+07 1.010489404E+03 1.869498500E+03 9.664315656E+02 1.302553185E+03 3.665375276E+01
4.140000000E+07 1.006103713E+03 1.861615855E+03 9.625450983E+02 1.297069293E+03 3.651309064E+01
4.160000000E+07 1.001758917E+03 1.853805863E+03 9.586935343E+02 1.291636041E+03 3.637345436E+01
4.180000000E+07 9.974544292E+02 1.846067484E+03 9.548763830E+02 1.286252703E+03 3.623483382E+01
4.200000000E+07 9.931896730E+02 1.838399702E+03 9.510931639E+02 1.280918570E+03 3.609721909E+01
4.220000000E+07 9.889640845E+02 1.830801518E+03 9.473434057E+02 1.275632946E+03 3.596060030E+01
4.240000000E+07 9.847771098E+02 1.823271954E+03 9.436266454E+02 1.270395148E+03 3.582496775E+01
4.260000000E+07 9.806282059E+02 1.815810048E+03 9.399424293E+02 1.265204507E+03 3.569031183E+01
4.280000000E+07 9.765168397E+02 1.808414859E+03 9.362903118E+02 1.260060365E+03 3.555662304E+01
4.300000000E+07 9.724424887E+02 1.801085463E+03 9.326698556E+02 1.254962078E+03 3.542389200E+01
4.320000000E+07 9.684046399E+02 1.793820952E+03 9.290806321E+02 1.249909013E+03 3.529210945E+01
4.340000000E+07 9.644027897E+02 1.786620437E+03 9.255222198E+02 1.244900549E+03 3.516126621E+01
4.360000000E+07 9.604364446E+02 1.779483043E+03 9.219942054E+02 1.239936077E+03 3.503135325E+01
4.380000000E+07 9.565051195E+02 1.772407914E+03 9.184961831E+02 1.235015000E+03 3.490236161E+01
4.400000000E+07 9.526083383E+02 1.765394208E+03 9.150277541E+02 1.230136729E+03 3.477428246E+01
4.420000000E+07 9.487456345E+02 1.758441099E+03 9.115885277E+02 1.225300689E+03 3.464710705E+01
4.440000000E+07 9.449511521E+02 1.751616923E+03 9.082160666E+02 1.220629284E+03 3.466975957E+01
4.460000000E+07 9.411554949E+02 1.744783109E+03 9.048343860E+02 1.215876955E+03 3.454541447E+01
4.480000000E+07 9.373925573E+02 1.738007489E+03 9.014807686E+02 1.211165167E+03 3.442192828E+01
4.500000000E+07 9.336619049E+02 1.731289295E+03 8.981548500E+02 1.206493385E+03 3.429929268E+01
4.520000000E+07 9.299631116E+02 1.724627773E+03 8.948562729E+02 1.201861083E+03 3.417749950E+01
4.540000000E+07 9.262957583E+02 1.718022182E+03 8.915846858E+02 1.197267743E+03 3.405654063E+01
4.560000000E+07 9.226594338E+02 1.711471795E+03 8.883397436E+02 1.192712858E+03 3.393640809E+01
4.580000000E+07 9.190537342E+02 1.704975896E+03 8.851211073E+02 1.188195930E+03 3.381709399E+01
4.600000000E+07 9.154782623E+02 1.698533783E+03 8.819284433E+02 1.183716468E+03 3.369859054E+01
4.620000000E+07 9.119326282E+02 1.692144767E+03 8.787614245E+02 1.179273992E+03 3.358089003E+01
4.640000000E+07 9.084164485E+02 1.685808169E+03 8.756197285E+02 1.174868028E+03 3.346398488E+01
4.660000000E+07 9.049293466E+02 1.679523322E+03 8.725030392E+02 1.170498111E+03 3.334786757E+01
4.680000000E+07 9.014709524E+02 1.673289572E+03 8.694110451E+02 1.166163785E+03 3.323253068E+01
4.700000000E+07 8.980409025E+02 1.667106276E+03 8.663434412E+02 1.161864601E+03 3.311796690E+01
4.720000000E+07 8.946388392E+02 1.660972800E+03 8.632999265E+02 1.157600118E+03 3.300416899E+01
4.740000000E+07 8.912644108E+02 1.654888522E+03 8.602802052E+02 1.153369902E+03 3.289112981E+01
4.760000000E+07 8.879172724E+02 1.648852833E+03 8.572839873E+02 1.149173526E+03 3.277884229E+01
4.780000000E+07 8.845970840E+02 1.642865129E+03 8.543109864E+02 1.145010572E+03 3.266729947E+01
4.800000000E+07 8.813035117E+02 1.636924821E+03 8.513609217E+02 1.140880626E+03 3.255649444E+01
4.820000000E+07 8.780362274E+02 1.631031327E+03 8.484335169E+02 1.136783285E+03 3.244642042E+01
4.840000000E+07 8.747949081E+02 1.625184076E+03 8.455285000E+02 1.132718149E+03 3.233707067E+01
4.860000000E+07 8.715792363E+02 1.619382506E+03 8.426456036E+02 1.128684827E+03 3.222843855E+01
4.880000000E+07 8.683888998E+02 1.613626064E+03 8.397845646E+02 1.124682932E+03 3.212051750E+01
4.900000000E+07 8.652235915E+02 1.607914206E+03 8.369451241E+02 1.120712087E+03 3.201330102E+01
4.920000000E+07 8.620830093E+02 1.602246398E+03 8.341270277E+02 1.116771917E+03 3.190678272E+01
4.940000000E+07 8.589668561E+02 1.596622114E+03 8.313300245E+02 1.112862056E+03 3.180095624E+01
4.960000000E+07 8.558748394E+02 1.591040835E+03 8.285538682E+02 1.108982143E+03 3.169581534E+01
4.980000000E+07 8.528066718E+02 1.585502053E+03 8.257983162E+02 1.105131823E+03 3.159135382E+01
5.000000000E+07 8.497620699E+02 1.580005266E+03 8.230631293E+02 1.101310747E+03 3.148756558E+01
5.020000000E+07 8.467407557E+02 1.574549983E+03 8.203480729E+02 1.097518570E+03 3.138444456E+01
5.040000000E+07 8.437424552E+02 1.569135716E+03 8.176529157E+02 1.093754955E+03 3.128198480E+01
5.060000000E+07 8.407668983E+02 1.563761989E+03 8.149774296E+02 1.090019568E+03 3.118018038E+01
5.080000000E+07 8.378138200E+02 1.558428332E+03 8.123213908E+02 1.086312082E+03 3.107902547E+01
5.100000000E+07 8.348829589E+02 1.553134282E+03 8.096845783E+02 1.082632173E+03 3.097851429E+01
5.120000000E+07 8.319740579E+02 1.547879384E+03 8.070667752E+02 1.078979525E+03 3.087864116E+01
5.140000000E+07 8.291122951E+02 1.542714014E+03 8.044956667E+02 1.075444283E+03 3.089178055E+01
5.160000000E+07 8.262467277E+02 1.537536419E+03 8.019154293E+02 1.071845829E+03 3.079389585E+01
5.180000000E+07 8.234023706E+02 1.532396646E+03 7.993535665E+02 1.068273704E+03 3.069662619E+01
5.200000000E+07 8.205789809E+02 1.527294267E+03 7.968098726E+02 1.064727606E+03 3.059996048E+01
5.220000000E+07 8.177763212E+02 1.522228858E+03 7.942841467E+02 1.061207240E+03 3.050389332E+01
5.240000000E+07 8.149941572E+02 1.517200007E+03 7.917761905E+02 1.057712317E+03 3.040841939E+01
5.260000000E+07 8.122322581E+02 1.512207304E+03 7.892858087E+02 1.054242553E+03 3.031353342E+01
5.280000000E+07 8.094903970E+02 1.507250346E+03 7.868128091E+02 1.050797668E+03 3.021923022E+01
5.300000000E+07 8.067683504E+02 1.502328738E+03 7.843570024E+02 1.047377383E+03 3.012550466E+01
5.320000000E+07 8.040658977E+02 1.497442089E+03 7.819182017E+02 1.043981429E+03 3.003235165E+01
5.340000000E+07 8.013828222E+02 1.492590015E+03 7.794962236E+02 1.040609536E+03 2.993976619E+01
5.360000000E+07 7.987189100E+02 1.487772137E+03 7.770908865E+02 1.037261440E+03 2.984774332E+01
5.380000000E+07 7.960739507E+02 1.482988081E+03 7.747020122E+02 1.033936882E+03 2.975627813E+01
5.400000000E+07 7.934477368E+02 1.478237481E+03 7.723294249E+02 1.030635604E+03 2.966536581E+01
5.420000000E+07 7.908400642E+02 1.473519974E+03 7.699729512E+02 1.027357356E+03 2.957500155E+01
5.440000000E+07 7.882507313E+02 1.468835203E+03 7.676324203E+02 1.024101887E+03 2.948518064E+01
5.460000000E+07 7.856795398E+02 1.464182816E+03 7.653076637E+02 1.020868953E+03 2.939589841E+01
5.480000000E+07 7.831262941E+02 1.459562468E+03 7.629985157E+02 1.017658312E+03 2.930715024E+01
5.500000000E+07 7.805908019E+02 1.454973816E+03 7.607048127E+02 1.014469727E+03 2.921893157E+01
5.520000000E+07 7.780728729E+02 1.450416523E+03 7.584263935E+02 1.011302961E+03 2.913123788E+01
5.540000000E+07 7.755723206E+02 1.445890260E+03 7.561630993E+02 1.008157786E+03 2.904406472E+01
5.560000000E+07 7.730889599E+02 1.441394697E+03 7.539147731E+02 1.005033971E+03 2.895740768E+01
5.580000000E+07 7.706226095E+02 1.436929513E+03 7.516812609E+02 1.001931294E+03 2.887126240E+01
5.600000000E+07 7.681730901E+02 1.432494390E+03 7.494624101E+02 9.988495313E+02 2.878562457E+01
5.620000000E+07 7.657402251E+02 1.428089016E+03 7.472580707E+02 9.957884660E+02 2.870048994E+01
5.640000000E+07 7.633238404E+02 1.423713080E+03 7.450680946E+02 9.927478827E+02 2.861585430E+01
5.660000000E+07 7.609237642E+02 1.419366280E+03 7.428923358E+02 9.897275691E+02 2.853171347E+01
5.680000000E+07 7.585398273E+02 1.415048313E+03 7.407306501E+02 9.867273159E+02 2.844806334E+01
5.700000000E+07 7.561718631E+02 1.410758886E+03 7.385828961E+02 9.837469172E+02 2.836489984E+01
5.720000000E+07 7.538197067E+02 1.406497705E+03 7.364489331E+02 9.807861692E+02 2.828221895E+01
5.740000000E+07 7.514831961E+02 1.402264484E+03 7.343286233E+02 9.778448716E+02 2.820001667E+01
5.760000000E+07 7.491621713E+02 1.398058937E+03 7.322218306E+02 9.749228266E+02 2.811828908E+01
5.780000000E+07 7.468564743E+02 1.393880786E+03 7.301284204E+02 9.720198390E+02 2.803703226E+01
5.800000000E+07 7.445659494E+02 1.389729753E+03 7.280482600E+02 9.691357164E+02 2.795624238E+01
5.820000000E+07 7.422904435E+02 1.385605567E+03 7.259812188E+02 9.662702692E+02 2.787591562E+01
5.840000000E+07 7.400298049E+02 1.381507959E+03 7.239271678E+02 9.634233101E+02 2.779604820E+01
5.860000000E+07 7.377838846E+02 1.377436665E+03 7.218859797E+02 9.605946547E+02 2.771663641E+01
5.880000000E+07 7.355525348E+02 1.373391422E+03 7.198575287E+02 9.577841205E+02 2.763767654E+01
5.900000000E+07 7.333356105E+02 1.369371973E+03 7.178416911E+02 9.549915281E+02 2.755916495E+01
5.920000000E+07 7.311329684E+02 1.365378063E+03 7.158383444E+02 9.522167002E+02 2.748109802E+01
5.940000000E+07 7.289444670E+02 1.361409442E+03 7.138473683E+02 9.494594620E+02 2.740347219E+01
5.960000000E+07 7.267699665E+02 1.357465861E+03 7.118686432E+02 9.467196406E+02 2.732628391E+01
5.980000000E+07 7.246281857E+02 1.353584765E+03 7.099227458E+02 9.440641975E+02 2.733501005E+01
6.000000000E+07 7.224813837E+02 1.349690750E+03 7.079682907E+02 9.413590877E+02 2.725918793E+01
6.020000000E+07 7.203481739E+02 1.345821050E+03 7.060257372E+02 9.386708859E+02 2.718378796E+01
6.040000000E+07 7.182284234E+02 1.341975429E+03 7.040949718E+02 9.359994265E+02 2.710880439E+01
6.060000000E+07 7.161220015E+02 1.338153653E+03 7.021758830E+02 9.333445482E+02 2.703423385E+01
6.080000000E+07 7.140287795E+02 1.334355496E+03 7.002683605E+02 9.307060913E+02 2.696007302E+01
6.100000000E+07 7.119486303E+02 1.330580731E+03 6.983722959E+02 9.280838990E+02 2.688631861E+01
6.120000000E+07 7.098814283E+02 1.326829135E+03 6.964875818E+02 9.254778158E+02 2.681296737E+01
6.140000000E+07 7.078270495E+02 1.323100487E+03 6.946141119E+02 9.228876883E+02 2.674001607E+01
6.160000000E+07 7.057853719E+02 1.319394572E+03 6.927517822E+02 9.203133655E+02 2.666746154E+01
6.180000000E+07 7.037562747E+02 1.315711175E+03 6.909004891E+02 9.177546980E+02 2.659530063E+01
6.200000000E+07 7.017396386E+02 1.312050084E+03 6.890601307E+02 9.152115384E+02 2.652353023E+01
6.220000000E+07 6.997353461E+02 1.308411089E+03 6.872306064E+02 9.126837412E+02 2.645214725E+01
6.240000000E+07 6.977432811E+02 1.304793986E+03 6.854118166E+02 9.101711626E+02 2.638114866E+01
6.260000000E+07 6.957633287E+02 1.301198569E+03 6.836036631E+02 9.076736608E+02 2.631053145E+01
6.280000000E+07 6.937953760E+02 1.297624639E+03 6.818060492E+02 9.051910959E+02 2.624029262E+01
6.300000000E+07 6.918393112E+02 1.294071996E+03 6.800188791E+02 9.027233295E+02 2.617042925E+01
6.320000000E+07 6.898950236E+02 1.290540444E+03 6.782420580E+02 9.002702249E+02 2.610093841E+01
6.340000000E+07 6.879624046E+02 1.287029790E+03 6.764754927E+02 8.978316475E+02 2.603181721E+01
6.360000000E+07 6.860413464E+02 1.283539843E+03 6.747190908E+02 8.954074640E+02 2.596306281E+01
6.380000000E+07 6.841317427E+02 1.280070413E+03 6.729727614E+02 8.929975429E+02 2.589467237E+01
6.400000000E+07 6.822334887E+02 1.276621314E+03 6.712364144E+02 8.906017543E+02 2.582664312E+01
6.420000000E+07 6.803464806E+02 1.273192362E+03 6.695099608E+02 8.882199701E+02 2.575897228E+01
6.440000000E+07 6.784706159E+02 1.269783374E+03 6.677933128E+02 8.858520632E+02 2.569165711E+01
6.460000000E+07 6.766057937E+02 1.266394172E+03 6.660863836E+02 8.834979089E+02 2.562469492E+01
6.480000000E+07 6.747519141E+02 1.263024578E+03 6.643890876E+02 8.811573834E+02 2.555808301E+01
6.500000000E+07 6.729088782E+02 1.259674415E+03 6.627013398E+02 8.788303645E+02 2.549181875E+01
6.520000000E+07 6.710765888E+02 1.256343512E+03 6.610230569E+02 8.765167317E+02 2.542589951E+01
6.540000000E+07 6.692549494E+02 1.253031696E+03 6.593541558E+02 8.742163657E+02 2.536032269E+01
6.560000000E+07 6.674438649E+02 1.249738799E+03 6.576945551E+02 8.719291489E+02 2.529508572E+01
6.580000000E+07 6.656432416E+02 1.246464653E+03 6.560441740E+02 8.696549650E+02 2.523018606E+01
6.600000000E+07 6.638529865E+02 1.243209094E+03 6.544029328E+02 8.673936991E+02 2.516562120E+01
6.620000000E+07 6.620730077E+02 1.239971958E+03 6.527707523E+02 8.651452375E+02 2.510138863E+01
6.640000000E+07 6.603032148E+02 1.236753085E+03 6.511475549E+02 8.629094681E+02 2.503748589E+01
6.660000000E+07 6.585435182E+02 1.233552314E+03 6.495332636E+02 8.606862802E+02 2.497391054E+01
6.680000000E+07 6.567938293E+02 1.230369489E+03 6.479278021E+02 8.584755639E+02 2.491066016E+01
6.700000000E+07 6.550540607E+02 1.227204454E+03 6.463310953E+02 8.562772113E+02 2.484773236E+01
6.720000000E+07 6.533241261E+02 1.224057055E+03 6.447430688E+02 8.540911152E+02 2.478512476E+01
6.740000000E+07 6.516039400E+02 1.220927141E+03 6.431636492E+02 8.519171700E+02 2.472283503E+01
6.760000000E+07 6.498934180E+02 1.217814561E+03 6.415927637E+02 8.497552712E+02 2.466086083E+01
6.780000000E+07 6.481924769E+02 1.214719167E+03 6.400303408E+02 8.476053155E+02 2.459919987E+01
6.800000000E+07 6.465010340E+02 1.211640812E+03 6.384763091E+02 8.454672008E+02 2.453784987E+01
6.820000000E+07 6.448190078E+02 1.208579352E+03 6.369305985E+02 8.433408262E+02 2.447680856E+01
6.840000000E+07 6.431463180E+02 1.205534642E+03 6.353931400E+02 8.412260921E+02 2.441607373E+01
6.860000000E+07 6.414828848E+02 1.202506542E+03 6.338638645E+02 8.391228997E+02 2.435564314E+01
6.880000000E+07 6.398286296E+02 1.199494912E+03 6.323427045E+02 8.370311518E+02 2.429551462E+01
6.900000000E+07 6.381834746E+02 1.196499612E+03 6.308295928E+02 8.349507519E+02 2.423568600E+01
6.920000000E+07 6.365473430E+02 1.193520506E+03 6.293244632E+02 8.328816049E+02 2.417615511E+01
6.940000000E+07 6.349340838E+02 1.190585294E+03 6.278425373E+02 8.308732296E+02 2.418164123E+01
6.960000000E+07 6.333158406E+02 1.187638310E+03 6.263532519E+02 8.288265549E+02 2.412304583E+01
6.980000000E+07 6.317063946E+02 1.184707118E+03 6.248717534E+02 8.267908513E+02 2.406473879E+01
7.000000000E+07 6.301056717E+02 1.181791585E+03 6.233979778E+02 8.247660267E+02 2.400671715E+01
7.020000000E+07 6.285135998E+02 1.178891583E+03 6.219318628E+02 8.227519912E+02 2.394897824E+01
7.040000000E+07 6.269301067E+02 1.176006984E+03 6.204733461E+02 8.207486555E+02 2.389152000E+01
7.060000000E+07 6.253551214E+02 1.173137661E+03 6.190223663E+02 8.187559317E+02 2.383434042E+01
7.080000000E+07 6.237885738E+02 1.170283489E+03 6.175788630E+02 8.167737327E+02 2.377743750E+01
7.100000000E+07 6.222303944E+02 1.167444345E+03 6.161427761E+02 8.148019727E+02 2.372080927E+01
7.120000000E+07 6.206805143E+02 1.164620106E+03 6.147140460E+02 8.128405663E+02 2.366445375E+01
7.140000000E+07 6.191388660E+02 1.161810652E+03 6.132926145E+02 8.108894297E+02 2.360836902E+01
7.160000000E+07 6.176053820E+02 1.159015862E+03 6.118784232E+02 8.089484794E+02 2.355255316E+01
7.180000000E+07 6.160799962E+02 1.156235619E+03 6.104714150E+02 8.070176334E+02 2.349700426E+01
7.200000000E+07 6.145626427E+02 1.153469805E+03 6.090715328E+02 8.050968101E+02 2.344172044E+01
7.220000000E+07 6.130532566E+02 1.150718305E+03 6.076787206E+02 8.031859291E+02 2.338669984E+01
7.240000000E+07 6.115517737E+02 1.147981004E+03 6.062929228E+02 8.012849107E+02 2.333194062E+01
7.260000000E+07 6.100581302E+02 1.145257790E+03 6.049140842E+02 7.993936762E+02 2.327744094E+01
7.280000000E+07 6.085722636E+02 1.142548549E+03 6.035421508E+02 7.975121477E+02 2.322319900E+01
7.300000000E+07 6.070941114E+02 1.139853172E+03 6.021770685E+02 7.956402480E+02 2.316921300E+01
7.320000000E+07 6.056236122E+02 1.137171549E+03 6.008187841E+02 7.937779010E+02 2.311548118E+01
7.340000000E+07 6.041607052E+02 1.134503571E+03 5.994672449E+02 7.919250312E+02 2.306200177E+01
7.360000000E+07 6.027053302E+02 1.131849131E+03 5.981223989E+02 7.900815642E+02 2.300877303E+01
7.380000000E+07 6.012574276E+02 1.129208123E+03 5.967841943E+02 7.882474259E+02 2.295579324E+01
7.400000000E+07 5.998169384E+02 1.126580441E+03 5.954525801E+02 7.864225433E+02 2.290306070E+01
7.420000000E+07 5.983838044E+02 1.123965983E+03 5.941275059E+02 7.846068443E+02 2.285057370E+01
7.440000000E+07 5.969579679E+02 1.121364645E+03 5.928089217E+02 7.828002573E+02 2.279833058E+01
7.460000000E+07 5.955393720E+02 1.118776325E+03 5.914967781E+02 7.810027118E+02 2.274632968E+01
7.480000000E+07 5.941279600E+02 1.116200923E+03 5.901910261E+02 7.792141375E+02 2.269456935E+01
7.500000000E+07 5.927236760E+02 1.113638340E+03 5.888916169E+02 7.774344652E+02 2.264304797E+01
7.520000000E+07 5.913264650E+02 1.111088476E+03 5.875985031E+02 7.756636265E+02 2.259176392E+01
7.540000000E+07 5.899362721E+02 1.108551234E+03 5.863116370E+02 7.739015535E+02 2.254071560E+01
7.560000000E+07 5.885530433E+02 1.106026519E+03 5.850309717E+02 7.721481791E+02 2.248990143E+01
7.580000000E+07 5.871767249E+02 1.103514233E+03 5.837564607E+02 7.704034369E+02 2.243931985E+01
7.600000000E+07 5.858072639E+02 1.101014283E+03 5.824880578E+02 7.686672611E+02 2.238896929E+01
7.620000000E+07 5.844446080E+02 1.098526575E+03 5.812257177E+02 7.669395868E+02 2.233884822E+01
7.640000000E+07 5.830887051E+02 1.096051017E+03 5.799693953E+02 7.652203496E+02 2.228895511E+01
7.660000000E+07 5.817395040E+02 1.093587516E+03 5.787190459E+02 7.635094857E+02 2.223928845E+01
7.680000000E+07 5.803969535E+02 1.091135983E+03 5.774746252E+02 7.618069320E+02 2.218984675E+01
7.700000000E+07 5.790610037E+02 1.088696327E+03 5.762360898E+02 7.601126261E+02 2.214062851E+01
7.720000000E+07 5.777316044E+02 1.086268459E+03 5.750033961E+02 7.584265063E+02 2.209163226E+01
7.740000000E+07 5.764087065E+02 1.083852292E+03 5.737765013E+02 7.567485114E+02 2.204285656E+01
7.760000000E+07 5.750922613E+02 1.081447739E+03 5.725553632E+02 7.550785810E+02 2.199429994E+01
7.780000000E+07 5.737822202E+02 1.079054713E+03 5.713399395E+02 7.534166548E+02 2.194596099E+01
7.800000000E+07 5.724785355E+02 1.076673129E+03 5.701301888E+02 7.517626738E+02 2.189783828E+01
7.820000000E+07 5.711811599E+02 1.074302903E+03 5.689260698E+02 7.501165792E+02 2.184993040E+01
7.840000000E+07 5.698900464E+02 1.071943950E+03 5.677275417E+02 7.484783128E+02 2.180223596E+01
7.860000000E+07 5.686051488E+02 1.069596189E+03 5.665345644E+02 7.468478172E+02 2.175475358E+01
7.880000000E+07 5.673264210E+02 1.067259536E+03 5.653470976E+02 7.452250351E+02 2.170748188E+01
7.900000000E+07 5.660538175E+02 1.064933911E+03 5.641651017E+02 7.436099104E+02 2.166041951E+01
7.920000000E+07 5.647872934E+02 1.062619234E+03 5.629885379E+02 7.420023870E+02 2.161356512E+01
7.940000000E+07 5.635268040E+02 1.060315425E+03 5.618173669E+02 7.404024098E+02 2.156691738E+01
7.960000000E+07 5.622723052E+02 1.058022405E+03 5.606515505E+02 7.388099239E+02 2.152047496E+01
7.980000000E+07 5.610237534E+02 1.055740097E+03 5.594910507E+02 7.372248751E+02 2.147423656E+01
8.000000000E+07 5.597811052E+02 1.053468422E+03 5.583358298E+02 7.356472097E+02 2.142820086E+01
8.020000000E+07 5.585443178E+02 1.051207305E+03 5.571858502E+02 7.340768746E+02 2.138236659E+01
8.040000000E+07 5.573133489E+02 1.048956669E+03 5.560410753E+02 7.325138171E+02 2.133673246E+01
8.060000000E+07 5.560881562E+02 1.046716440E+03 5.549014682E+02 7.309579851E+02 2.129129720E+01
8.080000000E+07 5.548790409E+02 1.044507219E+03 5.537783500E+02 7.294462008E+02 2.129534465E+01
8.100000000E+07 5.536653204E+02 1.042287670E+03 5.526490185E+02 7.279048228E+02 2.125053924E+01
8.120000000E+07 5.524572523E+02 1.040078305E+03 5.515247467E+02 7.263705155E+02 2.120592718E+01
8.140000000E+07 5.512547960E+02 1.037879053E+03 5.504054992E+02 7.248432280E+02 2.116150620E+01
8.160000000E+07 5.500579114E+02 1.035689843E+03 5.492912409E+02 7.233229107E+02 2.111727506E+01
8.180000000E+07 5.488665589E+02 1.033510602E+03 5.481819374E+02 7.218095145E+02 2.107323258E+01
8.200000000E+07 5.476806993E+02 1.031341262E+03 5.470775543E+02 7.203029904E+02 2.102937753E+01
8.220000000E+07 5.465002936E+02 1.029181753E+03 5.459780577E+02 7.188032903E+02 2.098570874E+01
8.240000000E+07 5.453253034E+02 1.027032006E+03 5.448834140E+02 7.173103664E+02 2.094222502E+01
8.260000000E+07 5.441556906E+02 1.024891953E+03 5.437935900E+02 7.158241713E+02 2.089892521E+01
8.280000000E+07 5.429914173E+02 1.022761527E+03 5.427085526E+02 7.143446583E+02 2.085580814E+01
8.300000000E+07 5.418324464E+02 1.020640660E+03 5.416282692E+02 7.128717807E+02 2.081287268E+01
8.320000000E+07 5.406787403E+02 1.018529286E+03 5.405527072E+02 7.114054926E+02 2.077011768E+01
8.340000000E+07 5.395302627E+02 1.016427340E+03 5.394818347E+02 7.099457483E+02 2.072754201E+01
8.360000000E+07 5.383869772E+02 1.014334758E+03 5.384156201E+02 7.084925029E+02 2.068514456E+01
8.380000000E+07 5.372488475E+02 1.012251473E+03 5.373540315E+02 7.070457114E+02 2.064292422E+01
8.400000000E+07 5.361158382E+02 1.010177423E+03 5.362970378E+02 7.056053296E+02 2.060087989E+01
8.420000000E+07 5.349879139E+02 1.008112545E+03 5.352446084E+02 7.041713136E+02 2.055901048E+01
8.440000000E+07 5.338650395E+02 1.006056776E+03 5.341967123E+02 7.027436198E+02 2.051731492E+01
8.460000000E+07 5.327471803E+02 1.004010053E+03 5.331533194E+02 7.013222052E+02 2.047579213E+01
8.480000000E+07 5.316343019E+02 1.001972316E+03 5.321143994E+02 6.999070272E+02 2.043444106E+01
8.500000000E+07 5.305263702E+02 9.999435034E+02 5.310799226E+02 6.984980432E+02 2.039326064E+01
8.520000000E+07 5.294233517E+02 9.979235552E+02 5.300498595E+02 6.970952117E+02 2.035224984E+01
8.540000000E+07 5.283252127E+02 9.959124111E+02 5.290241809E+02 6.956984908E+02 2.031140763E+01
8.560000000E+07 5.272319204E+02 9.939100126E+02 5.280028577E+02 6.943078396E+02 2.027073298E+01
8.580000000E+07 5.261434415E+02 9.919163002E+02 5.269858610E+02 6.929232171E+02 2.023022487E+01
8.600000000E+07 5.250597437E+02 9.899312161E+02 5.259731625E+02 6.915445831E+02 2.018988229E+01
8.620000000E+07 5.239807949E+02 9.879547029E+02 5.249647340E+02 6.901718975E+02 2.014970426E+01
8.640000000E+07 5.229065631E+02 9.859867034E+02 5.239605475E+02 6.888051205E+02 2.010968977E+01
8.660000000E+07 5.218370167E+02 9.840271611E+02 5.229605754E+02 6.874442131E+02 2.006983785E+01
8.680000000E+07 5.207721241E+02 9.820760193E+02 5.219647897E+02 6.860891360E+02 2.003014751E+01
8.700000000E+07 5.197118545E+02 9.801332232E+02 5.209731638E+02 6.847398508E+02 1.999061780E+01
8.720000000E+07 5.186561769E+02 9.781987171E+02 5.199856702E+02 6.833963191E+02 1.995124775E+01
8.740000000E+07 5.176050610E+02 9.762724470E+02 5.190022826E+02 6.820585032E+02 1.991203643E+01
8.760000000E+07 5.165584762E+02 9.743543581E+02 5.180229740E+02 6.807263652E+02 1.987298287E+01
8.780000000E+07 5.155163929E+02 9.724443973E+02 5.170477184E+02 6.793998681E+02 1.983408615E+01
8.800000000E+07 5.144787813E+02 9.705425116E+02 5.160764898E+02 6.780789750E+02 1.979534535E+01
8.820000000E+07 5.134456119E+02 9.686486479E+02 5.151092622E+02 6.767636491E+02 1.975675953E+01
8.840000000E+07 5.124168554E+02 9.667627538E+02 5.141460099E+02 6.754538543E+02 1.971832780E+01
8.860000000E+07 5.113924832E+02 9.648847784E+02 5.131867078E+02 6.741495546E+02 1.968004925E+01
8.880000000E+07 5.103724663E+02 9.630146695E+02 5.122313305E+02 6.728507144E+02 1.964192297E+01
8.900000000E+07 5.093567765E+02 9.611523769E+02 5.112798533E+02 6.715572985E+02 1.960394808E+01
8.920000000E+07 5.083453855E+02 9.592978499E+02 5.103322512E+02 6.702692716E+02 1.956612370E+01
8.940000000E+07 5.073382655E+02 9.574510384E+02 5.093884998E+02 6.689865992E+02 1.952844895E+01
8.960000000E+07 5.063353888E+02 9.556118933E+02 5.084485748E+02 6.677092470E+02 1.949092296E+01
8.980000000E+07 5.053367280E+02 9.537803652E+02 5.075124522E+02 6.664371808E+02 1.945354488E+01
9.000000000E+07 5.043422557E+02 9.519564053E+02 5.065801078E+02 6.651703666E+02 1.941631383E+01
9.020000000E+07 5.033519452E+02 9.501399657E+02 5.056515182E+02 6.639087712E+02 1.937922899E+01
9.040000000E+07 5.023657697E+02 9.483309985E+02 5.047266598E+02 6.626523612E+02 1.934228950E+01
9.060000000E+07 5.013837028E+02 9.465294561E+02 5.038055094E+02 6.614011039E+02 1.930549453E+01
9.080000000E+07 5.004057181E+02 9.447352917E+02 5.028880438E+02 6.601549663E+02 1.926884325E+01
9.100000000E+07 4.994317895E+02 9.429484584E+02 5.019742401E+02 6.589139163E+02 1.923233484E+01
9.120000000E+07 4.984618915E+02 9.411689104E+02 5.010640758E+02 6.576779217E+02 1.919596849E+01
9.140000000E+07 4.974959981E+02 9.393966013E+02 5.001575280E+02 6.564469507E+02 1.915974339E+01
9.160000000E+07 4.965340845E+02 9.376314864E+02 4.992545749E+02 6.552209719E+02 1.912365872E+01
9.180000000E+07 4.955761249E+02 9.358735200E+02 4.983551939E+02 6.539999536E+02 1.908771370E+01
9.200000000E+07 4.946220948E+02 9.341226579E+02 4.974593634E+02 6.527838654E+02 1.905190754E+01
9.220000000E+07 4.936719693E+02 9.323788554E+02 4.965670613E+02 6.515726760E+02 1.901623945E+01
9.240000000E+07 4.927257239E+02 9.306420691E+02 4.956782662E+02 6.503663552E+02 1.898070864E+01
9.260000000E+07 4.917833343E+02 9.289122549E+02 4.947929567E+02 6.491648727E+02 1.894531436E+01
9.280000000E+07 4.908447765E+02 9.271893700E+02 4.939111116E+02 6.479681985E+02 1.891005583E+01
9.300000000E+07 4.899100266E+02 9.254733718E+02 4.930327099E+02 6.467763030E+02 1.887493229E+01
9.320000000E+07 4.889790607E+02 9.237642173E+02 4.921577305E+02 6.455891566E+02 1.883994298E+01
9.340000000E+07 4.880518555E+02 9.220618646E+02 4.912861529E+02 6.444067301E+02 1.880508716E+01
9.360000000E+07 4.871283876E+02 9.203662719E+02 4.904179563E+02 6.432289944E+02 1.877036409E+01
9.380000000E+07 4.862162781E+02 9.186926803E+02 4.895615168E+02 6.420831892E+02 1.877307981E+01
9.400000000E+07 4.853002441E+02 9.170105406E+02 4.887000529E+02 6.409148508E+02 1.873878232E+01
9.420000000E+07 4.843878783E+02 9.153350372E+02 4.878419093E+02 6.397511167E+02 1.870461363E+01
9.440000000E+07 4.834791583E+02 9.136661299E+02 4.869870661E+02 6.385919591E+02 1.867057340E+01
9.460000000E+07 4.825740617E+02 9.120037785E+02 4.861355035E+02 6.374373499E+02 1.863666058E+01
9.480000000E+07 4.816725663E+02 9.103479431E+02 4.852872021E+02 6.362872615E+02 1.860287439E+01
9.500000000E+07 4.807746502E+02 9.086985845E+02 4.844421424E+02 6.351416667E+02 1.856921412E+01
9.520000000E+07 4.798802915E+02 9.070556636E+02 4.836003051E+02 6.340005381E+02 1.853567907E+01
9.540000000E+07 4.789894687E+02 9.054191415E+02 4.827616712E+02 6.328638490E+02 1.850226855E+01
9.560000000E+07 4.781021603E+02 9.037889801E+02 4.819262219E+02 6.317315727E+02 1.846898184E+01
9.580000000E+07 4.772183449E+02 9.021651407E+02 4.810939381E+02 6.306036825E+02 1.843581828E+01
9.600000000E+07 4.763380017E+02 9.005475861E+02 4.802648016E+02 6.294801525E+02 1.840277717E+01
9.620000000E+07 4.754611094E+02 8.989362782E+02 4.794387934E+02 6.283609564E+02 1.836985785E+01
9.640000000E+07 4.745876476E+02 8.973311804E+02 4.786158957E+02 6.272460685E+02 1.833705963E+01
9.660000000E+07 4.737175955E+02 8.957322552E+02 4.777960899E+02 6.261354630E+02 1.830438185E+01
9.680000000E+07 4.728509328E+02 8.941394665E+02 4.769793583E+02 6.250291147E+02 1.827182384E+01
9.700000000E+07 4.719876392E+02 8.925527776E+02 4.761656827E+02 6.239269983E+02 1.823938496E+01
9.720000000E+07 4.711276946E+02 8.909721527E+02 4.753550456E+02 6.228290888E+02 1.820706456E+01
9.740000000E+07 4.702710791E+02 8.893975560E+02 4.745474292E+02 6.217353614E+02 1.817486197E+01
9.760000000E+07 4.694177729E+02 8.878289520E+02 4.737428161E+02 6.206457914E+02 1.814277657E+01
9.780000000E+07 4.685677564E+02 8.862663057E+02 4.729411890E+02 6.195603546E+02 1.811080772E+01
9.800000000E+07 4.677210102E+02 8.847095820E+02 4.721425307E+02 6.184790266E+02 1.807895478E+01
9.820000000E+07 4.668775149E+02 8.831587462E+02 4.713468239E+02 6.174017832E+02 1.804721713E+01
9.840000000E+07 4.660372515E+02 8.816137642E+02 4.705540520E+02 6.163286010E+02 1.801559415E+01
9.860000000E+07 4.652002010E+02 8.800746020E+02 4.697641981E+02 6.152594561E+02 1.798408521E+01
9.880000000E+07 4.643663443E+02 8.785412256E+02 4.689772454E+02 6.141943250E+02 1.795268971E+01
9.900000000E+07 4.635356630E+02 8.770136013E+02 4.681931774E+02 6.131331845E+02 1.792140705E+01
9.920000000E+07 4.627081385E+02 8.754916962E+02 4.674119779E+02 6.120760115E+02 1.789023660E+01
9.940000000E+07 4.618837523E+02 8.739754772E+02 4.666336304E+02 6.110227831E+02 1.785917778E+01
9.960000000E+07 4.610624862E+02 8.724649113E+02 4.658581187E+02 6.099734766E+02 1.782823000E+01
9.980000000E+07 4.602443222E+02 8.709599663E+02 4.650854269E+02 6.089280693E+02 1.779739265E+01
1.000000000E+08 4.594292421E+02 8.694606096E+02 4.643155390E+02 6.078865389E+02 1.776666517E+01
