1.000000000E+06 2.379148145E+03 9.762549611E+02 1.802849963E+03 2.033272342E+02 1.963322268E+02
1.200000000E+06 2.092629140E+03 8.741938758E+02 1.628621658E+03 1.918249205E+02 1.815412922E+02
1.400000000E+06 1.873115198E+03 7.932386173E+02 1.488230133E+03 1.811352935E+02 1.688864724E+02
1.600000000E+06 1.698961163E+03 7.272997558E+02 1.372362677E+03 1.714104972E+02 1.579781177E+02
1.800000000E+06 1.557049031E+03 6.724285640E+02 1.274859947E+03 1.626261494E+02 1.484936093E+02
2.000000000E+06 1.438958009E+03 6.260166081E+02 1.191629893E+03 1.546995450E+02 1.401762436E+02
2.200000000E+06 1.338987930E+03 5.861816825E+02 1.119625486E+03 1.475345987E+02 1.328236772E+02
2.400000000E+06 1.253157115E+03 5.515992479E+02 1.056698860E+03 1.410387794E+02 1.262760688E+02
2.600000000E+06 1.178575772E+03 5.212480584E+02 1.001140904E+03 1.351288725E+02 1.204062737E+02
2.800000000E+06 1.113109518E+03 4.943833164E+02 9.517125399E+02 1.297322310E+02 1.151122645E+02
3.000000000E+06 1.055134659E+03 4.704114185E+02 9.074018770E+02 1.247862654E+02 1.103114024E+02
3.200000000E+06 1.003398986E+03 4.488755464E+02 8.674298126E+02 1.202373272E+02 1.059361311E+02
3.400000000E+06 9.569187212E+02 4.294125741E+02 8.311725184E+02 1.160394730E+02 1.019307304E+02
3.600000000E+06 9.149103977E+02 4.117323772E+02 7.981299214E+02 1.121533009E+02 9.824885476E+01
3.800000000E+06 8.767377973E+02 3.955845757E+02 7.678578442E+02 1.085449271E+02 9.485165058E+01
4.000000000E+06 8.418849744E+02 3.807775126E+02 7.400242311E+02 1.051851124E+02 9.170630460E+01
4.200000000E+06 8.099238363E+02 3.671419541E+02 7.143272473E+02 1.020485292E+02 8.878491406E+01
4.400000000E+06 7.804989633E+02 3.545412233E+02 6.905255705E+02 9.911315185E+01 8.606359985E+01
4.600000000E+06 7.533114252E+02 3.428580354E+02 6.684099992E+02 9.635974912E+01 8.352180443E+01
4.800000000E+06 7.281083472E+02 3.319933497E+02 6.478037308E+02 9.377146401E+01 8.114173134E+01
5.000000000E+06 7.046736593E+02 3.218597527E+02 6.285484041E+02 9.133346373E+01 7.890789453E+01
5.200000000E+06 6.828224235E+02 3.123841507E+02 6.105126610E+02 8.903264819E+01 7.680675303E+01
5.400000000E+06 6.623949243E+02 3.035027271E+02 5.935811523E+02 8.685740629E+01 7.482641297E+01
5.600000000E+06 6.432523968E+02 2.951589362E+02 5.776507339E+02 8.479741142E+01 7.295638281E+01
5.800000000E+06 6.252739241E+02 2.873040693E+02 5.626328568E+02 8.284344924E+01 7.118737107E+01
6.000000000E+06 6.083534810E+02 2.798949943E+02 5.484487139E+02 8.098727215E+01 6.951111819E+01
6.200000000E+06 5.923977237E+02 2.728935899E+02 5.350284711E+02 7.922147579E+01 6.792025595E+01
6.400000000E+06 5.773241491E+02 2.662661470E+02 5.223103033E+02 7.753939385E+01 6.640818943E+01
6.600000000E+06 5.630594927E+02 2.599823201E+02 5.102382045E+02 7.593500818E+01 6.496899724E+01
6.800000000E+06 5.495385391E+02 2.540152976E+02 4.987627875E+02 7.440287164E+01 6.359734691E+01
7.000000000E+06 5.367029885E+02 2.483409461E+02 4.878394407E+02 7.293804170E+01 6.228842282E+01
7.200000000E+06 5.245005666E+02 2.429375624E+02 4.774279658E+02 7.153602305E+01 6.103786439E+01
7.400000000E+06 5.128842629E+02 2.377856082E+02 4.674921316E+02 7.019271789E+01 5.984171316E+01
7.600000000E+06 5.018116642E+02 2.328673120E+02 4.579988548E+02 6.890438269E+01 5.869636698E+01
7.800000000E+06 4.912444211E+02 2.281666551E+02 4.489183301E+02 6.766759047E+01 5.759854041E+01
8.000000000E+06 4.811477563E+02 2.236690469E+02 4.402233445E+02 6.647919782E+01 5.654523034E+01
8.200000000E+06 4.714900571E+02 2.193611937E+02 4.318890660E+02 6.533631596E+01 5.553368597E+01
8.400000000E+06 4.622425206E+02 2.152309561E+02 4.238927855E+02 6.423628524E+01 5.456138261E+01
8.600000000E+06 4.533788465E+02 2.112672356E+02 4.162137185E+02 6.317665276E+01 5.362599865E+01
8.800000000E+06 4.448749653E+02 2.074598266E+02 4.088327076E+02 6.215515244E+01 5.272539540E+01
9.000000000E+06 4.367088091E+02 2.037993796E+02 4.017321983E+02 6.116968745E+01 5.185759914E+01
9.200000000E+06 4.288601034E+02 2.002772806E+02 3.948959910E+02 6.021831453E+01 5.102078541E+01
9.400000000E+06 4.213101876E+02 1.968855867E+02 3.883091305E+02 5.929923012E+01 5.021326503E+01
9.600000000E+06 4.140418559E+02 1.936169612E+02 3.819577873E+02 5.841075786E+01 4.943347160E+01
9.800000000E+06 4.070392175E+02 1.904646168E+02 3.758291532E+02 5.755133750E+01 4.867995047E+01
1.000000000E+07 4.002875718E+02 1.874222664E+02 3.699113537E+02 5.671951489E+01 4.795134883E+01
1.020000000E+07 3.937732981E+02 1.844840689E+02 3.641933397E+02 5.591393308E+01 4.724640685E+01
1.040000000E+07 3.874837575E+02 1.816446022E+02 3.586648502E+02 5.513332422E+01 4.656394976E+01
1.060000000E+07 3.814072055E+02 1.788988184E+02 3.533163211E+02 5.437650227E+01 4.590288068E+01
1.080000000E+07 3.755327133E+02 1.762420136E+02 3.481388321E+02 5.364235652E+01 4.526217425E+01
1.100000000E+07 3.698500971E+02 1.736697983E+02 3.431240519E+02 5.292984554E+01 4.464087076E+01
1.120000000E+07 3.643498565E+02 1.711780719E+02 3.382641910E+02 5.223799191E+01 4.403807103E+01
1.140000000E+07 3.590231160E+02 1.687629987E+02 3.335519569E+02 5.156587724E+01 4.345293152E+01
1.160000000E+07 3.538615752E+02 1.664209874E+02 3.289805169E+02 5.091263781E+01 4.288466018E+01
1.180000000E+07 3.488574622E+02 1.641486698E+02 3.245434562E+02 5.027746044E+01 4.233251245E+01
1.200000000E+07 3.440034914E+02 1.619428859E+02 3.202347539E+02 4.965957888E+01 4.179578776E+01
1.220000000E+07 3.392928267E+02 1.598006668E+02 3.160487482E+02 4.905827041E+01 4.127382625E+01
1.240000000E+07 3.347190461E+02 1.577192203E+02 3.119801108E+02 4.847285274E+01 4.076600589E+01
1.260000000E+07 3.302761111E+02 1.556959182E+02 3.080238223E+02 4.790268123E+01 4.027173971E+01
1.280000000E+07 3.259583380E+02 1.537282835E+02 3.041751502E+02 4.734714626E+01 3.979047335E+01
1.300000000E+07 3.217603721E+02 1.518139809E+02 3.004296284E+02 4.680567089E+01 3.932168287E+01
1.320000000E+07 3.176771642E+02 1.499508053E+02 2.967830386E+02 4.627770868E+01 3.886487256E+01
1.340000000E+07 3.137039486E+02 1.481366740E+02 2.932313929E+02 4.576274165E+01 3.841957314E+01
1.360000000E+07 3.098362235E+02 1.463696172E+02 2.897709182E+02 4.526027844E+01 3.798533994E+01
1.380000000E+07 3.060697328E+02 1.446477709E+02 2.863980420E+02 4.476985261E+01 3.756175132E+01
1.400000000E+07 3.024004496E+02 1.429693702E+02 2.831093793E+02 4.429102109E+01 3.714840716E+01
1.420000000E+07 2.988245603E+02 1.413327418E+02 2.799017195E+02 4.382336265E+01 3.674492753E+01
1.440000000E+07 2.953384514E+02 1.397362989E+02 2.767720162E+02 4.336647663E+01 3.635095137E+01
1.460000000E+07 2.919386955E+02 1.381785351E+02 2.737173761E+02 4.291998163E+01 3.596613535E+01
1.480000000E+07 2.886220401E+02 1.366580197E+02 2.707350495E+02 4.248351438E+01 3.559015277E+01
1.500000000E+07 2.853853963E+02 1.351733928E+02 2.678224216E+02 4.205672868E+01 3.522269257E+01
1.520000000E+07 2.822258281E+02 1.337233608E+02 2.649770043E+02 4.163929436E+01 3.486345837E+01
1.540000000E+07 2.791405438E+02 1.323066925E+02 2.621964280E+02 4.123089636E+01 3.451216763E+01
1.560000000E+07 2.761268863E+02 1.309222155E+02 2.594784353E+02 4.083123391E+01 3.416855084E+01
1.580000000E+07 2.731823258E+02 1.295688124E+02 2.568208738E+02 4.044001964E+01 3.383235072E+01
1.600000000E+07 2.703044516E+02 1.282454177E+02 2.542216903E+02 4.005697894E+01 3.350332163E+01
1.620000000E+07 2.674909655E+02 1.269510150E+02 2.516789252E+02 3.968184914E+01 3.318122880E+01
1.640000000E+07 2.647396750E+02 1.256846337E+02 2.491907066E+02 3.931437893E+01 3.286584778E+01
1.660000000E+07 2.620484874E+02 1.244453470E+02 2.467552461E+02 3.895432774E+01 3.255696391E+01
1.680000000E+07 2.594154041E+02 1.232322691E+02 2.443708338E+02 3.860146515E+01 3.225437172E+01
1.700000000E+07 2.568385154E+02 1.220445527E+02 2.420358341E+02 3.825557035E+01 3.195787446E+01
1.720000000E+07 2.543159954E+02 1.208813876E+02 2.397486813E+02 3.791643165E+01 3.166728365E+01
1.740000000E+07 2.518460975E+02 1.197419980E+02 2.375078766E+02 3.758384600E+01 3.138241865E+01
1.760000000E+07 2.494271501E+02 1.186256410E+02 2.353119839E+02 3.725761859E+01 3.110310622E+01
1.780000000E+07 2.470575528E+02 1.175316049E+02 2.331596267E+02 3.693756234E+01 3.082918018E+01
1.800000000E+07 2.447357720E+02 1.164592074E+02 2.310494852E+02 3.662349763E+01 3.056048101E+01
1.820000000E+07 2.424603384E+02 1.154077941E+02 2.289802931E+02 3.631525184E+01 3.029685557E+01
1.840000000E+07 2.402298425E+02 1.143767372E+02 2.269508351E+02 3.601265904E+01 3.003815672E+01
1.860000000E+07 2.380429326E+02 1.133654341E+02 2.249599442E+02 3.571555966E+01 2.978424306E+01
1.880000000E+07 2.358983111E+02 1.123733060E+02 2.230064994E+02 3.542380021E+01 2.953497865E+01
1.900000000E+07 2.337947323E+02 1.113997968E+02 2.210894233E+02 3.513723295E+01 2.929023273E+01
1.920000000E+07 2.317309993E+02 1.104443723E+02 2.192076802E+02 3.485571566E+01 2.904987949E+01
1.940000000E+07 2.297059621E+02 1.095065186E+02 2.173602739E+02 3.457911133E+01 2.881379784E+01
1.960000000E+07 2.277185152E+02 1.085857414E+02 2.155462459E+02 3.430728799E+01 2.858187115E+01
1.980000000E+07 2.257675953E+02 1.076815652E+02 2.137646735E+02 3.404011841E+01 2.835398710E+01
2.000000000E+07 2.238521791E+02 1.067935321E+02 2.120146683E+02 3.377747992E+01 2.813003743E+01
2.020000000E+07 2.219712819E+02 1.059212012E+02 2.102953744E+02 3.351925423E+01 2.790991778E+01
2.040000000E+07 2.201239558E+02 1.050641477E+02 2.086059673E+02 3.326532717E+01 2.769352753E+01
2.060000000E+07 2.183092871E+02 1.042219623E+02 2.069456519E+02 3.301558857E+01 2.748076959E+01
2.080000000E+07 2.165263961E+02 1.033942504E+02 2.053136617E+02 3.276993205E+01 2.727155029E+01
2.100000000E+07 2.147744343E+02 1.025806314E+02 2.037092571E+02 3.252825487E+01 2.706577919E+01
2.120000000E+07 2.130525838E+02 1.017807382E+02 2.021317246E+02 3.229045778E+01 2.686336898E+01
2.140000000E+07 2.113600555E+02 1.009942163E+02 2.005803753E+02 3.205644484E+01 2.666423530E+01
2.160000000E+07 2.096960881E+02 1.002207239E+02 1.990545441E+02 3.182612333E+01 2.646829666E+01
2.180000000E+07 2.080599469E+02 9.945993053E+01 1.975535887E+02 3.159940358E+01 2.627547428E+01
2.200000000E+07 2.064509223E+02 9.871151719E+01 1.960768882E+02 3.137619885E+01 2.608569200E+01
2.220000000E+07 2.048683288E+02 9.797517555E+01 1.946238428E+02 3.115642521E+01 2.589887616E+01
2.240000000E+07 2.033115046E+02 9.725060763E+01 1.931938724E+02 3.094000144E+01 2.571495551E+01
2.260000000E+07 2.017798096E+02 9.653752526E+01 1.917864160E+02 3.072684889E+01 2.553386108E+01
2.280000000E+07 2.002726253E+02 9.583564983E+01 1.904009311E+02 3.051689143E+01 2.535552615E+01
2.300000000E+07 1.987893535E+02 9.514471172E+01 1.890368926E+02 3.031005528E+01 2.517988608E+01
2.320000000E+07 1.973294154E+02 9.446445002E+01 1.876937923E+02 3.010626898E+01 2.500687828E+01
2.340000000E+07 1.958922514E+02 9.379461225E+01 1.863711381E+02 2.990546326E+01 2.483644213E+01
2.360000000E+07 1.944773194E+02 9.313495389E+01 1.850684535E+02 2.970757098E+01 2.466851887E+01
2.380000000E+07 1.930840949E+02 9.248523810E+01 1.837852769E+02 2.951252703E+01 2.450305156E+01
2.400000000E+07 1.917120698E+02 9.184523550E+01 1.825211611E+02 2.932026826E+01 2.433998500E+01
2.420000000E+07 1.903607521E+02 9.121472375E+01 1.812756724E+02 2.913073341E+01 2.417926562E+01
2.440000000E+07 1.890296650E+02 9.059348740E+01 1.800483907E+02 2.894386303E+01 2.402084152E+01
2.460000000E+07 1.877183464E+02 8.998131755E+01 1.788389085E+02 2.875959944E+01 2.386466230E+01
2.480000000E+07 1.864263485E+02 8.937801161E+01 1.776468304E+02 2.857788661E+01 2.371067907E+01
2.500000000E+07 1.851532368E+02 8.878337306E+01 1.764717729E+02 2.839867015E+01 2.355884436E+01
2.520000000E+07 1.838985902E+02 8.819721124E+01 1.753133640E+02 2.822189723E+01 2.340911210E+01
2.540000000E+07 1.826620000E+02 8.761934115E+01 1.741712423E+02 2.804751653E+01 2.326143752E+01
2.560000000E+07 1.814430698E+02 8.704958318E+01 1.730450573E+02 2.787547818E+01 2.311577717E+01
2.580000000E+07 1.802414146E+02 8.648776295E+01 1.719344684E+02 2.770573371E+01 2.297208880E+01
2.600000000E+07 1.790566609E+02 8.593371112E+01 1.708391448E+02 2.753823600E+01 2.283033137E+01
2.620000000E+07 1.778884459E+02 8.538726321E+01 1.697587652E+02 2.737293925E+01 2.269046501E+01
2.640000000E+07 1.767364174E+02 8.484825943E+01 1.686930174E+02 2.720979889E+01 2.255245092E+01
2.660000000E+07 1.756002329E+02 8.431654444E+01 1.676415978E+02 2.704877159E+01 2.241625139E+01
2.680000000E+07 1.744795601E+02 8.379196734E+01 1.666042115E+02 2.688981519E+01 2.228182975E+01
2.700000000E+07 1.733740756E+02 8.327438136E+01 1.655805715E+02 2.673288865E+01 2.214915032E+01
2.720000000E+07 1.722834653E+02 8.276364381E+01 1.645703988E+02 2.657795203E+01 2.201817838E+01
2.740000000E+07 1.712074238E+02 8.225961593E+01 1.635734223E+02 2.642496648E+01 2.188888015E+01
2.760000000E+07 1.701456540E+02 8.176216271E+01 1.625893776E+02 2.627389413E+01 2.176122275E+01
2.780000000E+07 1.690978670E+02 8.127115280E+01 1.616180081E+02 2.612469812E+01 2.163517417E+01
2.800000000E+07 1.680637818E+02 8.078645837E+01 1.606590635E+02 2.597734256E+01 2.151070323E+01
2.820000000E+07 1.670431247E+02 8.030795501E+01 1.597123004E+02 2.583179245E+01 2.138777957E+01
2.840000000E+07 1.660356298E+02 7.983552160E+01 1.587774819E+02 2.568801372E+01 2.126637362E+01
2.860000000E+07 1.650410378E+02 7.936904019E+01 1.578543771E+02 2.554597316E+01 2.114645658E+01
2.880000000E+07 1.640590965E+02 7.890839598E+01 1.569427611E+02 2.540563840E+01 2.102800036E+01
2.900000000E+07 1.630895603E+02 7.845347699E+01 1.560424149E+02 2.526697786E+01 2.091097761E+01
2.920000000E+07 1.621321899E+02 7.800417432E+01 1.551531252E+02 2.512996079E+01 2.079536166E+01
2.940000000E+07 1.611867523E+02 7.756038168E+01 1.542746838E+02 2.499455715E+01 2.068112650E+01
2.960000000E+07 1.602530204E+02 7.712199561E+01 1.534068882E+02 2.486073769E+01 2.056824678E+01
2.980000000E+07 1.593307730E+02 7.668891524E+01 1.525495406E+02 2.472847386E+01 2.045669777E+01
3.000000000E+07 1.584197943E+02 7.626104212E+01 1.517024483E+02 2.459773777E+01 2.034645535E+01
3.020000000E+07 1.575198743E+02 7.583828042E+01 1.508654235E+02 2.446850225E+01 2.023749599E+01
3.040000000E+07 1.566308079E+02 7.542053654E+01 1.500382828E+02 2.434074076E+01 2.012979673E+01
3.060000000E+07 1.557523952E+02 7.500771927E+01 1.492208474E+02 2.421442739E+01 2.002333515E+01
3.080000000E+07 1.548844413E+02 7.459973962E+01 1.484129428E+02 2.408953687E+01 1.991808940E+01
3.100000000E+07 1.540267561E+02 7.419651070E+01 1.476143989E+02 2.396604449E+01 1.981403812E+01
3.120000000E+07 1.531791542E+02 7.379794784E+01 1.468250494E+02 2.384392614E+01 1.971116048E+01
3.140000000E+07 1.523414544E+02 7.340396823E+01 1.460447322E+02 2.372315826E+01 1.960943610E+01
3.160000000E+07 1.515134802E+02 7.301449116E+01 1.452732889E+02 2.360371784E+01 1.950884512E+01
3.180000000E+07 1.506950590E+02 7.262943779E+01 1.445105649E+02 2.348558239E+01 1.940936811E+01
3.200000000E+07 1.498860228E+02 7.224873118E+01 1.437564092E+02 2.336872997E+01 1.931098611E+01
3.220000000E+07 1.490862070E+02 7.187229610E+01 1.430106744E+02 2.325313908E+01 1.921368059E+01
3.240000000E+07 1.482954512E+02 7.150005916E+01 1.422732164E+02 2.313878875E+01 1.911743342E+01
3.260000000E+07 1.475135986E+02 7.113194860E+01 1.415438943E+02 2.302565847E+01 1.902222692E+01
3.280000000E+07 1.467404964E+02 7.076789439E+01 1.408225709E+02 2.291372818E+01 1.892804379E+01
3.300000000E+07 1.459759948E+02 7.040782797E+01 1.401091115E+02 2.280297825E+01 1.883486709E+01
3.320000000E+07 1.452199477E+02 7.005168246E+01 1.394033848E+02 2.269338953E+01 1.874268031E+01
3.340000000E+07 1.444722123E+02 6.969939243E+01 1.387052625E+02 2.258494324E+01 1.865146726E+01
3.360000000E+07 1.437326492E+02 6.935089394E+01 1.380146189E+02 2.247762104E+01 1.856121213E+01
3.380000000E+07 1.430011218E+02 6.900612446E+01 1.373313314E+02 2.237140498E+01 1.847189946E+01
3.400000000E+07 1.422774969E+02 6.866502282E+01 1.366552799E+02 2.226627749E+01 1.838351410E+01
3.420000000E+07 1.415616441E+02 6.832752932E+01 1.359863469E+02 2.216222138E+01 1.829604127E+01
3.440000000E+07 1.408534358E+02 6.799358537E+01 1.353244176E+02 2.205921982E+01 1.820946646E+01
3.460000000E+07 1.401527474E+02 6.766313387E+01 1.346693797E+02 2.195725636E+01 1.812377551E+01
3.480000000E+07 1.394594570E+02 6.733611877E+01 1.340211232E+02 2.185631486E+01 1.803895453E+01
3.500000000E+07 1.387734451E+02 6.701248535E+01 1.333795405E+02 2.175637955E+01 1.795498994E+01
3.520000000E+07 1.380945952E+02 6.669218005E+01 1.327445265E+02 2.165743498E+01 1.787186846E+01
3.540000000E+07 1.374227931E+02 6.637515037E+01 1.321159779E+02 2.155946601E+01 1.778957706E+01
3.560000000E+07 1.367579268E+02 6.606134502E+01 1.314937939E+02 2.146245782E+01 1.770810299E+01
3.580000000E+07 1.360998872E+02 6.575071374E+01 1.308778759E+02 2.136639589E+01 1.762743377E+01
3.600000000E+07 1.354485671E+02 6.544320734E+01 1.302681270E+02 2.127126600E+01 1.754755718E+01
3.620000000E+07 1.348038617E+02 6.513877765E+01 1.296644526E+02 2.117705422E+01 1.746846124E+01
3.640000000E+07 1.341656683E+02 6.483737749E+01 1.290667600E+02 2.108374689E+01 1.739013422E+01
3.660000000E+07 1.335338866E+02 6.453896066E+01 1.284749584E+02 2.099133065E+01 1.731256463E+01
3.680000000E+07 1.329084182E+02 6.424348192E+01 1.278889587E+02 2.089979236E+01 1.723574120E+01
3.700000000E+07 1.322891665E+02 6.395089692E+01 1.273086738E+02 2.080911919E+01 1.715965289E+01
3.720000000E+07 1.316760374E+02 6.366116225E+01 1.267340184E+02 2.071929853E+01 1.708428888E+01
3.740000000E+07 1.310689382E+02 6.337423538E+01 1.261649086E+02 2.063031806E+01 1.700963859E+01
3.760000000E+07 1.304677785E+02 6.309007459E+01 1.256012626E+02 2.054216563E+01 1.693569161E+01
3.780000000E+07 1.298724694E+02 6.280863898E+01 1.250429998E+02 2.045482939E+01 1.686243776E+01
3.800000000E+07 1.292829239E+02 6.252988856E+01 1.244900417E+02 2.036829770E+01 1.678986703E+01
3.820000000E+07 1.286990569E+02 6.225378402E+01 1.239423107E+02 2.028255912E+01 1.671796964E+01
3.840000000E+07 1.281207847E+02 6.198028691E+01 1.233997314E+02 2.019760247E+01 1.664673599E+01
3.860000000E+07 1.275480256E+02 6.170935951E+01 1.228622294E+02 2.011341676E+01 1.657615664E+01
3.880000000E+07 1.269806991E+02 6.144096477E+01 1.223297319E+02 2.002999121E+01 1.650622236E+01
3.900000000E+07 1.264187264E+02 6.117506641E+01 1.218021675E+02 1.994731524E+01 1.643692408E+01
3.920000000E+07 1.258620306E+02 6.091162889E+01 1.212794662E+02 1.986537848E+01 1.636825291E+01
3.940000000E+07 1.253105359E+02 6.065061728E+01 1.207615592E+02 1.978417074E+01 1.630020012E+01
3.960000000E+07 1.247641679E+02 6.039199734E+01 1.202483792E+02 1.970368203E+01 1.623275715E+01
3.980000000E+07 1.242228540E+02 6.013573548E+01 1.197398601E+02 1.962390254E+01 1.616591559E+01
4.000000000E+07 1.236865227E+02 5.988179880E+01 1.192359370E+02 1.954482265E+01 1.609966721E+01
4.020000000E+07 1.231551039E+02 5.963015490E+01 1.187365462E+02 1.946643290E+01 1.603400389E+01
4.040000000E+07 1.226285289E+02 5.938077209E+01 1.182416252E+02 1.938872400E+01 1.596891771E+01
4.060000000E+07 1.221067302E+02 5.913361922E+01 1.177511129E+02 1.931168686E+01 1.590440085E+01
4.080000000E+07 1.215896416E+02 5.888866576E+01 1.172649489E+02 1.923531253E+01 1.584044567E+01
4.100000000E+07 1.210771982E+02 5.864588167E+01 1.167830741E+02 1.915959221E+01 1.577704464E+01
4.120000000E+07 1.205693363E+02 5.840523754E+01 1.163054307E+02 1.908451728E+01 1.571419038E+01
4.140000000E+07 1.200659931E+02 5.816670446E+01 1.158319617E+02 1.901007927E+01 1.565187564E+01
4.160000000E+07 1.195671075E+02 5.793025404E+01 1.153626111E+02 1.893626986E+01 1.559009330E+01
4.180000000E+07 1.190726189E+02 5.769585841E+01 1.148973241E+02 1.886308085E+01 1.552883636E+01
4.200000000E+07 1.185824681E+02 5.746349019E+01 1.144360466E+02 1.879050422E+01 1.546809795E+01
4.220000000E+07 1.180965971E+02 5.723312252E+01 1.139787259E+02 1.871853207E+01 1.540787132E+01
4.240000000E+07 1.176149488E+02 5.700472902E+01 1.135253098E+02 1.864715666E+01 1.534814985E+01
4.260000000E+07 1.171374671E+02 5.677828375E+01 1.130757474E+02 1.857637035E+01 1.528892702E+01
4.280000000E+07 1.166640968E+02 5.655376122E+01 1.126299882E+02 1.850616566E+01 1.523019643E+01
4.300000000E+07 1.161947840E+02 5.633113643E+01 1.121879832E+02 1.843653522E+01 1.517195178E+01
4.320000000E+07 1.157294755E+02 5.611038479E+01 1.117496838E+02 1.836747179E+01 1.511418689E+01
4.340000000E+07 1.152681190E+02 5.589148214E+01 1.113150424E+02 1.829896827E+01 1.505689569E+01
4.360000000E+07 1.148106633E+02 5.567440475E+01 1.108840122E+02 1.823101766E+01 1.500007220E+01
4.380000000E+07 1.143570580E+02 5.545912929E+01 1.104565472E+02 1.816361308E+01 1.494371056E+01
4.400000000E+07 1.139072535E+02 5.524563282E+01 1.100326022E+02 1.809674778E+01 1.488780498E+01
4.420000000E+07 1.134612012E+02 5.503389286E+01 1.096121329E+02 1.803041510E+01 1.483234980E+01
4.440000000E+07 1.130188534E+02 5.482388721E+01 1.091950956E+02 1.796460852E+01 1.477733944E+01
4.460000000E+07 1.125801629E+02 5.461559414E+01 1.087814472E+02 1.789932161E+01 1.472276841E+01
4.480000000E+07 1.121450836E+02 5.440899222E+01 1.083711457E+02 1.783454804E+01 1.466863132E+01
4.500000000E+07 1.117135699E+02 5.420406038E+01 1.079641495E+02 1.777028159E+01 1.461492285E+01
4.520000000E+07 1.112855774E+02 5.400077797E+01 1.075604177E+02 1.770651615E+01 1.456163780E+01
4.540000000E+07 1.108610621E+02 5.379912463E+01 1.071599104E+02 1.764324570E+01 1.450877102E+01
4.560000000E+07 1.104399807E+02 5.359908034E+01 1.067625879E+02 1.758046432E+01 1.445631748E+01
4.580000000E+07 1.100222910E+02 5.340062545E+01 1.063684116E+02 1.751816619E+01 1.440427220E+01
4.600000000E+07 1.096079510E+02 5.320374058E+01 1.059773431E+02 1.745634558E+01 1.435263030E+01
4.620000000E+07 1.091969199E+02 5.300840673E+01 1.055893450E+02 1.739499685E+01 1.430138697E+01
4.640000000E+07 1.087891572E+02 5.281460511E+01 1.052043804E+02 1.733411445E+01 1.425053749E+01
4.660000000E+07 1.083846231E+02 5.262231734E+01 1.048224127E+02 1.727369292E+01 1.420007719E+01
4.680000000E+07 1.079832786E+02 5.243152528E+01 1.044434064E+02 1.721372689E+01 1.415000150E+01
4.700000000E+07 1.075850853E+02 5.224221113E+01 1.040673262E+02 1.715421106E+01 1.410030591E+01
4.720000000E+07 1.071900055E+02 5.205435731E+01 1.036941376E+02 1.709514024E+01 1.405098598E+01
4.740000000E+07 1.067980017E+02 5.186794654E+01 1.033238063E+02 1.703650928E+01 1.400203735E+01
4.760000000E+07 1.064090376E+02 5.168296191E+01 1.029562990E+02 1.697831316E+01 1.395345573E+01
4.780000000E+07 1.060230770E+02 5.149938659E+01 1.025915825E+02 1.692054690E+01 1.390523686E+01
4.800000000E+07 1.056400845E+02 5.131720420E+01 1.022296244E+02 1.686320560E+01 1.385737661E+01
4.820000000E+07 1.052600253E+02 5.113639851E+01 1.018703928E+02 1.680628446E+01 1.380987085E+01
4.840000000E+07 1.048828650E+02 5.095695359E+01 1.015138561E+02 1.674977874E+01 1.376271557E+01
4.860000000E+07 1.045085698E+02 5.077885373E+01 1.011599835E+02 1.669368375E+01 1.371590678E+01
4.880000000E+07 1.041371065E+02 5.060208348E+01 1.008087443E+02 1.663799491E+01 1.366944056E+01
4.900000000E+07 1.037684422E+02 5.042662763E+01 1.004601085E+02 1.658270768E+01 1.362331306E+01
4.920000000E+07 1.034025449E+02 5.025247121E+01 1.001140466E+02 1.652781760E+01 1.357752049E+01
4.940000000E+07 1.030393827E+02 5.007959945E+01 9.977052944E+01 1.647332028E+01 1.353205911E+01
4.960000000E+07 1.026789244E+02 4.990799783E+01 9.942952834E+01 1.641921139E+01 1.348692523E+01
4.980000000E+07 1.023211393E+02 4.973765208E+01 9.909101510E+01 1.636548667E+01 1.344211523E+01
5.000000000E+07 1.019659970E+02 4.956854804E+01 9.875496179E+01 1.631214190E+01 1.339762553E+01
5.020000000E+07 1.016134677E+02 4.940067190E+01 9.842134112E+01 1.625917296E+01 1.335345261E+01
5.040000000E+07 1.012635220E+02 4.923401000E+01 9.809012610E+01 1.620657577E+01 1.330959302E+01
5.060000000E+07 1.009161310E+02 4.906854881E+01 9.776129004E+01 1.615434630E+01 1.326604331E+01
5.080000000E+07 1.005712663E+02 4.890427515E+01 9.743480688E+01 1.610248060E+01 1.322280014E+01
5.100000000E+07 1.002288996E+02 4.874117589E+01 9.711065072E+01 1.605097476E+01 1.317986018E+01
5.120000000E+07 9.988900340E+01 4.857923822E+01 9.678879619E+01 1.599982493E+01 1.313722017E+01
5.140000000E+07 9.955155045E+01 4.841844944E+01 9.646921828E+01 1.594902735E+01 1.309487689E+01
5.160000000E+07 9.921651384E+01 4.825879704E+01 9.615189224E+01 1.589857825E+01 1.305282715E+01
5.180000000E+07 9.888386718E+01 4.810026872E+01 9.583679377E+01 1.584847396E+01 1.301106784E+01
5.200000000E+07 9.855358437E+01 4.794285234E+01 9.552389888E+01 1.579871084E+01 1.296959586E+01
5.220000000E+07 9.822563980E+01 4.778653597E+01 9.521318403E+01 1.574928533E+01 1.292840818E+01
5.240000000E+07 9.790000815E+01 4.763130782E+01 9.490462590E+01 1.570019390E+01 1.288750181E+01
5.260000000E+07 9.757666446E+01 4.747715626E+01 9.459820153E+01 1.565143306E+01 1.284687378E+01
5.280000000E+07 9.725558423E+01 4.732406988E+01 9.429388832E+01 1.560299939E+01 1.280652118E+01
5.300000000E+07 9.693674318E+01 4.717203737E+01 9.399166399E+01 1.555488950E+01 1.276644116E+01
5.320000000E+07 9.662011746E+01 4.702104761E+01 9.369150653E+01 1.550710007E+01 1.272663086E+01
5.340000000E+07 9.630568355E+01 4.687108966E+01 9.339339432E+01 1.545962780E+01 1.268708751E+01
5.360000000E+07 9.599341826E+01 4.672215269E+01 9.309730598E+01 1.541246945E+01 1.264780836E+01
5.380000000E+07 9.568329872E+01 4.657422605E+01 9.280322043E+01 1.536562182E+01 1.260879068E+01
5.400000000E+07 9.537530242E+01 4.642729924E+01 9.251111695E+01 1.531908177E+01 1.257003180E+01
5.420000000E+07 9.506940717E+01 4.628136192E+01 9.222097506E+01 1.527284619E+01 1.253152909E+01
5.440000000E+07 9.476559102E+01 4.613640386E+01 9.193277457E+01 1.522691199E+01 1.249327994E+01
5.460000000E+07 9.446383236E+01 4.599241498E+01 9.164649554E+01 1.518127617E+01 1.245528178E+01
5.480000000E+07 9.416410991E+01 4.584938534E+01 9.136211834E+01 1.513593572E+01 1.241753209E+01
5.500000000E+07 9.386640271E+01 4.570730519E+01 9.107962367E+01 1.509088772E+01 1.238002836E+01
5.520000000E+07 9.357068997E+01 4.556616482E+01 9.079899234E+01 1.504612925E+01 1.234276812E+01
5.540000000E+07 9.327695139E+01 4.542595474E+01 9.052020560E+01 1.500165745E+01 1.230574896E+01
5.560000000E+07 9.298516669E+01 4.528666551E+01 9.024324480E+01 1.495746949E+01 1.226896847E+01
5.580000000E+07 9.269531610E+01 4.514828791E+01 8.996809167E+01 1.491356258E+01 1.223242429E+01
5.600000000E+07 9.240738002E+01 4.501081277E+01 8.969472807E+01 1.486993397E+01 1.219611408E+01
5.620000000E+07 9.212133908E+01 4.487423105E+01 8.942313621E+01 1.482658093E+01 1.216003553E+01
5.640000000E+07 9.183717425E+01 4.473853389E+01 8.915329847E+01 1.478350080E+01 1.212418639E+01
5.660000000E+07 9.155486671E+01 4.460371248E+01 8.888519750E+01 1.474069092E+01 1.208856440E+01
5.680000000E+07 9.127439786E+01 4.446975816E+01 8.861881612E+01 1.469814868E+01 1.205316735E+01
5.700000000E+07 9.099574951E+01 4.433666241E+01 8.835413751E+01 1.465587152E+01 1.201799307E+01
5.720000000E+07 9.071890349E+01 4.420441675E+01 8.809114492E+01 1.461385687E+01 1.198303938E+01
5.740000000E+07 9.044384206E+01 4.407301290E+01 8.782982192E+01 1.457210224E+01 1.194830417E+01
5.760000000E+07 9.017054763E+01 4.394244265E+01 8.757015228E+01 1.453060514E+01 1.191378534E+01
5.780000000E+07 8.989900282E+01 4.381269787E+01 8.731211995E+01 1.448936314E+01 1.187948082E+01
5.800000000E+07 8.962919047E+01 4.368377054E+01 8.705570908E+01 1.444837380E+01 1.184538856E+01
5.820000000E+07 8.936109376E+01 4.355565281E+01 8.680090409E+01 1.440763475E+01 1.181150653E+01
5.840000000E+07 8.909469599E+01 4.342833687E+01 8.654768957E+01 1.436714364E+01 1.177783276E+01
5.860000000E+07 8.882998077E+01 4.330181505E+01 8.629605032E+01 1.432689815E+01 1.174436527E+01
5.880000000E+07 8.856693173E+01 4.317607971E+01 8.604597126E+01 1.428689597E+01 1.171110211E+01
5.900000000E+07 8.830553292E+01 4.305112340E+01 8.579743760E+01 1.424713484E+01 1.167804138E+01
5.920000000E+07 8.804576852E+01 4.292693870E+01 8.555043472E+01 1.420761253E+01 1.164518117E+01
5.940000000E+07 8.778762291E+01 4.280351833E+01 8.530494819E+01 1.416832684E+01 1.161251962E+01
5.960000000E+07 8.753108062E+01 4.268085505E+01 8.506096365E+01 1.412927555E+01 1.158005488E+01
5.980000000E+07 8.727612648E+01 4.255894177E+01 8.481846710E+01 1.409045655E+01 1.154778513E+01
6.000000000E+07 8.702274546E+01 4.243777144E+01 8.457744462E+01 1.405186769E+01 1.151570856E+01
6.020000000E+07 8.677092273E+01 4.231733714E+01 8.433788247E+01 1.401350687E+01 1.148382341E+01
6.040000000E+07 8.652064364E+01 4.219763200E+01 8.409976709E+01 1.397537202E+01 1.145212791E+01
6.060000000E+07 8.627189370E+01 4.207864927E+01 8.386308508E+01 1.393746109E+01 1.142062034E+01
6.080000000E+07 8.602465863E+01 4.196038224E+01 8.362782320E+01 1.389977205E+01 1.138929896E+01
6.100000000E+07 8.577892437E+01 4.184282434E+01 8.339396846E+01 1.386230291E+01 1.135816211E+01
6.120000000E+07 8.553467698E+01 4.172596905E+01 8.316150791E+01 1.382505169E+01 1.132720810E+01
6.140000000E+07 8.529190266E+01 4.160980991E+01 8.293042878E+01 1.378801642E+01 1.129643528E+01
6.160000000E+07 8.505058792E+01 4.149434060E+01 8.270071856E+01 1.375119521E+01 1.126584204E+01
6.180000000E+07 8.481071930E+01 4.137955482E+01 8.247236481E+01 1.371458612E+01 1.123542674E+01
6.200000000E+07 8.457228355E+01 4.126544636E+01 8.224535521E+01 1.367818729E+01 1.120518781E+01
6.220000000E+07 8.433526758E+01 4.115200912E+01 8.201967768E+01 1.364199685E+01 1.117512366E+01
6.240000000E+07 8.409965852E+01 4.103923703E+01 8.179532021E+01 1.360601296E+01 1.114523276E+01
6.260000000E+07 8.386544352E+01 4.092712409E+01 8.157227096E+01 1.357023381E+01 1.111551356E+01
6.280000000E+07 8.363261005E+01 4.081566445E+01 8.135051828E+01 1.353465761E+01 1.108596454E+01
6.300000000E+07 8.340114564E+01 4.070485226E+01 8.113005062E+01 1.349928259E+01 1.105658422E+01
6.320000000E+07 8.317103795E+01 4.059468171E+01 8.091085651E+01 1.346410699E+01 1.102737111E+01
6.340000000E+07 8.294227488E+01 4.048514715E+01 8.069292474E+01 1.342912908E+01 1.099832374E+01
6.360000000E+07 8.271484435E+01 4.037624294E+01 8.047624413E+01 1.339434715E+01 1.096944067E+01
6.380000000E+07 8.248873457E+01 4.026796353E+01 8.026080369E+01 1.335975951E+01 1.094072048E+01
6.400000000E+07 8.226393379E+01 4.016030343E+01 8.004659255E+01 1.332536449E+01 1.091216174E+01
6.420000000E+07 8.204043042E+01 4.005325719E+01 7.983359994E+01 1.329116044E+01 1.088376308E+01
6.440000000E+07 8.181821300E+01 3.994681944E+01 7.962181524E+01 1.325714572E+01 1.085552310E+01
6.460000000E+07 8.159727025E+01 3.984098491E+01 7.941122797E+01 1.322331873E+01 1.082744044E+01
6.480000000E+07 8.137759100E+01 3.973574834E+01 7.920182775E+01 1.318967786E+01 1.079951376E+01
6.500000000E+07 8.115916414E+01 3.963110454E+01 7.899360429E+01 1.315622154E+01 1.077174173E+01
6.520000000E+07 8.094197886E+01 3.952704843E+01 7.878654751E+01 1.312294821E+01 1.074412303E+01
6.540000000E+07 8.072602428E+01 3.942357492E+01 7.858064735E+01 1.308985633E+01 1.071665635E+01
6.560000000E+07 8.051128978E+01 3.932067901E+01 7.837589393E+01 1.305694437E+01 1.068934041E+01
6.580000000E+07 8.029776484E+01 3.921835579E+01 7.817227746E+01 1.302421083E+01 1.066217394E+01
6.600000000E+07 8.008543907E+01 3.911660035E+01 7.796978829E+01 1.299165424E+01 1.063515570E+01
6.620000000E+07 7.987430209E+01 3.901540786E+01 7.776841681E+01 1.295927309E+01 1.060828442E+01
6.640000000E+07 7.966434378E+01 3.891477355E+01 7.756815357E+01 1.292706594E+01 1.058155888E+01
6.660000000E+07 7.945555412E+01 3.881469272E+01 7.736898928E+01 1.289503137E+01 1.055497787E+01
6.680000000E+07 7.924792307E+01 3.871516067E+01 7.717091461E+01 1.286316792E+01 1.052854018E+01
6.700000000E+07 7.904144088E+01 3.861617281E+01 7.697392050E+01 1.283147421E+01 1.050224463E+01
6.720000000E+07 7.883609782E+01 3.851772457E+01 7.677799789E+01 1.279994884E+01 1.047609004E+01
6.740000000E+07 7.863188425E+01 3.841981146E+01 7.658313785E+01 1.276859043E+01 1.045007526E+01
6.760000000E+07 7.842879074E+01 3.832242900E+01 7.638933154E+01 1.273739762E+01 1.042419913E+01
6.780000000E+07 7.822680790E+01 3.822557282E+01 7.619657027E+01 1.270636908E+01 1.039846052E+01
6.800000000E+07 7.802592637E+01 3.812923851E+01 7.600484535E+01 1.267550346E+01 1.037285830E+01
6.820000000E+07 7.782613697E+01 3.803342178E+01 7.581414824E+01 1.264479943E+01 1.034739136E+01
6.840000000E+07 7.762743072E+01 3.793811839E+01 7.562447055E+01 1.261425572E+01 1.032205861E+01
6.860000000E+07 7.742979857E+01 3.784332409E+01 7.543580387E+01 1.258387102E+01 1.029685896E+01
6.880000000E+07 7.723323168E+01 3.774903474E+01 7.524814000E+01 1.255364406E+01 1.027179134E+01
6.900000000E+07 7.703772124E+01 3.765524620E+01 7.506147071E+01 1.252357358E+01 1.024685467E+01
6.920000000E+07 7.684325863E+01 3.756195441E+01 7.487578799E+01 1.249365834E+01 1.022204791E+01
6.940000000E+07 7.664983521E+01 3.746915533E+01 7.469108382E+01 1.246389710E+01 1.019737002E+01
6.960000000E+07 7.645744249E+01 3.737684495E+01 7.450735025E+01 1.243428863E+01 1.017281997E+01
6.980000000E+07 7.626607213E+01 3.728501936E+01 7.432457954E+01 1.240483174E+01 1.014839675E+01
7.000000000E+07 7.607571574E+01 3.719367463E+01 7.414276388E+01 1.237552521E+01 1.012409933E+01
7.020000000E+07 7.588636520E+01 3.710280693E+01 7.396189571E+01 1.234636789E+01 1.009992674E+01
7.040000000E+07 7.569801237E+01 3.701241243E+01 7.378196742E+01 1.231735860E+01 1.007587799E+01
7.060000000E+07 7.551064916E+01 3.692248733E+01 7.360297152E+01 1.228849617E+01 1.005195209E+01
7.080000000E+07 7.532426769E+01 3.683302794E+01 7.342490063E+01 1.225977948E+01 1.002814809E+01
7.100000000E+07 7.513886005E+01 3.674403053E+01 7.324774739E+01 1.223120737E+01 1.000446502E+01
7.120000000E+07 7.495441843E+01 3.665549144E+01 7.307150456E+01 1.220277873E+01 9.980901955E+00
7.140000000E+07 7.477093524E+01 3.656740709E+01 7.289616501E+01 1.217449246E+01 9.957457950E+00
7.160000000E+07 7.458840278E+01 3.647977385E+01 7.272172159E+01 1.214634744E+01 9.934132078E+00
7.180000000E+07 7.440681357E+01 3.639258821E+01 7.254816733E+01 1.211834261E+01 9.910923432E+00
7.200000000E+07 7.422616011E+01 3.630584666E+01 7.237549526E+01 1.209047688E+01 9.887831102E+00
7.220000000E+07 7.404643512E+01 3.621954575E+01 7.220369852E+01 1.206274920E+01 9.864854194E+00
7.240000000E+07 7.386763122E+01 3.613368204E+01 7.203277031E+01 1.203515850E+01 9.841991821E+00
7.260000000E+07 7.368974120E+01 3.604825210E+01 7.186270386E+01 1.200770374E+01 9.819243099E+00
7.280000000E+07 7.351275798E+01 3.596325263E+01 7.169349260E+01 1.198038391E+01 9.796607173E+00
7.300000000E+07 7.333667444E+01 3.587868026E+01 7.152512987E+01 1.195319797E+01 9.774083175E+00
7.320000000E+07 7.316148361E+01 3.579453172E+01 7.135760915E+01 1.192614491E+01 9.751670252E+00
7.340000000E+07 7.298717856E+01 3.571080375E+01 7.119092402E+01 1.189922373E+01 9.729367569E+00
7.360000000E+07 7.281375251E+01 3.562749316E+01 7.102506810E+01 1.187243346E+01 9.707174292E+00
7.380000000E+07 7.264119859E+01 3.554459671E+01 7.086003503E+01 1.184577309E+01 9.685089593E+00
7.400000000E+07 7.246951011E+01 3.546211127E+01 7.069581857E+01 1.181924167E+01 9.663112654E+00
7.420000000E+07 7.229868048E+01 3.538003371E+01 7.053241253E+01 1.179283824E+01 9.641242670E+00
7.440000000E+07 7.212870314E+01 3.529836095E+01 7.036981078E+01 1.176656184E+01 9.619478842E+00
7.460000000E+07 7.195957156E+01 3.521708993E+01 7.020800728E+01 1.174041153E+01 9.597820379E+00
7.480000000E+07 7.179127932E+01 3.513621763E+01 7.004699601E+01 1.171438639E+01 9.576266495E+00
7.500000000E+07 7.162382001E+01 3.505574101E+01 6.988677097E+01 1.168848549E+01 9.554816411E+00
7.520000000E+07 7.145718741E+01 3.497565715E+01 6.972732637E+01 1.166270792E+01 9.533469365E+00
7.540000000E+07 7.129137522E+01 3.489596309E+01 6.956865632E+01 1.163705277E+01 9.512224593E+00
7.560000000E+07 7.112637732E+01 3.481665593E+01 6.941075510E+01 1.161151915E+01 9.491081344E+00
7.580000000E+07 7.096218753E+01 3.473773279E+01 6.925361696E+01 1.158610617E+01 9.470038870E+00
7.600000000E+07 7.079879983E+01 3.465919080E+01 6.909723626E+01 1.156081296E+01 9.449096433E+00
7.620000000E+07 7.063620826E+01 3.458102718E+01 6.894160743E+01 1.153563865E+01 9.428253304E+00
7.640000000E+07 7.047440687E+01 3.450323911E+01 6.878672492E+01 1.151058237E+01 9.407508761E+00
7.660000000E+07 7.031338979E+01 3.442582384E+01 6.863258324E+01 1.148564328E+01 9.386862085E+00
7.680000000E+07 7.015315115E+01 3.434877860E+01 6.847917693E+01 1.146082052E+01 9.366312562E+00
7.700000000E+07 6.999368533E+01 3.427210072E+01 6.832650068E+01 1.143611328E+01 9.345859498E+00
7.720000000E+07 6.983498651E+01 3.419578748E+01 6.817454911E+01 1.141152071E+01 9.325502194E+00
7.740000000E+07 6.967704911E+01 3.411983625E+01 6.802331697E+01 1.138704200E+01 9.305239958E+00
7.760000000E+07 6.951986757E+01 3.404424439E+01 6.787279907E+01 1.136267634E+01 9.285072114E+00
7.780000000E+07 6.936343627E+01 3.396900929E+01 6.772299018E+01 1.133842292E+01 9.264997980E+00
7.800000000E+07 6.920774984E+01 3.389412837E+01 6.757388524E+01 1.131428096E+01 9.245016892E+00
7.820000000E+07 6.905280280E+01 3.381959908E+01 6.742547916E+01 1.129024965E+01 9.225128184E+00
7.840000000E+07 6.889858976E+01 3.374541888E+01 6.727776689E+01 1.126632822E+01 9.205331199E+00
7.860000000E+07 6.874510550E+01 3.367158528E+01 6.713074352E+01 1.124251591E+01 9.185625293E+00
7.880000000E+07 6.859234465E+01 3.359809578E+01 6.698440408E+01 1.121881193E+01 9.166009816E+00
7.900000000E+07 6.844030207E+01 3.352494794E+01 6.683874371E+01 1.119521552E+01 9.146484129E+00
7.920000000E+07 6.828897257E+01 3.345213931E+01 6.669375758E+01 1.117172596E+01 9.127047608E+00
7.940000000E+07 6.813835103E+01 3.337966749E+01 6.654944092E+01 1.114834248E+01 9.107699622E+00
7.960000000E+07 6.798843242E+01 3.330753008E+01 6.640578898E+01 1.112506434E+01 9.088439551E+00
7.980000000E+07 6.783921167E+01 3.323572473E+01 6.626279707E+01 1.110189083E+01 9.069266783E+00
8.000000000E+07 6.769068389E+01 3.316424910E+01 6.612046056E+01 1.107882121E+01 9.050180713E+00
8.020000000E+07 6.754284409E+01 3.309310086E+01 6.597877482E+01 1.105585476E+01 9.031180731E+00
8.040000000E+07 6.739568749E+01 3.302227771E+01 6.583773532E+01 1.103299079E+01 9.012266248E+00
8.060000000E+07 6.724920917E+01 3.295177739E+01 6.569733753E+01 1.101022858E+01 8.993436670E+00
8.080000000E+07 6.710340436E+01 3.288159761E+01 6.555757695E+01 1.098756743E+01 8.974691407E+00
8.100000000E+07 6.695826840E+01 3.281173618E+01 6.541844920E+01 1.096500667E+01 8.956029887E+00
8.120000000E+07 6.681379654E+01 3.274219086E+01 6.527994986E+01 1.094254559E+01 8.937451530E+00
8.140000000E+07 6.666998413E+01 3.267295946E+01 6.514207459E+01 1.092018353E+01 8.918955767E+00
8.160000000E+07 6.652682662E+01 3.260403983E+01 6.500481907E+01 1.089791981E+01 8.900542035E+00
8.180000000E+07 6.638431943E+01 3.253542979E+01 6.486817905E+01 1.087575377E+01 8.882209776E+00
8.200000000E+07 6.624245802E+01 3.246712722E+01 6.473215027E+01 1.085368474E+01 8.863958433E+00
8.220000000E+07 6.610123792E+01 3.239913001E+01 6.459672856E+01 1.083171208E+01 8.845787458E+00
8.240000000E+07 6.596065470E+01 3.233143606E+01 6.446190976E+01 1.080983513E+01 8.827696306E+00
8.260000000E+07 6.582070401E+01 3.226404331E+01 6.432768979E+01 1.078805326E+01 8.809684444E+00
8.280000000E+07 6.568138147E+01 3.219694971E+01 6.419406455E+01 1.076636583E+01 8.791751335E+00
8.300000000E+07 6.554268281E+01 3.213015322E+01 6.406103002E+01 1.074477221E+01 8.773896451E+00
8.320000000E+07 6.540460368E+01 3.206365181E+01 6.392858216E+01 1.072327177E+01 8.756119263E+00
8.340000000E+07 6.526713988E+01 3.199744349E+01 6.379671702E+01 1.070186389E+01 8.738419255E+00
8.360000000E+07 6.513028730E+01 3.193152630E+01 6.366543072E+01 1.068054798E+01 8.720795916E+00
8.380000000E+07 6.499404167E+01 3.186589824E+01 6.353471928E+01 1.065932340E+01 8.703248727E+00
8.400000000E+07 6.485839893E+01 3.180055740E+01 6.340457891E+01 1.063818956E+01 8.685777188E+00
8.420000000E+07 6.472335501E+01 3.173550185E+01 6.327500579E+01 1.061714587E+01 8.668380800E+00
8.440000000E+07 6.458890586E+01 3.167072967E+01 6.314599609E+01 1.059619173E+01 8.651059062E+00
8.460000000E+07 6.445504745E+01 3.160623896E+01 6.301754609E+01 1.057532656E+01 8.633811484E+00
8.480000000E+07 6.432177588E+01 3.154202787E+01 6.288965206E+01 1.055454978E+01 8.616637578E+00
8.500000000E+07 6.418908711E+01 3.147809451E+01 6.276231026E+01 1.053386080E+01 8.599536855E+00
8.520000000E+07 6.405697737E+01 3.141443709E+01 6.263551714E+01 1.051325907E+01 8.582508848E+00
8.540000000E+07 6.392544271E+01 3.135105374E+01 6.250926901E+01 1.049274400E+01 8.565553071E+00
8.560000000E+07 6.379447935E+01 3.128794267E+01 6.238356231E+01 1.047231505E+01 8.548669062E+00
8.580000000E+07 6.366408347E+01 3.122510208E+01 6.225839345E+01 1.045197165E+01 8.531856346E+00
8.600000000E+07 6.353425131E+01 3.116253019E+01 6.213375891E+01 1.043171325E+01 8.515114462E+00
8.620000000E+07 6.340497915E+01 3.110022526E+01 6.200965524E+01 1.041153932E+01 8.498442957E+00
8.640000000E+07 6.327626333E+01 3.103818553E+01 6.188607893E+01 1.039144929E+01 8.481841372E+00
8.660000000E+07 6.314810018E+01 3.097640929E+01 6.176302659E+01 1.037144265E+01 8.465309262E+00
8.680000000E+07 6.302048601E+01 3.091489478E+01 6.164049474E+01 1.035151885E+01 8.448846171E+00
8.700000000E+07 6.289341733E+01 3.085364034E+01 6.151848009E+01 1.033167738E+01 8.432451665E+00
8.720000000E+07 6.276689047E+01 3.079264426E+01 6.139697923E+01 1.031191769E+01 8.416125298E+00
8.740000000E+07 6.264090199E+01 3.073190491E+01 6.127598891E+01 1.029223928E+01 8.399866641E+00
8.760000000E+07 6.251544830E+01 3.067142059E+01 6.115550576E+01 1.027264163E+01 8.383675257E+00
8.780000000E+07 6.239052601E+01 3.061118968E+01 6.103552660E+01 1.025312423E+01 8.367550724E+00
8.800000000E+07 6.226613167E+01 3.055121056E+01 6.091604819E+01 1.023368658E+01 8.351492617E+00
8.820000000E+07 6.214226183E+01 3.049148161E+01 6.079706730E+01 1.021432817E+01 8.335500513E+00
8.840000000E+07 6.201891309E+01 3.043200120E+01 6.067858073E+01 1.019504851E+01 8.319573992E+00
8.860000000E+07 6.189608220E+01 3.037276780E+01 6.056058541E+01 1.017584711E+01 8.303712649E+00
8.880000000E+07 6.177376573E+01 3.031377981E+01 6.044307815E+01 1.015672346E+01 8.287916069E+00
8.900000000E+07 6.165196047E+01 3.025503568E+01 6.032605591E+01 1.013767711E+01 8.272183849E+00
8.920000000E+07 6.153066310E+01 3.019653385E+01 6.020951560E+01 1.011870755E+01 8.256515583E+00
8.940000000E+07 6.140987036E+01 3.013827279E+01 6.009345415E+01 1.009981431E+01 8.240910870E+00
8.960000000E+07 6.128957915E+01 3.008025101E+01 5.997786860E+01 1.008099693E+01 8.225369322E+00
8.980000000E+07 6.116978620E+01 3.002246698E+01 5.986275594E+01 1.006225493E+01 8.209890539E+00
9.000000000E+07 6.105048835E+01 2.996491920E+01 5.974811317E+01 1.004358784E+01 8.194474132E+00
9.020000000E+07 6.093168249E+01 2.990760621E+01 5.963393740E+01 1.002499522E+01 8.179119718E+00
9.040000000E+07 6.081336555E+01 2.985052653E+01 5.952022570E+01 1.000647659E+01 8.163826913E+00
9.060000000E+07 6.069553444E+01 2.979367871E+01 5.940697518E+01 9.988031516E+00 8.148595338E+00
9.080000000E+07 6.057818610E+01 2.973706132E+01 5.929418297E+01 9.969659537E+00 8.133424615E+00
9.100000000E+07 6.046131750E+01 2.968067290E+01 5.918184622E+01 9.951360208E+00 8.118314369E+00
9.120000000E+07 6.034492567E+01 2.962451206E+01 5.906996215E+01 9.933133094E+00 8.103264234E+00
9.140000000E+07 6.022900758E+01 2.956857735E+01 5.895852790E+01 9.914977745E+00 8.088273836E+00
9.160000000E+07 6.011356039E+01 2.951286744E+01 5.884754079E+01 9.896893742E+00 8.073342822E+00
9.180000000E+07 5.999858103E+01 2.945738087E+01 5.873699797E+01 9.878880637E+00 8.058470817E+00
9.200000000E+07 5.988406675E+01 2.940211634E+01 5.862689680E+01 9.860938016E+00 8.043657474E+00
9.220000000E+07 5.977001455E+01 2.934707244E+01 5.851723452E+01 9.843065443E+00 8.028902429E+00
9.240000000E+07 5.965642167E+01 2.929224784E+01 5.840800848E+01 9.825262506E+00 8.014205337E+00
9.260000000E+07 5.954328523E+01 2.923764119E+01 5.829921601E+01 9.807528783E+00 7.999565842E+00
9.280000000E+07 5.943060245E+01 2.918325117E+01 5.819085447E+01 9.789863861E+00 7.984983601E+00
9.300000000E+07 5.931837058E+01 2.912907648E+01 5.808292128E+01 9.772267334E+00 7.970458272E+00
9.320000000E+07 5.920658679E+01 2.907511578E+01 5.797541379E+01 9.754738787E+00 7.955989508E+00
9.340000000E+07 5.909524839E+01 2.902136780E+01 5.786832946E+01 9.737277820E+00 7.941576974E+00
9.360000000E+07 5.898435264E+01 2.896783124E+01 5.776166573E+01 9.719884029E+00 7.927220332E+00
9.380000000E+07 5.887389692E+01 2.891450484E+01 5.765542010E+01 9.702557025E+00 7.912919256E+00
9.400000000E+07 5.876387851E+01 2.886138733E+01 5.754959002E+01 9.685296404E+00 7.898673408E+00
9.420000000E+07 5.865429476E+01 2.880847745E+01 5.744417301E+01 9.668101779E+00 7.884482465E+00
9.440000000E+07 5.854514303E+01 2.875577397E+01 5.733916660E+01 9.650972759E+00 7.870346097E+00
9.460000000E+07 5.843642076E+01 2.870327563E+01 5.723456834E+01 9.633908962E+00 7.856263986E+00
9.480000000E+07 5.832812534E+01 2.865098123E+01 5.713037581E+01 9.616910005E+00 7.842235812E+00
9.500000000E+07 5.822025421E+01 2.859888956E+01 5.702658658E+01 9.599975508E+00 7.828261254E+00
9.520000000E+07 5.811280485E+01 2.854699940E+01 5.692319828E+01 9.583105095E+00 7.814340001E+00
9.540000000E+07 5.800577473E+01 2.849530957E+01 5.682020852E+01 9.566298394E+00 7.800471739E+00
9.560000000E+07 5.789916135E+01 2.844381888E+01 5.671761498E+01 9.549555039E+00 7.786656162E+00
9.580000000E+07 5.779296219E+01 2.839252613E+01 5.661541527E+01 9.532874651E+00 7.772892954E+00
9.600000000E+07 5.768717488E+01 2.834143020E+01 5.651360713E+01 9.516256879E+00 7.759181820E+00
9.620000000E+07 5.758179689E+01 2.829052989E+01 5.641218821E+01 9.499701351E+00 7.745522449E+00
9.640000000E+07 5.747682585E+01 2.823982409E+01 5.631115627E+01 9.483207714E+00 7.731914546E+00
9.660000000E+07 5.737225931E+01 2.818931162E+01 5.621050902E+01 9.466775609E+00 7.718357811E+00
9.680000000E+07 5.726809496E+01 2.813899139E+01 5.611024424E+01 9.450404688E+00 7.704851950E+00
9.700000000E+07 5.716433037E+01 2.808886226E+01 5.601035970E+01 9.434094595E+00 7.691396668E+00
9.720000000E+07 5.706096323E+01 2.803892311E+01 5.591085317E+01 9.417844984E+00 7.677991676E+00
9.740000000E+07 5.695799122E+01 2.798917286E+01 5.581172248E+01 9.401655511E+00 7.664636684E+00
9.760000000E+07 5.685541201E+01 2.793961040E+01 5.571296545E+01 9.385525833E+00 7.651331406E+00
9.780000000E+07 5.675322332E+01 2.789023465E+01 5.561457993E+01 9.369455612E+00 7.638075558E+00
9.800000000E+07 5.665142288E+01 2.784104453E+01 5.551656377E+01 9.353444508E+00 7.624868858E+00
9.820000000E+07 5.655000840E+01 2.779203895E+01 5.541891482E+01 9.337492185E+00 7.611711022E+00
9.840000000E+07 5.644897769E+01 2.774321688E+01 5.532163101E+01 9.321598315E+00 7.598601779E+00
9.860000000E+07 5.634832855E+01 2.769457727E+01 5.522471027E+01 9.305762571E+00 7.585540852E+00
9.880000000E+07 5.624805870E+01 2.764611905E+01 5.512815046E+01 9.289984618E+00 7.572527963E+00
9.900000000E+07 5.614816600E+01 2.759784118E+01 5.503194955E+01 9.274264134E+00 7.559562843E+00
9.920000000E+07 5.604864830E+01 2.754974267E+01 5.493610552E+01 9.258600804E+00 7.546645226E+00
9.940000000E+07 5.594950343E+01 2.750182248E+01 5.484061631E+01 9.242994301E+00 7.533774841E+00
9.960000000E+07 5.585072925E+01 2.745407958E+01 5.474547991E+01 9.227444309E+00 7.520951423E+00
9.980000000E+07 5.575232363E+01 2.740651297E+01 5.465069435E+01 9.211950515E+00 7.508174710E+00
1.000000000E+08 5.565428449E+01 2.735912167E+01 5.455625762E+01 9.196512605E+00 7.495444440E+00
