1.000000000E+06 1.172964198E+02 5.229249167E+01 1.008678771E+02 1.387025078E+01 1.226176430E+01
1.200000000E+06 1.017087278E+02 4.576997881E+01 8.872213880E+01 1.246632779E+01 1.092112267E+01
1.400000000E+06 9.003803508E+01 4.081341476E+01 7.940715352E+01 1.134331555E+01 9.869257633E+00
1.600000000E+06 8.094305475E+01 3.690633132E+01 7.201269344E+01 1.042339778E+01 9.019738774E+00
1.800000000E+06 7.363800815E+01 3.373931085E+01 6.598547424E+01 9.654945508E+00 8.317794781E+00
2.000000000E+06 6.763044906E+01 3.111505157E+01 6.096863533E+01 9.002505018E+00 7.726993569E+00
2.200000000E+06 6.259528592E+01 2.890152359E+01 5.672118803E+01 8.440957815E+00 7.222124977E+00
2.400000000E+06 5.830881852E+01 2.700678732E+01 5.307400300E+01 7.952014081E+00 6.785164517E+00
2.600000000E+06 5.461183162E+01 2.536480946E+01 4.990485237E+01 7.522035654E+00 6.402866901E+00
2.800000000E+06 5.138776725E+01 2.392683250E+01 4.712298001E+01 7.140640197E+00 6.065269254E+00
3.000000000E+06 4.854924500E+01 2.265605403E+01 4.465956777E+01 6.799779488E+00 5.764725931E+00
3.200000000E+06 4.602940769E+01 2.152413291E+01 4.246139753E+01 6.493114469E+00 5.495266485E+00
3.400000000E+06 4.377619021E+01 2.050887839E+01 4.048665167E+01 6.215581356E+00 5.252156907E+00
3.600000000E+06 4.174841483E+01 1.959265084E+01 3.870198104E+01 5.963083948E+00 5.031592592E+00
3.800000000E+06 3.991306724E+01 1.876124447E+01 3.708045180E+01 5.732271260E+00 4.830478949E+00
4.000000000E+06 3.824335503E+01 1.800308329E+01 3.560005938E+01 5.520374041E+00 4.646271690E+00
4.200000000E+06 3.671729766E+01 1.730863454E+01 3.424264062E+01 5.325082715E+00 4.476858618E+00
4.400000000E+06 3.531668501E+01 1.666997356E+01 3.299306439E+01 5.144454971E+00 4.320470804E+00
4.600000000E+06 3.402629650E+01 1.608045554E+01 3.183861857E+01 4.976844901E+00 4.175614934E+00
4.800000000E+06 3.283330740E+01 1.553446504E+01 3.076854116E+01 4.820848019E+00 4.041021146E+00
5.000000000E+06 3.172683192E+01 1.502722251E+01 2.977365720E+01 4.675258153E+00 3.915602355E+00
5.200000000E+06 3.069756753E+01 1.455463307E+01 2.884609401E+01 4.539033308E+00 3.798422202E+00
5.400000000E+06 2.973751511E+01 1.411316708E+01 2.797905618E+01 4.411268384E+00 3.688669559E+00
5.600000000E+06 2.883975680E+01 1.369976511E+01 2.716664587E+01 4.291173197E+00 3.585638073E+00
5.800000000E+06 2.799827795E+01 1.331176151E+01 2.640371803E+01 4.178054622E+00 3.488709621E+00
6.000000000E+06 2.720782329E+01 1.294682248E+01 2.568576307E+01 4.071301993E+00 3.397340814E+00
6.200000000E+06 2.646377993E+01 1.260289559E+01 2.500881081E+01 3.970375074E+00 3.311051933E+00
6.400000000E+06 2.576208137E+01 1.227816824E+01 2.436935154E+01 3.874794089E+00 3.229417776E+00
6.600000000E+06 2.509912836E+01 1.197103335E+01 2.376427053E+01 3.784131411E+00 3.152060056E+00
6.800000000E+06 2.447172320E+01 1.168006079E+01 2.319079355E+01 3.698004594E+00 3.078641039E+00
7.000000000E+06 2.387701482E+01 1.140397347E+01 2.264644117E+01 3.616070503E+00 3.008858204E+00
7.200000000E+06 2.331245274E+01 1.114162723E+01 2.212899030E+01 3.538020333E+00 2.942439725E+00
7.400000000E+06 2.277574816E+01 1.089199385E+01 2.163644160E+01 3.463575383E+00 2.879140635E+00
7.600000000E+06 2.226484104E+01 1.065414660E+01 2.116699180E+01 3.392483438E+00 2.818739559E+00
7.800000000E+06 2.177787196E+01 1.042724792E+01 2.071901004E+01 3.324515661E+00 2.761035914E+00
8.000000000E+06 2.131315813E+01 1.021053884E+01 2.029101755E+01 3.259463921E+00 2.705847500E+00
8.200000000E+06 2.086917275E+01 1.000332993E+01 1.988167018E+01 3.197138478E+00 2.653008418E+00
8.400000000E+06 2.044452720E+01 9.804993402E+00 1.948974333E+01 3.137365977E+00 2.602367276E+00
8.600000000E+06 2.003795568E+01 9.614956367E+00 1.911411879E+01 3.079987697E+00 2.553785617E+00
8.800000000E+06 1.964830178E+01 9.432694873E+00 1.875377336E+01 3.024858026E+00 2.507136554E+00
9.000000000E+06 1.927450683E+01 9.257728759E+00 1.840776888E+01 2.971843117E+00 2.462303577E+00
9.200000000E+06 1.891559977E+01 9.089617140E+00 1.807524350E+01 2.920819715E+00 2.419179499E+00
9.400000000E+06 1.857068813E+01 8.927954433E+00 1.775540401E+01 2.871674120E+00 2.377665540E+00
9.600000000E+06 1.823895024E+01 8.772366864E+00 1.744751908E+01 2.824301263E+00 2.337670503E+00
9.800000000E+06 1.791962826E+01 8.622509387E+00 1.715091332E+01 2.778603904E+00 2.299110059E+00
1.000000000E+07 1.761202207E+01 8.478062951E+00 1.686496192E+01 2.734491899E+00 2.261906102E+00
1.020000000E+07 1.731548383E+01 8.338732076E+00 1.658908604E+01 2.691881564E+00 2.225986183E+00
1.040000000E+07 1.702941317E+01 8.204242702E+00 1.632274858E+01 2.650695100E+00 2.191283002E+00
1.060000000E+07 1.675325287E+01 8.074340261E+00 1.606545046E+01 2.610860076E+00 2.157733951E+00
1.080000000E+07 1.648648504E+01 7.948787967E+00 1.581672729E+01 2.572308973E+00 2.125280713E+00
1.100000000E+07 1.622862766E+01 7.827365269E+00 1.557614637E+01 2.534978770E+00 2.093868893E+00
1.120000000E+07 1.597923155E+01 7.709866482E+00 1.534330406E+01 2.498810568E+00 2.063447693E+00
1.140000000E+07 1.573787756E+01 7.596099533E+00 1.511782326E+01 2.463749261E+00 2.033969616E+00
1.160000000E+07 1.550417410E+01 7.485884855E+00 1.489935137E+01 2.429743229E+00 2.005390201E+00
1.180000000E+07 1.527775488E+01 7.379054368E+00 1.468755821E+01 2.396744062E+00 1.977667778E+00
1.200000000E+07 1.505827691E+01 7.275450576E+00 1.448213431E+01 2.364706316E+00 1.950763255E+00
1.220000000E+07 1.484541866E+01 7.174925735E+00 1.428278929E+01 2.333587285E+00 1.924639918E+00
1.240000000E+07 1.463887836E+01 7.077341102E+00 1.408925038E+01 2.303346797E+00 1.899263249E+00
1.260000000E+07 1.443837254E+01 6.982566261E+00 1.390126112E+01 2.273947023E+00 1.874600767E+00
1.280000000E+07 1.424363463E+01 6.890478492E+00 1.371858011E+01 2.245352313E+00 1.850621876E+00
1.300000000E+07 1.405441371E+01 6.800962219E+00 1.354097996E+01 2.217529034E+00 1.827297728E+00
1.320000000E+07 1.387047338E+01 6.713908485E+00 1.336824624E+01 2.190445434E+00 1.804601101E+00
1.340000000E+07 1.369159071E+01 6.629214485E+00 1.320017658E+01 2.164071504E+00 1.782506283E+00
1.360000000E+07 1.351755528E+01 6.546783131E+00 1.303657984E+01 2.138378866E+00 1.760988970E+00
1.380000000E+07 1.334816833E+01 6.466522658E+00 1.287727531E+01 2.113340655E+00 1.740026168E+00
1.400000000E+07 1.318324194E+01 6.388346268E+00 1.272209200E+01 2.088931426E+00 1.719596106E+00
1.420000000E+07 1.302259829E+01 6.312171781E+00 1.257086802E+01 2.065127056E+00 1.699678154E+00
1.440000000E+07 1.286606901E+01 6.237921345E+00 1.242344995E+01 2.041904659E+00 1.680252752E+00
1.460000000E+07 1.271349454E+01 6.165521142E+00 1.227969231E+01 2.019242508E+00 1.661301336E+00
1.480000000E+07 1.256472356E+01 6.094901134E+00 1.213945703E+01 1.997119961E+00 1.642806277E+00
1.500000000E+07 1.241961246E+01 6.025994817E+00 1.200261298E+01 1.975517394E+00 1.624750823E+00
1.520000000E+07 1.227802484E+01 5.958739005E+00 1.186903557E+01 1.954416137E+00 1.607119046E+00
1.540000000E+07 1.213983110E+01 5.893073619E+00 1.173860629E+01 1.933798419E+00 1.589895786E+00
1.560000000E+07 1.200490795E+01 5.828941498E+00 1.161121238E+01 1.913647312E+00 1.573066611E+00
1.580000000E+07 1.187313811E+01 5.766288224E+00 1.148674647E+01 1.893946679E+00 1.556617770E+00
1.600000000E+07 1.174440988E+01 5.705061958E+00 1.136510627E+01 1.874681133E+00 1.540536153E+00
1.620000000E+07 1.161861685E+01 5.645213288E+00 1.124619424E+01 1.855835991E+00 1.524809257E+00
1.640000000E+07 1.149565755E+01 5.586695082E+00 1.112991736E+01 1.837397230E+00 1.509425145E+00
1.660000000E+07 1.137543521E+01 5.529462367E+00 1.101618683E+01 1.819351457E+00 1.494372421E+00
1.680000000E+07 1.125785745E+01 5.473472198E+00 1.090491786E+01 1.801685870E+00 1.479640192E+00
1.700000000E+07 1.114283606E+01 5.418683546E+00 1.079602941E+01 1.784388224E+00 1.465218049E+00
1.720000000E+07 1.103028674E+01 5.365057192E+00 1.068944402E+01 1.767446804E+00 1.451096031E+00
1.740000000E+07 1.092012892E+01 5.312555628E+00 1.058508760E+01 1.750850393E+00 1.437264609E+00
1.760000000E+07 1.081228551E+01 5.261142963E+00 1.048288924E+01 1.734588249E+00 1.423714655E+00
1.780000000E+07 1.070668275E+01 5.210784836E+00 1.038278104E+01 1.718650077E+00 1.410437428E+00
1.800000000E+07 1.060325002E+01 5.161448337E+00 1.028469796E+01 1.703026009E+00 1.397424550E+00
1.820000000E+07 1.050191964E+01 5.113101926E+00 1.018857768E+01 1.687706578E+00 1.384667987E+00
1.840000000E+07 1.040262679E+01 5.065715366E+00 1.009436041E+01 1.672682699E+00 1.372160032E+00
1.860000000E+07 1.030530929E+01 5.019259655E+00 1.000198882E+01 1.657945652E+00 1.359893288E+00
1.880000000E+07 1.020990749E+01 4.973706962E+00 9.911407882E+00 1.643487060E+00 1.347860654E+00
1.900000000E+07 1.011636417E+01 4.929030568E+00 9.822564765E+00 1.629298877E+00 1.336055307E+00
1.920000000E+07 1.002462437E+01 4.885204813E+00 9.735408719E+00 1.615373366E+00 1.324470694E+00
1.940000000E+07 9.934635303E+00 4.842205040E+00 9.649890978E+00 1.601703088E+00 1.313100510E+00
1.960000000E+07 9.846346249E+00 4.800007547E+00 9.565964659E+00 1.588280886E+00 1.301938696E+00
1.980000000E+07 9.759708453E+00 4.758589546E+00 9.483584675E+00 1.575099873E+00 1.290979419E+00
2.000000000E+07 9.674675020E+00 4.717929110E+00 9.402707648E+00 1.562153418E+00 1.280217068E+00
2.020000000E+07 9.591200840E+00 4.678005140E+00 9.323291826E+00 1.549435134E+00 1.269646237E+00
2.040000000E+07 9.509242496E+00 4.638797323E+00 9.245297013E+00 1.536938868E+00 1.259261721E+00
2.060000000E+07 9.428758182E+00 4.600286094E+00 9.168684487E+00 1.524658690E+00 1.249058504E+00
2.080000000E+07 9.349707638E+00 4.562452605E+00 9.093416943E+00 1.512588882E+00 1.239031751E+00
2.100000000E+07 9.272052070E+00 4.525278688E+00 9.019458417E+00 1.500723928E+00 1.229176800E+00
2.120000000E+07 9.195754087E+00 4.488746831E+00 8.946774240E+00 1.489058508E+00 1.219489155E+00
2.140000000E+07 9.120777637E+00 4.452840140E+00 8.875330965E+00 1.477587486E+00 1.209964475E+00
2.160000000E+07 9.047087946E+00 4.417542317E+00 8.805096323E+00 1.466305904E+00 1.200598572E+00
2.180000000E+07 8.974651468E+00 4.382837636E+00 8.736039168E+00 1.455208974E+00 1.191387403E+00
2.200000000E+07 8.903435822E+00 4.348710909E+00 8.668129428E+00 1.444292069E+00 1.182327061E+00
2.220000000E+07 8.833409744E+00 4.315147473E+00 8.601338059E+00 1.433550720E+00 1.173413773E+00
2.240000000E+07 8.764543044E+00 4.282133163E+00 8.535637003E+00 1.422980605E+00 1.164643893E+00
2.260000000E+07 8.696806553E+00 4.249654287E+00 8.470999141E+00 1.412577544E+00 1.156013893E+00
2.280000000E+07 8.630172087E+00 4.217697616E+00 8.407398260E+00 1.402337498E+00 1.147520365E+00
2.300000000E+07 8.564612396E+00 4.186250353E+00 8.344809012E+00 1.392256555E+00 1.139160010E+00
2.320000000E+07 8.500101135E+00 4.155300123E+00 8.283206877E+00 1.382330931E+00 1.130929638E+00
2.340000000E+07 8.436612823E+00 4.124834955E+00 8.222568133E+00 1.372556961E+00 1.122826160E+00
2.360000000E+07 8.374122806E+00 4.094843264E+00 8.162869821E+00 1.362931099E+00 1.114846585E+00
2.380000000E+07 8.312607222E+00 4.065313832E+00 8.104089713E+00 1.353449909E+00 1.106988019E+00
2.400000000E+07 8.252042977E+00 4.036235803E+00 8.046206287E+00 1.344110061E+00 1.099247656E+00
2.420000000E+07 8.192407702E+00 4.007598656E+00 7.989198695E+00 1.334908329E+00 1.091622779E+00
2.440000000E+07 8.133679741E+00 3.979392203E+00 7.933046740E+00 1.325841585E+00 1.084110753E+00
2.460000000E+07 8.075838105E+00 3.951606571E+00 7.877730847E+00 1.316906798E+00 1.076709027E+00
2.480000000E+07 8.018862459E+00 3.924232187E+00 7.823232043E+00 1.308101027E+00 1.069415124E+00
2.500000000E+07 7.962733089E+00 3.897259774E+00 7.769531929E+00 1.299421419E+00 1.062226643E+00
2.520000000E+07 7.907430882E+00 3.870680332E+00 7.716612664E+00 1.290865206E+00 1.055141254E+00
2.540000000E+07 7.852937307E+00 3.844485133E+00 7.664456940E+00 1.282429702E+00 1.048156698E+00
2.560000000E+07 7.799234382E+00 3.818665707E+00 7.613047961E+00 1.274112298E+00 1.041270781E+00
2.580000000E+07 7.746304665E+00 3.793213836E+00 7.562369430E+00 1.265910463E+00 1.034481373E+00
2.600000000E+07 7.694131225E+00 3.768121542E+00 7.512405522E+00 1.257821738E+00 1.027786405E+00
2.620000000E+07 7.642697629E+00 3.743381079E+00 7.463140876E+00 1.249843732E+00 1.021183870E+00
2.640000000E+07 7.591987925E+00 3.718984926E+00 7.414560571E+00 1.241974127E+00 1.014671817E+00
2.660000000E+07 7.541986615E+00 3.694925774E+00 7.366650112E+00 1.234210665E+00 1.008248348E+00
2.680000000E+07 7.492678649E+00 3.671196526E+00 7.319395418E+00 1.226551153E+00 1.001911623E+00
2.700000000E+07 7.444049404E+00 3.647790283E+00 7.272782801E+00 1.218993461E+00 9.956598492E-01
2.720000000E+07 7.396084668E+00 3.624700339E+00 7.226798960E+00 1.211535515E+00 9.894912856E-01
2.740000000E+07 7.348770634E+00 3.601920176E+00 7.181430962E+00 1.204175298E+00 9.834042388E-01
2.760000000E+07 7.302093870E+00 3.579443456E+00 7.136666229E+00 1.196910849E+00 9.773970613E-01
2.780000000E+07 7.256041321E+00 3.557264015E+00 7.092492528E+00 1.189740260E+00 9.714681507E-01
2.800000000E+07 7.210600287E+00 3.535375854E+00 7.048897960E+00 1.182661673E+00 9.656159475E-01
2.820000000E+07 7.165758416E+00 3.513773141E+00 7.005870946E+00 1.175673279E+00 9.598389340E-01
2.840000000E+07 7.121503690E+00 3.492450196E+00 6.963400217E+00 1.168773318E+00 9.541356329E-01
2.860000000E+07 7.077824413E+00 3.471401493E+00 6.921474805E+00 1.161960076E+00 9.485046057E-01
2.880000000E+07 7.034709201E+00 3.450621655E+00 6.880084033E+00 1.155231884E+00 9.429444519E-01
2.900000000E+07 6.992146969E+00 3.430105439E+00 6.839217499E+00 1.148587115E+00 9.374538071E-01
2.920000000E+07 6.950126930E+00 3.409847746E+00 6.798865080E+00 1.142024185E+00 9.320313425E-01
2.940000000E+07 6.908638572E+00 3.389843605E+00 6.759016907E+00 1.135541549E+00 9.266757628E-01
2.960000000E+07 6.867671660E+00 3.370088177E+00 6.719663374E+00 1.129137703E+00 9.213858066E-01
2.980000000E+07 6.827216223E+00 3.350576744E+00 6.680795113E+00 1.122811179E+00 9.161602441E-01
3.000000000E+07 6.787262541E+00 3.331304706E+00 6.642402996E+00 1.116560547E+00 9.109978759E-01
3.020000000E+07 6.747801148E+00 3.312267586E+00 6.604478127E+00 1.110384413E+00 9.058975336E-01
3.040000000E+07 6.708822809E+00 3.293461013E+00 6.567011831E+00 1.104281416E+00 9.008580769E-01
3.060000000E+07 6.670318530E+00 3.274880727E+00 6.529995649E+00 1.098250230E+00 8.958783943E-01
3.080000000E+07 6.632279533E+00 3.256522576E+00 6.493421335E+00 1.092289559E+00 8.909574014E-01
3.100000000E+07 6.594697265E+00 3.238382506E+00 6.457280839E+00 1.086398141E+00 8.860940399E-01
3.120000000E+07 6.557563381E+00 3.220456566E+00 6.421566314E+00 1.080574743E+00 8.812872777E-01
3.140000000E+07 6.520869735E+00 3.202740899E+00 6.386270100E+00 1.074818162E+00 8.765361070E-01
3.160000000E+07 6.484608384E+00 3.185231741E+00 6.351384720E+00 1.069127223E+00 8.718395441E-01
3.180000000E+07 6.448771579E+00 3.167925418E+00 6.316902881E+00 1.063500779E+00 8.671966291E-01
3.200000000E+07 6.413351756E+00 3.150818347E+00 6.282817462E+00 1.057937711E+00 8.626064247E-01
3.220000000E+07 6.378341527E+00 3.133907026E+00 6.249121509E+00 1.052436924E+00 8.580680154E-01
3.240000000E+07 6.343733684E+00 3.117188037E+00 6.215808231E+00 1.046997350E+00 8.535805070E-01
3.260000000E+07 6.309521186E+00 3.100658043E+00 6.182870999E+00 1.041617946E+00 8.491430261E-01
3.280000000E+07 6.275697164E+00 3.084313785E+00 6.150303339E+00 1.036297692E+00 8.447547200E-01
3.300000000E+07 6.242254895E+00 3.068152075E+00 6.118098919E+00 1.031035591E+00 8.404147545E-01
3.320000000E+07 6.209187827E+00 3.052169804E+00 6.086251560E+00 1.025830669E+00 8.361223151E-01
3.340000000E+07 6.176489548E+00 3.036363930E+00 6.054755221E+00 1.020681975E+00 8.318766055E-01
3.360000000E+07 6.144153800E+00 3.020731485E+00 6.023604000E+00 1.015588577E+00 8.276768476E-01
3.380000000E+07 6.112174462E+00 3.005269561E+00 5.992792126E+00 1.010549565E+00 8.235222806E-01
3.400000000E+07 6.080545554E+00 2.989975322E+00 5.962313956E+00 1.005564050E+00 8.194121601E-01
3.420000000E+07 6.049261233E+00 2.974845993E+00 5.932163981E+00 1.000631161E+00 8.153457592E-01
3.440000000E+07 6.018315777E+00 2.959878857E+00 5.902336801E+00 9.957500476E-01 8.113223658E-01
3.460000000E+07 5.987703606E+00 2.945071265E+00 5.872827149E+00 9.909198765E-01 8.073412846E-01
3.480000000E+07 5.957419249E+00 2.930420617E+00 5.843629863E+00 9.861398329E-01 8.034018342E-01
3.500000000E+07 5.927457363E+00 2.915924376E+00 5.814739897E+00 9.814091196E-01 7.995033488E-01
3.520000000E+07 5.897812723E+00 2.901580059E+00 5.786152318E+00 9.767269572E-01 7.956451769E-01
3.540000000E+07 5.868480211E+00 2.887385235E+00 5.757862293E+00 9.720925813E-01 7.918266803E-01
3.560000000E+07 5.839454823E+00 2.873337526E+00 5.729865096E+00 9.675052447E-01 7.880472348E-01
3.580000000E+07 5.810731666E+00 2.859434605E+00 5.702156103E+00 9.629642160E-01 7.843062295E-01
3.600000000E+07 5.782305948E+00 2.845674194E+00 5.674730787E+00 9.584687790E-01 7.806030662E-01
3.620000000E+07 5.754172976E+00 2.832054064E+00 5.647584713E+00 9.540182317E-01 7.769371590E-01
3.640000000E+07 5.726328162E+00 2.818572032E+00 5.620713543E+00 9.496118875E-01 7.733079344E-01
3.660000000E+07 5.698767010E+00 2.805225960E+00 5.594113030E+00 9.452490736E-01 7.697148311E-01
3.680000000E+07 5.671485122E+00 2.792013756E+00 5.567779012E+00 9.409291311E-01 7.661572986E-01
3.700000000E+07 5.644478186E+00 2.778933369E+00 5.541707413E+00 9.366514140E-01 7.626347982E-01
3.720000000E+07 5.617741984E+00 2.765982792E+00 5.515894244E+00 9.324152899E-01 7.591468021E-01
3.740000000E+07 5.591272386E+00 2.753160061E+00 5.490335596E+00 9.282201397E-01 7.556927934E-01
3.760000000E+07 5.565065340E+00 2.740463246E+00 5.465027637E+00 9.240653553E-01 7.522722649E-01
3.780000000E+07 5.539116880E+00 2.727890461E+00 5.439966614E+00 9.199503417E-01 7.488847201E-01
3.800000000E+07 5.513423122E+00 2.715439856E+00 5.415148851E+00 9.158745154E-01 7.455296724E-01
3.820000000E+07 5.487980258E+00 2.703109619E+00 5.390570742E+00 9.118373045E-01 7.422066447E-01
3.840000000E+07 5.462784559E+00 2.690897974E+00 5.366228758E+00 9.078381486E-01 7.389151696E-01
3.860000000E+07 5.437832367E+00 2.678803180E+00 5.342119435E+00 9.038764978E-01 7.356547886E-01
3.880000000E+07 5.413120097E+00 2.666823528E+00 5.318239377E+00 8.999518129E-01 7.324250519E-01
3.900000000E+07 5.388644235E+00 2.654957345E+00 5.294585258E+00 8.960635655E-01 7.292255191E-01
3.920000000E+07 5.364401340E+00 2.643202993E+00 5.271153816E+00 8.922112371E-01 7.260557578E-01
3.940000000E+07 5.340388032E+00 2.631558860E+00 5.247941850E+00 8.883943190E-01 7.229153440E-01
3.960000000E+07 5.316601000E+00 2.620023370E+00 5.224946222E+00 8.846123125E-01 7.198038621E-01
3.980000000E+07 5.293036995E+00 2.608594974E+00 5.202163853E+00 8.808647279E-01 7.167209039E-01
4.000000000E+07 5.269692839E+00 2.597272156E+00 5.179591728E+00 8.771510860E-01 7.136660698E-01
4.020000000E+07 5.246565400E+00 2.586053425E+00 5.157226882E+00 8.734709147E-01 7.106389668E-01
4.040000000E+07 5.223651617E+00 2.574937321E+00 5.135066411E+00 8.698237519E-01 7.076392096E-01
4.060000000E+07 5.200948484E+00 2.563922410E+00 5.113107464E+00 8.662091440E-01 7.046664204E-01
4.080000000E+07 5.178453051E+00 2.553007287E+00 5.091347243E+00 8.626266456E-01 7.017202281E-01
4.100000000E+07 5.156162422E+00 2.542190571E+00 5.069783002E+00 8.590758194E-01 6.988002683E-01
4.120000000E+07 5.134073760E+00 2.531470907E+00 5.048412049E+00 8.555562366E-01 6.959061841E-01
4.140000000E+07 5.112184275E+00 2.520846967E+00 5.027231738E+00 8.520674755E-01 6.930376241E-01
4.160000000E+07 5.090491236E+00 2.510317445E+00 5.006239474E+00 8.486091229E-01 6.901942442E-01
4.180000000E+07 5.068991951E+00 2.499881059E+00 4.985432706E+00 8.451807720E-01 6.873757058E-01
4.200000000E+07 5.047683787E+00 2.489536551E+00 4.964808931E+00 8.417820240E-01 6.845816768E-01
4.220000000E+07 5.026564156E+00 2.479282687E+00 4.944365697E+00 8.384124876E-01 6.818118313E-01
4.240000000E+07 5.005630518E+00 2.469118255E+00 4.924100587E+00 8.350717776E-01 6.790658487E-01
4.260000000E+07 4.984880379E+00 2.459042064E+00 4.904011235E+00 8.317595163E-01 6.763434146E-01
4.280000000E+07 4.964311284E+00 2.449052942E+00 4.884095311E+00 8.284753322E-01 6.736442198E-01
4.300000000E+07 4.943920830E+00 2.439149742E+00 4.864350531E+00 8.252188605E-01 6.709679607E-01
4.320000000E+07 4.923706654E+00 2.429331336E+00 4.844774649E+00 8.219897431E-01 6.683143392E-01
4.340000000E+07 4.903666433E+00 2.419596614E+00 4.825365460E+00 8.187876273E-01 6.656830619E-01
4.360000000E+07 4.883797887E+00 2.409944487E+00 4.806120796E+00 8.156121676E-01 6.630738412E-01
4.380000000E+07 4.864098776E+00 2.400373887E+00 4.787038530E+00 8.124630235E-01 6.604863940E-01
4.400000000E+07 4.844566897E+00 2.390883759E+00 4.768116567E+00 8.093398608E-01 6.579204422E-01
4.420000000E+07 4.825200091E+00 2.381473074E+00 4.749352854E+00 8.062423514E-01 6.553757127E-01
4.440000000E+07 4.805996229E+00 2.372140813E+00 4.730745368E+00 8.031701717E-01 6.528519365E-01
4.460000000E+07 4.786953226E+00 2.362885980E+00 4.712292125E+00 8.001230049E-01 6.503488501E-01
4.480000000E+07 4.768069027E+00 2.353707594E+00 4.693991173E+00 7.971005385E-01 6.478661935E-01
4.500000000E+07 4.749341614E+00 2.344604690E+00 4.675840591E+00 7.941024656E-01 6.454037116E-01
4.520000000E+07 4.730769004E+00 2.335576320E+00 4.657838495E+00 7.911284845E-01 6.429611535E-01
4.540000000E+07 4.712349249E+00 2.326621552E+00 4.639983029E+00 7.881782984E-01 6.405382723E-01
4.560000000E+07 4.694080429E+00 2.317739471E+00 4.622272370E+00 7.852516156E-01 6.381348257E-01
4.580000000E+07 4.675960665E+00 2.308929174E+00 4.604704727E+00 7.823481492E-01 6.357505750E-01
4.600000000E+07 4.657988101E+00 2.300189778E+00 4.587278333E+00 7.794676168E-01 6.333852856E-01
4.620000000E+07 4.640160917E+00 2.291520410E+00 4.569991458E+00 7.766097410E-01 6.310387267E-01
4.640000000E+07 4.622477318E+00 2.282920212E+00 4.552842394E+00 7.737742483E-01 6.287106713E-01
4.660000000E+07 4.604935544E+00 2.274388343E+00 4.535829464E+00 7.709608702E-01 6.264008959E-01
4.680000000E+07 4.587533861E+00 2.265923973E+00 4.518951017E+00 7.681693421E-01 6.241091809E-01
4.700000000E+07 4.570270567E+00 2.257526287E+00 4.502205433E+00 7.653994044E-01 6.218353104E-01
4.720000000E+07 4.553143984E+00 2.249194483E+00 4.485591114E+00 7.626508009E-01 6.195790717E-01
4.740000000E+07 4.536152459E+00 2.240927770E+00 4.469106486E+00 7.599232794E-01 6.173402551E-01
4.760000000E+07 4.519294376E+00 2.232725375E+00 4.452750008E+00 7.572165929E-01 6.151186554E-01
4.780000000E+07 4.502568132E+00 2.224586530E+00 4.436520155E+00 7.545304966E-01 6.129140693E-01
4.800000000E+07 4.485972159E+00 2.216510485E+00 4.420415432E+00 7.518647508E-01 6.107262977E-01
4.820000000E+07 4.469504910E+00 2.208496499E+00 4.404434367E+00 7.492191192E-01 6.085551444E-01
4.840000000E+07 4.453164866E+00 2.200543845E+00 4.388575508E+00 7.465933693E-01 6.064004161E-01
4.860000000E+07 4.436950527E+00 2.192651806E+00 4.372837430E+00 7.439872718E-01 6.042619226E-01
4.880000000E+07 4.420860422E+00 2.184819675E+00 4.357218728E+00 7.414006015E-01 6.021394766E-01
4.900000000E+07 4.404893097E+00 2.177046759E+00 4.341718019E+00 7.388331363E-01 6.000328940E-01
4.920000000E+07 4.389047129E+00 2.169332374E+00 4.326333942E+00 7.362846577E-01 5.979419932E-01
4.940000000E+07 4.373321109E+00 2.161675847E+00 4.311065158E+00 7.337549506E-01 5.958665956E-01
4.960000000E+07 4.357713655E+00 2.154076514E+00 4.295910346E+00 7.312438028E-01 5.938065251E-01
4.980000000E+07 4.342223407E+00 2.146533726E+00 4.280868209E+00 7.287510061E-01 5.917616088E-01
5.000000000E+07 4.326849018E+00 2.139046835E+00 4.265937466E+00 7.262763543E-01 5.897316755E-01
5.020000000E+07 4.311589172E+00 2.131615213E+00 4.251116858E+00 7.238196454E-01 5.877165577E-01
5.040000000E+07 4.296442570E+00 2.124238235E+00 4.236405147E+00 7.213806801E-01 5.857160899E-01
5.060000000E+07 4.281407926E+00 2.116915287E+00 4.221801106E+00 7.189592614E-01 5.837301087E-01
5.080000000E+07 4.266483984E+00 2.109645766E+00 4.207303536E+00 7.165551965E-01 5.817584539E-01
5.100000000E+07 4.251669499E+00 2.102429075E+00 4.192911250E+00 7.141682942E-01 5.798009670E-01
5.120000000E+07 4.236963250E+00 2.095264629E+00 4.178623082E+00 7.117983671E-01 5.778574923E-01
5.140000000E+07 4.222364031E+00 2.088151851E+00 4.164437881E+00 7.094452302E-01 5.759278766E-01
5.160000000E+07 4.207870653E+00 2.081090170E+00 4.150354514E+00 7.071087009E-01 5.740119682E-01
5.180000000E+07 4.193481950E+00 2.074079026E+00 4.136371864E+00 7.047885996E-01 5.721096183E-01
5.200000000E+07 4.179196766E+00 2.067117867E+00 4.122488831E+00 7.024847492E-01 5.702206798E-01
5.220000000E+07 4.165013970E+00 2.060206149E+00 4.108704333E+00 7.001969756E-01 5.683450083E-01
5.240000000E+07 4.150932443E+00 2.053343335E+00 4.095017301E+00 6.979251067E-01 5.664824611E-01
5.260000000E+07 4.136951081E+00 2.046528897E+00 4.081426683E+00 6.956689728E-01 5.646328975E-01
5.280000000E+07 4.123068801E+00 2.039762314E+00 4.067931442E+00 6.934284070E-01 5.627961790E-01
5.300000000E+07 4.109284532E+00 2.033043074E+00 4.054530556E+00 6.912032448E-01 5.609721693E-01
5.320000000E+07 4.095597217E+00 2.026370668E+00 4.041223016E+00 6.889933236E-01 5.591607334E-01
5.340000000E+07 4.082005820E+00 2.019744600E+00 4.028007832E+00 6.867984836E-01 5.573617391E-01
5.360000000E+07 4.068509315E+00 2.013164378E+00 4.014884023E+00 6.846185671E-01 5.555750552E-01
5.380000000E+07 4.055106693E+00 2.006629517E+00 4.001850624E+00 6.824534183E-01 5.538005529E-01
5.400000000E+07 4.041796958E+00 2.000139540E+00 3.988906686E+00 6.803028841E-01 5.520381052E-01
5.420000000E+07 4.028579131E+00 1.993693976E+00 3.976051271E+00 6.781668134E-01 5.502875867E-01
5.440000000E+07 4.015452244E+00 1.987292361E+00 3.963283453E+00 6.760450569E-01 5.485488738E-01
5.460000000E+07 4.002415342E+00 1.980934237E+00 3.950602321E+00 6.739374676E-01 5.468218445E-01
5.480000000E+07 3.989467485E+00 1.974619152E+00 3.938006976E+00 6.718439005E-01 5.451063788E-01
5.500000000E+07 3.976607748E+00 1.968346663E+00 3.925496533E+00 6.697642129E-01 5.434023583E-01
5.520000000E+07 3.963835214E+00 1.962116328E+00 3.913070117E+00 6.676982632E-01 5.417096658E-01
5.540000000E+07 3.951148987E+00 1.955927718E+00 3.900726867E+00 6.656459129E-01 5.400281864E-01
5.560000000E+07 3.938548173E+00 1.949780403E+00 3.888465932E+00 6.636070243E-01 5.383578059E-01
5.580000000E+07 3.926031898E+00 1.943673965E+00 3.876286475E+00 6.615814625E-01 5.366984128E-01
5.600000000E+07 3.913599298E+00 1.937607987E+00 3.864187668E+00 6.595690938E-01 5.350498961E-01
5.620000000E+07 3.901249519E+00 1.931582060E+00 3.852168697E+00 6.575697864E-01 5.334121467E-01
5.640000000E+07 3.888981721E+00 1.925595779E+00 3.840228756E+00 6.555834105E-01 5.317850570E-01
5.660000000E+07 3.876795075E+00 1.919648748E+00 3.828367052E+00 6.536098379E-01 5.301685210E-01
5.680000000E+07 3.864688760E+00 1.913740572E+00 3.816582801E+00 6.516489418E-01 5.285624334E-01
5.700000000E+07 3.852661975E+00 1.907870864E+00 3.804875233E+00 6.497005981E-01 5.269666916E-01
5.720000000E+07 3.840713917E+00 1.902039241E+00 3.793243584E+00 6.477646829E-01 5.253811929E-01
5.740000000E+07 3.828843805E+00 1.896245326E+00 3.781687103E+00 6.458410751E-01 5.238058370E-01
5.760000000E+07 3.817050864E+00 1.890488747E+00 3.770205049E+00 6.439296549E-01 5.222405246E-01
5.780000000E+07 3.805334328E+00 1.884769136E+00 3.758796690E+00 6.420303036E-01 5.206851577E-01
5.800000000E+07 3.793693440E+00 1.879086129E+00 3.747461301E+00 6.401429045E-01 5.191396393E-01
5.820000000E+07 3.782127460E+00 1.873439371E+00 3.736198172E+00 6.382673423E-01 5.176038742E-01
5.840000000E+07 3.770635651E+00 1.867828506E+00 3.725006599E+00 6.364035034E-01 5.160777682E-01
5.860000000E+07 3.759217290E+00 1.862253189E+00 3.713885888E+00 6.345512756E-01 5.145612284E-01
5.880000000E+07 3.747871659E+00 1.856713072E+00 3.702835352E+00 6.327105475E-01 5.130541627E-01
5.900000000E+07 3.736598053E+00 1.851207818E+00 3.691854316E+00 6.308812100E-01 5.115564807E-01
5.920000000E+07 3.725395776E+00 1.845737092E+00 3.680942114E+00 6.290631553E-01 5.100680931E-01
5.940000000E+07 3.714264140E+00 1.840300562E+00 3.670098086E+00 6.272562765E-01 5.085889115E-01
5.960000000E+07 3.703202464E+00 1.834897902E+00 3.659321579E+00 6.254604680E-01 5.071188485E-01
5.980000000E+07 3.692210079E+00 1.829528790E+00 3.648611954E+00 6.236756263E-01 5.056578184E-01
6.000000000E+07 3.681286325E+00 1.824192908E+00 3.637968577E+00 6.219016487E-01 5.042057362E-01
6.020000000E+07 3.670430548E+00 1.818889941E+00 3.627390822E+00 6.201384338E-01 5.027625179E-01
6.040000000E+07 3.659642103E+00 1.813619580E+00 3.616878070E+00 6.183858815E-01 5.013280809E-01
6.060000000E+07 3.648920354E+00 1.808381518E+00 3.606429712E+00 6.166438929E-01 4.999023431E-01
6.080000000E+07 3.638264670E+00 1.803175452E+00 3.596045144E+00 6.149123703E-01 4.984852239E-01
6.100000000E+07 3.627674434E+00 1.798001085E+00 3.585723774E+00 6.131912178E-01 4.970766437E-01
6.120000000E+07 3.617149032E+00 1.792858121E+00 3.575465012E+00 6.114803398E-01 4.956765236E-01
6.140000000E+07 3.606687857E+00 1.787746268E+00 3.565268279E+00 6.097796422E-01 4.942847857E-01
6.160000000E+07 3.596290316E+00 1.782665242E+00 3.555133003E+00 6.080890326E-01 4.929013535E-01
6.180000000E+07 3.585955816E+00 1.777614756E+00 3.545058619E+00 6.064084190E-01 4.915261510E-01
6.200000000E+07 3.575683775E+00 1.772594531E+00 3.535044565E+00 6.047377109E-01 4.901591032E-01
6.220000000E+07 3.565473617E+00 1.767604289E+00 3.525090293E+00 6.030768188E-01 4.888001361E-01
6.240000000E+07 3.555324776E+00 1.762643758E+00 3.515195255E+00 6.014256543E-01 4.874491767E-01
6.260000000E+07 3.545236686E+00 1.757712665E+00 3.505358914E+00 5.997841298E-01 4.861061525E-01
6.280000000E+07 3.535208798E+00 1.752810747E+00 3.495580739E+00 5.981521596E-01 4.847709925E-01
6.300000000E+07 3.525240563E+00 1.747937737E+00 3.485860205E+00 5.965296583E-01 4.834436261E-01
6.320000000E+07 3.515331438E+00 1.743093377E+00 3.476196790E+00 5.949165414E-01 4.821239836E-01
6.340000000E+07 3.505480891E+00 1.738277407E+00 3.466589985E+00 5.933127260E-01 4.808119963E-01
6.360000000E+07 3.495688392E+00 1.733489576E+00 3.457039282E+00 5.917181298E-01 4.795075962E-01
6.380000000E+07 3.485953423E+00 1.728729631E+00 3.447544180E+00 5.901326716E-01 4.782107161E-01
6.400000000E+07 3.476275466E+00 1.723997324E+00 3.438104186E+00 5.885562711E-01 4.769212896E-01
6.420000000E+07 3.466654013E+00 1.719292411E+00 3.428718811E+00 5.869888491E-01 4.756392514E-01
6.440000000E+07 3.457088560E+00 1.714614648E+00 3.419387572E+00 5.854303270E-01 4.743645364E-01
6.460000000E+07 3.447578612E+00 1.709963797E+00 3.410109994E+00 5.838806277E-01 4.730970807E-01
6.480000000E+07 3.438123678E+00 1.705339621E+00 3.400885603E+00 5.823396744E-01 4.718368210E-01
6.500000000E+07 3.428723271E+00 1.700741886E+00 3.391713934E+00 5.808073915E-01 4.705836948E-01
6.520000000E+07 3.419376914E+00 1.696170362E+00 3.382594528E+00 5.792837042E-01 4.693376403E-01
6.540000000E+07 3.410084131E+00 1.691624820E+00 3.373526929E+00 5.777685386E-01 4.680985963E-01
6.560000000E+07 3.400844454E+00 1.687105034E+00 3.364510689E+00 5.762618218E-01 4.668665026E-01
6.580000000E+07 3.391657423E+00 1.682610783E+00 3.355545362E+00 5.747634813E-01 4.656412994E-01
6.600000000E+07 3.382522581E+00 1.678141845E+00 3.346630511E+00 5.732734463E-01 4.644229280E-01
6.620000000E+07 3.373439472E+00 1.673698002E+00 3.337765700E+00 5.717916456E-01 4.632113297E-01
6.640000000E+07 3.364407652E+00 1.669279040E+00 3.328950500E+00 5.703180097E-01 4.620064470E-01
6.660000000E+07 3.355426680E+00 1.664884746E+00 3.320184490E+00 5.688524699E-01 4.608082231E-01
6.680000000E+07 3.346496118E+00 1.660514908E+00 3.311467246E+00 5.673949575E-01 4.596166014E-01
6.700000000E+07 3.337615537E+00 1.656169320E+00 3.302798358E+00 5.659454057E-01 4.584315264E-01
6.720000000E+07 3.328784508E+00 1.651847775E+00 3.294177414E+00 5.645037475E-01 4.572529430E-01
6.740000000E+07 3.320002611E+00 1.647550071E+00 3.285604010E+00 5.630699171E-01 4.560807969E-01
6.760000000E+07 3.311269430E+00 1.643276007E+00 3.277077745E+00 5.616438494E-01 4.549150340E-01
6.780000000E+07 3.302584553E+00 1.639025384E+00 3.268598225E+00 5.602254802E-01 4.537556016E-01
6.800000000E+07 3.293947571E+00 1.634798006E+00 3.260165056E+00 5.588147454E-01 4.526024466E-01
6.820000000E+07 3.285358081E+00 1.630593677E+00 3.251777851E+00 5.574115821E-01 4.514555170E-01
6.840000000E+07 3.276815688E+00 1.626412208E+00 3.243436231E+00 5.560159283E-01 4.503147616E-01
6.860000000E+07 3.268319996E+00 1.622253407E+00 3.235139813E+00 5.546277220E-01 4.491801294E-01
6.880000000E+07 3.259870617E+00 1.618117087E+00 3.226888227E+00 5.532469028E-01 4.480515702E-01
6.900000000E+07 3.251467165E+00 1.614003062E+00 3.218681100E+00 5.518734100E-01 4.469290341E-01
6.920000000E+07 3.243109261E+00 1.609911149E+00 3.210518068E+00 5.505071843E-01 4.458124720E-01
6.940000000E+07 3.234796528E+00 1.605841166E+00 3.202398769E+00 5.491481668E-01 4.447018353E-01
6.960000000E+07 3.226528592E+00 1.601792933E+00 3.194322843E+00 5.477962989E-01 4.435970757E-01
6.980000000E+07 3.218305089E+00 1.597766274E+00 3.186289939E+00 5.464515233E-01 4.424981457E-01
7.000000000E+07 3.210125649E+00 1.593761012E+00 3.178299705E+00 5.451137826E-01 4.414049980E-01
7.020000000E+07 3.201989919E+00 1.589776974E+00 3.170351796E+00 5.437830209E-01 4.403175865E-01
7.040000000E+07 3.193897539E+00 1.585813989E+00 3.162445870E+00 5.424591822E-01 4.392358649E-01
7.060000000E+07 3.185848157E+00 1.581871885E+00 3.154581588E+00 5.411422110E-01 4.381597874E-01
7.080000000E+07 3.177841427E+00 1.577950495E+00 3.146758614E+00 5.398320532E-01 4.370893094E-01
7.100000000E+07 3.169877002E+00 1.574049653E+00 3.138976617E+00 5.385286545E-01 4.360243859E-01
7.120000000E+07 3.161954540E+00 1.570169194E+00 3.131235270E+00 5.372319614E-01 4.349649728E-01
7.140000000E+07 3.154073709E+00 1.566308956E+00 3.123534248E+00 5.359419212E-01 4.339110268E-01
7.160000000E+07 3.146234171E+00 1.562468777E+00 3.115873230E+00 5.346584813E-01 4.328625042E-01
7.180000000E+07 3.138435598E+00 1.558648499E+00 3.108251899E+00 5.333815904E-01 4.318193629E-01
7.200000000E+07 3.130677663E+00 1.554847963E+00 3.100669941E+00 5.321111970E-01 4.307815602E-01
7.220000000E+07 3.122960046E+00 1.551067015E+00 3.093127046E+00 5.308472506E-01 4.297490544E-01
7.240000000E+07 3.115282424E+00 1.547305500E+00 3.085622906E+00 5.295897008E-01 4.287218042E-01
7.260000000E+07 3.107644481E+00 1.543563264E+00 3.078157216E+00 5.283384981E-01 4.276997684E-01
7.280000000E+07 3.100045908E+00 1.539840159E+00 3.070729677E+00 5.270935936E-01 4.266829068E-01
7.300000000E+07 3.092486392E+00 1.536136032E+00 3.063339990E+00 5.258549385E-01 4.256711792E-01
7.320000000E+07 3.084965628E+00 1.532450739E+00 3.055987861E+00 5.246224848E-01 4.246645458E-01
7.340000000E+07 3.077483314E+00 1.528784130E+00 3.048672997E+00 5.233961848E-01 4.236629676E-01
7.360000000E+07 3.070039151E+00 1.525136064E+00 3.041395113E+00 5.221759918E-01 4.226664056E-01
7.380000000E+07 3.062632840E+00 1.521506395E+00 3.034153919E+00 5.209618587E-01 4.216748213E-01
7.400000000E+07 3.055264089E+00 1.517894982E+00 3.026949136E+00 5.197537396E-01 4.206881766E-01
7.420000000E+07 3.047932607E+00 1.514301684E+00 3.019780482E+00 5.185515888E-01 4.197064339E-01
7.440000000E+07 3.040638109E+00 1.510726365E+00 3.012647682E+00 5.173553612E-01 4.187295560E-01
7.460000000E+07 3.033380308E+00 1.507168885E+00 3.005550462E+00 5.161650121E-01 4.177575061E-01
7.480000000E+07 3.026158924E+00 1.503629109E+00 2.998488551E+00 5.149804972E-01 4.167902475E-01
7.500000000E+07 3.018973676E+00 1.500106901E+00 2.991461678E+00 5.138017725E-01 4.158277440E-01
7.520000000E+07 3.011824292E+00 1.496602130E+00 2.984469581E+00 5.126287949E-01 4.148699600E-01
7.540000000E+07 3.004710496E+00 1.493114663E+00 2.977511996E+00 5.114615212E-01 4.139168599E-01
7.560000000E+07 2.997632021E+00 1.489644370E+00 2.970588663E+00 5.102999092E-01 4.129684089E-01
7.580000000E+07 2.990588597E+00 1.486191120E+00 2.963699324E+00 5.091439166E-01 4.120245721E-01
7.600000000E+07 2.983579960E+00 1.482754788E+00 2.956843724E+00 5.079935017E-01 4.110853151E-01
7.620000000E+07 2.976605849E+00 1.479335245E+00 2.950021611E+00 5.068486234E-01 4.101506040E-01
7.640000000E+07 2.969666004E+00 1.475932368E+00 2.943232736E+00 5.057092409E-01 4.092204052E-01
7.660000000E+07 2.962760169E+00 1.472546031E+00 2.936476851E+00 5.045753137E-01 4.082946852E-01
7.680000000E+07 2.955888087E+00 1.469176111E+00 2.929753709E+00 5.034468016E-01 4.073734110E-01
7.700000000E+07 2.949049512E+00 1.465822488E+00 2.923063072E+00 5.023236652E-01 4.064565500E-01
7.720000000E+07 2.942244190E+00 1.462485040E+00 2.916404696E+00 5.012058652E-01 4.055440699E-01
7.740000000E+07 2.935471877E+00 1.459163649E+00 2.909778346E+00 5.000933628E-01 4.046359385E-01
7.760000000E+07 2.928732330E+00 1.455858197E+00 2.903183786E+00 4.989861195E-01 4.037321243E-01
7.780000000E+07 2.922025303E+00 1.452568567E+00 2.896620782E+00 4.978840970E-01 4.028325956E-01
7.800000000E+07 2.915350561E+00 1.449294642E+00 2.890089105E+00 4.967872579E-01 4.019373216E-01
7.820000000E+07 2.908707866E+00 1.446036310E+00 2.883588526E+00 4.956955647E-01 4.010462713E-01
7.840000000E+07 2.902096981E+00 1.442793455E+00 2.877118818E+00 4.946089802E-01 4.001594142E-01
7.860000000E+07 2.895517678E+00 1.439565966E+00 2.870679759E+00 4.935274682E-01 3.992767203E-01
7.880000000E+07 2.888969723E+00 1.436353732E+00 2.864271125E+00 4.924509921E-01 3.983981595E-01
7.900000000E+07 2.882452891E+00 1.433156642E+00 2.857892698E+00 4.913795159E-01 3.975237022E-01
7.920000000E+07 2.875966955E+00 1.429974588E+00 2.851544261E+00 4.903130043E-01 3.966533191E-01
7.940000000E+07 2.869511692E+00 1.426807461E+00 2.845225597E+00 4.892514219E-01 3.957869812E-01
7.960000000E+07 2.863086882E+00 1.423655155E+00 2.838936494E+00 4.881947337E-01 3.949246596E-01
7.980000000E+07 2.856692304E+00 1.420517563E+00 2.832676740E+00 4.871429053E-01 3.940663259E-01
8.000000000E+07 2.850327744E+00 1.417394580E+00 2.826446126E+00 4.860959024E-01 3.932119520E-01
8.020000000E+07 2.843992984E+00 1.414286103E+00 2.820244446E+00 4.850536909E-01 3.923615097E-01
8.040000000E+07 2.837687814E+00 1.411192030E+00 2.814071493E+00 4.840162376E-01 3.915149714E-01
8.060000000E+07 2.831412022E+00 1.408112257E+00 2.807927065E+00 4.829835088E-01 3.906723098E-01
8.080000000E+07 2.825165398E+00 1.405046683E+00 2.801810960E+00 4.819554716E-01 3.898334974E-01
8.100000000E+07 2.818947738E+00 1.401995209E+00 2.795722980E+00 4.809320936E-01 3.889985077E-01
8.120000000E+07 2.812758835E+00 1.398957737E+00 2.789662925E+00 4.799133423E-01 3.881673138E-01
8.140000000E+07 2.806598487E+00 1.395934166E+00 2.783630602E+00 4.788991856E-01 3.873398893E-01
8.160000000E+07 2.800466495E+00 1.392924402E+00 2.777625815E+00 4.778895917E-01 3.865162081E-01
8.180000000E+07 2.794362658E+00 1.389928347E+00 2.771648374E+00 4.768845293E-01 3.856962443E-01
8.200000000E+07 2.788286779E+00 1.386945905E+00 2.765698087E+00 4.758839671E-01 3.848799722E-01
8.220000000E+07 2.782238662E+00 1.383976982E+00 2.759774767E+00 4.748878742E-01 3.840673662E-01
8.240000000E+07 2.776218115E+00 1.381021485E+00 2.753878226E+00 4.738962201E-01 3.832584013E-01
8.260000000E+07 2.770224947E+00 1.378079321E+00 2.748008280E+00 4.729089745E-01 3.824530525E-01
8.280000000E+07 2.764258966E+00 1.375150398E+00 2.742164746E+00 4.719261074E-01 3.816512951E-01
8.300000000E+07 2.758319988E+00 1.372234625E+00 2.736347443E+00 4.709475891E-01 3.808531046E-01
8.320000000E+07 2.752407822E+00 1.369331912E+00 2.730556190E+00 4.699733899E-01 3.800584565E-01
8.340000000E+07 2.746522285E+00 1.366442169E+00 2.724790809E+00 4.690034806E-01 3.792673269E-01
8.360000000E+07 2.740663197E+00 1.363565309E+00 2.719051124E+00 4.680378325E-01 3.784796921E-01
8.380000000E+07 2.734830372E+00 1.360701242E+00 2.713336959E+00 4.670764166E-01 3.776955281E-01
8.400000000E+07 2.729023634E+00 1.357849883E+00 2.707648142E+00 4.661192047E-01 3.769148118E-01
8.420000000E+07 2.723242804E+00 1.355011145E+00 2.701984501E+00 4.651661687E-01 3.761375200E-01
8.440000000E+07 2.717487706E+00 1.352184943E+00 2.696345866E+00 4.642172805E-01 3.753636296E-01
8.460000000E+07 2.711758164E+00 1.349371192E+00 2.690732068E+00 4.632725124E-01 3.745931178E-01
8.480000000E+07 2.706054008E+00 1.346569809E+00 2.685142940E+00 4.623318373E-01 3.738259621E-01
8.500000000E+07 2.700375063E+00 1.343780710E+00 2.679578315E+00 4.613952274E-01 3.730621400E-01
8.520000000E+07 2.694721163E+00 1.341003813E+00 2.674038031E+00 4.604626566E-01 3.723016296E-01
8.540000000E+07 2.689092136E+00 1.338239037E+00 2.668521925E+00 4.595340976E-01 3.715444086E-01
8.560000000E+07 2.683487818E+00 1.335486301E+00 2.663029837E+00 4.586095244E-01 3.707904556E-01
8.580000000E+07 2.677908042E+00 1.332745524E+00 2.657561604E+00 4.576889104E-01 3.700397487E-01
8.600000000E+07 2.672352643E+00 1.330016628E+00 2.652117070E+00 4.567722296E-01 3.692922665E-01
8.620000000E+07 2.666821461E+00 1.327299533E+00 2.646696078E+00 4.558594566E-01 3.685479881E-01
8.640000000E+07 2.661314335E+00 1.324594163E+00 2.641298472E+00 4.549505657E-01 3.678068922E-01
8.660000000E+07 2.655831105E+00 1.321900439E+00 2.635924100E+00 4.540455318E-01 3.670689582E-01
8.680000000E+07 2.650371611E+00 1.319218284E+00 2.630572805E+00 4.531443293E-01 3.663341652E-01
8.700000000E+07 2.644935700E+00 1.316547623E+00 2.625244440E+00 4.522469339E-01 3.656024930E-01
8.720000000E+07 2.639523213E+00 1.313888381E+00 2.619938852E+00 4.513533205E-01 3.648739211E-01
8.740000000E+07 2.634134000E+00 1.311240484E+00 2.614655895E+00 4.504634651E-01 3.641484295E-01
8.760000000E+07 2.628767903E+00 1.308603856E+00 2.609395418E+00 4.495773431E-01 3.634259982E-01
8.780000000E+07 2.623424777E+00 1.305978426E+00 2.604157278E+00 4.486949308E-01 3.627066076E-01
8.800000000E+07 2.618104469E+00 1.303364120E+00 2.598941330E+00 4.478162045E-01 3.619902381E-01
8.820000000E+07 2.612806830E+00 1.300760866E+00 2.593747428E+00 4.469411402E-01 3.612768701E-01
8.840000000E+07 2.607531712E+00 1.298168593E+00 2.588575431E+00 4.460697146E-01 3.605664843E-01
8.860000000E+07 2.602278973E+00 1.295587230E+00 2.583425200E+00 4.452019048E-01 3.598590620E-01
8.880000000E+07 2.597048464E+00 1.293016707E+00 2.578296591E+00 4.443376876E-01 3.591545840E-01
8.900000000E+07 2.591840044E+00 1.290456955E+00 2.573189470E+00 4.434770404E-01 3.584530316E-01
8.920000000E+07 2.586653570E+00 1.287907905E+00 2.568103696E+00 4.426199403E-01 3.577543862E-01
8.940000000E+07 2.581488900E+00 1.285369487E+00 2.563039133E+00 4.417663651E-01 3.570586293E-01
8.960000000E+07 2.576345898E+00 1.282841635E+00 2.557995648E+00 4.409162927E-01 3.563657429E-01
8.980000000E+07 2.571224421E+00 1.280324282E+00 2.552973105E+00 4.400697008E-01 3.556757086E-01
9.000000000E+07 2.566124333E+00 1.277817360E+00 2.547971372E+00 4.392265676E-01 3.549885084E-01
9.020000000E+07 2.561045499E+00 1.275320803E+00 2.542990317E+00 4.383868717E-01 3.543041247E-01
9.040000000E+07 2.555987783E+00 1.272834548E+00 2.538029811E+00 4.375505915E-01 3.536225398E-01
9.060000000E+07 2.550951052E+00 1.270358527E+00 2.533089722E+00 4.367177057E-01 3.529437361E-01
9.080000000E+07 2.545935172E+00 1.267892677E+00 2.528169924E+00 4.358881931E-01 3.522676962E-01
9.100000000E+07 2.540940012E+00 1.265436934E+00 2.523270288E+00 4.350620329E-01 3.515944029E-01
9.120000000E+07 2.535965443E+00 1.262991236E+00 2.518390689E+00 4.342392043E-01 3.509238393E-01
9.140000000E+07 2.531011332E+00 1.260555518E+00 2.513531000E+00 4.334196866E-01 3.502559882E-01
9.160000000E+07 2.526077556E+00 1.258129719E+00 2.508691101E+00 4.326034598E-01 3.495908331E-01
9.180000000E+07 2.521163981E+00 1.255713777E+00 2.503870864E+00 4.317905030E-01 3.489283570E-01
9.200000000E+07 2.516270487E+00 1.253307632E+00 2.499070170E+00 4.309807967E-01 3.482685437E-01
9.220000000E+07 2.511396945E+00 1.250911221E+00 2.494288897E+00 4.301743206E-01 3.476113765E-01
9.240000000E+07 2.506543233E+00 1.248524486E+00 2.489526925E+00 4.293710553E-01 3.469568395E-01
9.260000000E+07 2.501709227E+00 1.246147366E+00 2.484784135E+00 4.285709809E-01 3.463049164E-01
9.280000000E+07 2.496894806E+00 1.243779802E+00 2.480060410E+00 4.277740781E-01 3.456555913E-01
9.300000000E+07 2.492099850E+00 1.241421737E+00 2.475355632E+00 4.269803278E-01 3.450088484E-01
9.320000000E+07 2.487324235E+00 1.239073110E+00 2.470669685E+00 4.261897107E-01 3.443646718E-01
9.340000000E+07 2.482567845E+00 1.236733865E+00 2.466002454E+00 4.254022078E-01 3.437230460E-01
9.360000000E+07 2.477830561E+00 1.234403945E+00 2.461353825E+00 4.246178004E-01 3.430839556E-01
9.380000000E+07 2.473112269E+00 1.232083292E+00 2.456723685E+00 4.238364701E-01 3.424473853E-01
9.400000000E+07 2.468412849E+00 1.229771851E+00 2.452111921E+00 4.230581980E-01 3.418133198E-01
9.420000000E+07 2.463732188E+00 1.227469566E+00 2.447518422E+00 4.222829660E-01 3.411817441E-01
9.440000000E+07 2.459070170E+00 1.225176380E+00 2.442943078E+00 4.215107557E-01 3.405526431E-01
9.460000000E+07 2.454426685E+00 1.222892239E+00 2.438385778E+00 4.207415493E-01 3.399260021E-01
9.480000000E+07 2.449801617E+00 1.220617089E+00 2.433846415E+00 4.199753287E-01 3.393018063E-01
9.500000000E+07 2.445194857E+00 1.218350876E+00 2.429324880E+00 4.192120763E-01 3.386800412E-01
9.520000000E+07 2.440606294E+00 1.216093546E+00 2.424821067E+00 4.184517744E-01 3.380606921E-01
9.540000000E+07 2.436035818E+00 1.213845046E+00 2.420334869E+00 4.176944055E-01 3.374437449E-01
9.560000000E+07 2.431483322E+00 1.211605323E+00 2.415866182E+00 4.169399525E-01 3.368291853E-01
9.580000000E+07 2.426948694E+00 1.209374324E+00 2.411414900E+00 4.161883977E-01 3.362169989E-01
9.600000000E+07 2.422431833E+00 1.207151999E+00 2.406980921E+00 4.154397247E-01 3.356071721E-01
9.620000000E+07 2.417932628E+00 1.204938295E+00 2.402564141E+00 4.146939160E-01 3.349996906E-01
9.640000000E+07 2.413450977E+00 1.202733161E+00 2.398164459E+00 4.139509551E-01 3.343945408E-01
9.660000000E+07 2.408986772E+00 1.200536546E+00 2.393781773E+00 4.132108252E-01 3.337917088E-01
9.680000000E+07 2.404539913E+00 1.198348401E+00 2.389415985E+00 4.124735099E-01 3.331911814E-01
9.700000000E+07 2.400110296E+00 1.196168675E+00 2.385066993E+00 4.117389927E-01 3.325929447E-01
9.720000000E+07 2.395697818E+00 1.193997319E+00 2.380734699E+00 4.110072575E-01 3.319969856E-01
9.740000000E+07 2.391302380E+00 1.191834284E+00 2.376419005E+00 4.102782880E-01 3.314032908E-01
9.760000000E+07 2.386923880E+00 1.189679521E+00 2.372119815E+00 4.095520682E-01 3.308118470E-01
9.780000000E+07 2.382562219E+00 1.187532982E+00 2.367837032E+00 4.088285823E-01 3.302226413E-01
9.800000000E+07 2.378217299E+00 1.185394619E+00 2.363570559E+00 4.081078144E-01 3.296356606E-01
9.820000000E+07 2.373889019E+00 1.183264383E+00 2.359320303E+00 4.073897488E-01 3.290508921E-01
9.840000000E+07 2.369577286E+00 1.181142230E+00 2.355086169E+00 4.066743703E-01 3.284683231E-01
9.860000000E+07 2.365282003E+00 1.179028110E+00 2.350868065E+00 4.059616633E-01 3.278879409E-01
9.880000000E+07 2.361003071E+00 1.176921979E+00 2.346665896E+00 4.052516125E-01 3.273097329E-01
9.900000000E+07 2.356740397E+00 1.174823788E+00 2.342479570E+00 4.045442026E-01 3.267336866E-01
9.920000000E+07 2.352493889E+00 1.172733494E+00 2.338308999E+00 4.038394189E-01 3.261597898E-01
9.940000000E+07 2.348263450E+00 1.170651051E+00 2.334154090E+00 4.031372462E-01 3.255880302E-01
9.960000000E+07 2.344048990E+00 1.168576413E+00 2.330014753E+00 4.024376697E-01 3.250183954E-01
9.980000000E+07 2.339850414E+00 1.166509536E+00 2.325890900E+00 4.017406748E-01 3.244508736E-01
1.000000000E+08 2.335667634E+00 1.164450375E+00 2.321782442E+00 4.010462468E-01 3.238854525E-01
