1.100000000E+05 6.557428041E+01 3.203357304E+01 6.596599921E+01 8.409925633E+00 8.100638965E+00
1.200000000E+05 6.038007821E+01 2.927788499E+01 6.007589012E+01 7.762389211E+00 7.398521553E+00
1.300000000E+05 5.602693068E+01 2.699830520E+01 5.521967317E+01 7.217919715E+00 6.817284476E+00
1.400000000E+05 5.232230702E+01 2.508235984E+01 5.115282727E+01 6.753992938E+00 6.328681969E+00
1.500000000E+05 4.912819456E+01 2.344959354E+01 4.769994357E+01 6.354024594E+00 5.912422924E+00
1.600000000E+05 4.634252396E+01 2.203927055E+01 4.472795338E+01 6.005588484E+00 5.553613648E+00
1.700000000E+05 4.388964768E+01 2.080871877E+01 4.214388527E+01 5.699222464E+00 5.241111168E+00
1.800000000E+05 4.171144725E+01 1.972490032E+01 3.987562047E+01 5.427613661E+00 4.966434087E+00
1.900000000E+05 3.976272818E+01 1.876239994E+01 3.786773826E+01 5.185032723E+00 4.723026151E+00
2.000000000E+05 3.800780870E+01 1.790136082E+01 3.607700041E+01 4.966934419E+00 4.505747830E+00
3.000000000E+05 2.677855542E+01 1.251426877E+01 2.500503396E+01 3.578204975E+00 3.158349987E+00
4.000000000E+05 2.098105480E+01 9.804082505E+00 1.952649160E+01 2.860779924E+00 2.487916982E+00
5.000000000E+05 1.738333593E+01 8.138518223E+00 1.618797683E+01 2.411131980E+00 2.076996296E+00
6.000000000E+05 1.491059331E+01 6.997752315E+00 1.391176178E+01 2.098116194E+00 1.795206437E+00
7.000000000E+05 1.309617461E+01 6.161340745E+00 1.224708787E+01 1.865425594E+00 1.588000887E+00
8.000000000E+05 1.170265845E+01 5.518630452E+00 1.096979713E+01 1.684491305E+00 1.428220346E+00
9.000000000E+05 1.059570931E+01 5.007513319E+00 9.954876785E+00 1.539113943E+00 1.300685945E+00
1.000000000E+06 9.693269701E+00 4.590232893E+00 9.126669426E+00 1.419350057E+00 1.196187450E+00
1.200000000E+06 8.306585593E+00 3.947583273E+00 7.851498803E+00 1.232812769E+00 1.034446103E+00
1.400000000E+06 7.287348154E+00 3.473740457E+00 6.911287256E+00 1.093479765E+00 9.144472200E-01
1.600000000E+06 6.504128403E+00 3.108542284E+00 6.186504034E+00 9.849449913E-01 8.214581078E-01
1.800000000E+06 5.882018395E+00 2.817675159E+00 5.609075912E+00 8.977255393E-01 7.470422068E-01
2.000000000E+06 5.375049969E+00 2.580052908E+00 5.137203071E+00 8.259262104E-01 6.859931217E-01
2.200000000E+06 4.953379166E+00 2.381962666E+00 4.743711836E+00 7.656742218E-01 6.349108572E-01
2.400000000E+06 4.596749317E+00 2.214080090E+00 4.410127159E+00 7.143125912E-01 5.914743030E-01
2.600000000E+06 4.290906675E+00 2.069832181E+00 4.123425162E+00 6.699534167E-01 5.540411102E-01
2.800000000E+06 4.025517938E+00 1.944445376E+00 3.874146385E+00 6.312158524E-01 5.214143669E-01
3.000000000E+06 3.792901574E+00 1.834365043E+00 3.655245717E+00 5.970650401E-01 4.926998861E-01
3.200000000E+06 3.587223664E+00 1.736887101E+00 3.461362782E+00 5.667091497E-01 4.672153756E-01
3.400000000E+06 3.403970742E+00 1.649916232E+00 3.288343116E+00 5.395313486E-01 4.444306498E-01
3.600000000E+06 3.239594060E+00 1.571802519E+00 3.132914667E+00 5.150435534E-01 4.239271208E-01
3.800000000E+06 3.091263419E+00 1.501228250E+00 2.992463634E+00 4.928542024E-01 4.053696560E-01
4.000000000E+06 2.956693005E+00 1.437127732E+00 2.864875677E+00 4.726453061E-01 3.884865925E-01
4.200000000E+06 2.834015737E+00 1.378629379E+00 2.748421193E+00 4.541557889E-01 3.730552644E-01
4.400000000E+06 2.721691018E+00 1.325013130E+00 2.641670989E+00 4.371691880E-01 3.588913412E-01
4.600000000E+06 2.618435941E+00 1.275678666E+00 2.543433300E+00 4.215044305E-01 3.458408493E-01
4.800000000E+06 2.523173253E+00 1.230121339E+00 2.452706104E+00 4.070088207E-01 3.337741183E-01
5.000000000E+06 2.434991487E+00 1.187913714E+00 2.368640531E+00 3.935526421E-01 3.225811281E-01
5.200000000E+06 2.353114066E+00 1.148691236E+00 2.290512474E+00 3.810249536E-01 3.121678919E-01
5.400000000E+06 2.276875088E+00 1.112141007E+00 2.217700315E+00 3.693302814E-01 3.024536145E-01
5.600000000E+06 2.205700169E+00 1.077992876E+00 2.149667284E+00 3.583859908E-01 2.933684370E-01
5.800000000E+06 2.139091152E+00 1.046012335E+00 2.085947355E+00 3.481201797E-01 2.848516322E-01
6.000000000E+06 2.076613792E+00 1.015994787E+00 2.026133885E+00 3.384699755E-01 2.768501475E-01
6.200000000E+06 2.017887762E+00 9.877608902E-01 1.969870375E+00 3.293801490E-01 2.693174197E-01
6.400000000E+06 1.962578486E+00 9.611527514E-01 1.916842923E+00 3.208019769E-01 2.622124046E-01
6.600000000E+06 1.910390420E+00 9.360307903E-01 1.866773996E+00 3.126923032E-01 2.554987757E-01
6.800000000E+06 1.861061490E+00 9.122711410E-01 1.819417278E+00 3.050127593E-01 2.491442602E-01
7.000000000E+06 1.814358450E+00 8.897634860E-01 1.774553370E+00 2.977291124E-01 2.431200846E-01
7.200000000E+06 1.770073006E+00 8.684092398E-01 1.731986182E+00 2.908107179E-01 2.374005086E-01
7.400000000E+06 1.728018543E+00 8.481200195E-01 1.691539900E+00 2.842300578E-01 2.319624328E-01
7.600000000E+06 1.688027361E+00 8.288163490E-01 1.653056411E+00 2.779623479E-01 2.267850658E-01
7.800000000E+06 1.649948322E+00 8.104265566E-01 1.616393112E+00 2.719852044E-01 2.218496407E-01
8.000000000E+06 1.613644844E+00 7.928858337E-01 1.581421047E+00 2.662783569E-01 2.171391724E-01
8.200000000E+06 1.578993178E+00 7.761354269E-01 1.548023296E+00 2.608234033E-01 2.126382497E-01
8.400000000E+06 1.545880926E+00 7.601219416E-01 1.516093593E+00 2.556035973E-01 2.083328553E-01
8.600000000E+06 1.514205762E+00 7.447967412E-01 1.485535135E+00 2.506036647E-01 2.042102108E-01
8.800000000E+06 1.483874324E+00 7.301154248E-01 1.456259542E+00 2.458096439E-01 2.002586416E-01
9.000000000E+06 1.454801242E+00 7.160373723E-01 1.428185951E+00 2.412087467E-01 1.964674592E-01
9.200000000E+06 1.426908299E+00 7.025253482E-01 1.401240236E+00 2.367892364E-01 1.928268584E-01
9.400000000E+06 1.400123694E+00 6.895451537E-01 1.375354306E+00 2.325403211E-01 1.893278277E-01
9.600000000E+06 1.374381390E+00 6.770653211E-01 1.350465507E+00 2.284520597E-01 1.859620690E-01
9.800000000E+06 1.349620548E+00 6.650568448E-01 1.326516083E+00 2.245152791E-01 1.827219289E-01
1.000000000E+07 1.325785017E+00 6.534929433E-01 1.303452701E+00 2.207215007E-01 1.796003360E-01
1.020000000E+07 1.302822892E+00 6.423488487E-01 1.281226038E+00 2.170628753E-01 1.765907466E-01
1.040000000E+07 1.280686118E+00 6.316016198E-01 1.259790402E+00 2.135321254E-01 1.736870958E-01
1.060000000E+07 1.259330134E+00 6.212299752E-01 1.239103409E+00 2.101224938E-01 1.708837542E-01
1.080000000E+07 1.238713564E+00 6.112141456E-01 1.219125681E+00 2.068276973E-01 1.681754894E-01
1.100000000E+07 1.218797930E+00 6.015357399E-01 1.199820583E+00 2.036418854E-01 1.655574311E-01
1.120000000E+07 1.199547408E+00 5.921776273E-01 1.181153992E+00 2.005596038E-01 1.630250400E-01
1.140000000E+07 1.180928594E+00 5.831238297E-01 1.163094076E+00 1.975757609E-01 1.605740802E-01
1.160000000E+07 1.162910309E+00 5.743594264E-01 1.145611109E+00 1.946855978E-01 1.582005940E-01
1.180000000E+07 1.145463411E+00 5.658704668E-01 1.128677299E+00 1.918846616E-01 1.559008792E-01
1.200000000E+07 1.128560633E+00 5.576438927E-01 1.112266626E+00 1.891687808E-01 1.536714686E-01
1.220000000E+07 1.112176430E+00 5.496674676E-01 1.096354711E+00 1.865340432E-01 1.515091116E-01
1.240000000E+07 1.096286851E+00 5.419297121E-01 1.080918678E+00 1.839767763E-01 1.494107574E-01
1.260000000E+07 1.080869407E+00 5.344198469E-01 1.065937049E+00 1.814935285E-01 1.473735397E-01
1.280000000E+07 1.065902969E+00 5.271277385E-01 1.051389630E+00 1.790810529E-01 1.453947631E-01
1.300000000E+07 1.051367661E+00 5.200438526E-01 1.037257420E+00 1.767362923E-01 1.434718900E-01
1.320000000E+07 1.037244769E+00 5.131592092E-01 1.023522524E+00 1.744563654E-01 1.416025296E-01
1.340000000E+07 1.023516657E+00 5.064653429E-01 1.010168070E+00 1.722385539E-01 1.397844271E-01
1.360000000E+07 1.010166691E+00 4.999542666E-01 9.971781381E-01 1.700802917E-01 1.380154540E-01
1.380000000E+07 9.971791658E-01 4.936184374E-01 9.845376959E-01 1.679791536E-01 1.362935997E-01
1.400000000E+07 9.845392450E-01 4.874507267E-01 9.722325340E-01 1.659328461E-01 1.346169631E-01
1.420000000E+07 9.722328966E-01 4.814443910E-01 9.602492113E-01 1.639391984E-01 1.329837450E-01
1.440000000E+07 9.602468420E-01 4.755930470E-01 9.485750037E-01 1.619961545E-01 1.313922418E-01
1.460000000E+07 9.485685045E-01 4.698906471E-01 9.371978559E-01 1.601017649E-01 1.298408389E-01
1.480000000E+07 9.371859641E-01 4.643314578E-01 9.261063385E-01 1.582541807E-01 1.283280050E-01
1.500000000E+07 9.260879142E-01 4.589100392E-01 9.152896072E-01 1.564516466E-01 1.268522864E-01
1.520000000E+07 9.152636228E-01 4.536212264E-01 9.047373654E-01 1.546924948E-01 1.254123029E-01
1.540000000E+07 9.047028961E-01 4.484601123E-01 8.944398303E-01 1.529751402E-01 1.240067423E-01
1.560000000E+07 8.943960450E-01 4.434220315E-01 8.843877009E-01 1.512980748E-01 1.226343569E-01
1.580000000E+07 8.843338541E-01 4.385025457E-01 8.745721280E-01 1.496598632E-01 1.212939591E-01
1.600000000E+07 8.745075530E-01 4.336974297E-01 8.649846879E-01 1.480591384E-01 1.199844182E-01
1.620000000E+07 8.649087897E-01 4.290026588E-01 8.556173560E-01 1.464945973E-01 1.187046565E-01
1.640000000E+07 8.555296050E-01 4.244143970E-01 8.464624836E-01 1.449649974E-01 1.174536468E-01
1.660000000E+07 8.463624110E-01 4.199289859E-01 8.375127766E-01 1.434691532E-01 1.162304091E-01
1.680000000E+07 8.373999682E-01 4.155429346E-01 8.287612740E-01 1.420059330E-01 1.150340077E-01
1.700000000E+07 8.286353663E-01 4.112529100E-01 8.202013298E-01 1.405742554E-01 1.138635493E-01
1.720000000E+07 8.200620055E-01 4.070557281E-01 8.118265949E-01 1.391730873E-01 1.127181802E-01
1.740000000E+07 8.116735788E-01 4.029483456E-01 8.036310006E-01 1.378014403E-01 1.115970839E-01
1.760000000E+07 8.034640567E-01 3.989278522E-01 7.956087434E-01 1.364583693E-01 1.104994798E-01
1.780000000E+07 7.954276710E-01 3.949914633E-01 7.877542703E-01 1.351429693E-01 1.094246206E-01
1.800000000E+07 7.875589014E-01 3.911365132E-01 7.800622656E-01 1.338543735E-01 1.083717905E-01
1.820000000E+07 7.798524619E-01 3.873604490E-01 7.725276382E-01 1.325917517E-01 1.073403043E-01
1.840000000E+07 7.723032887E-01 3.836608246E-01 7.651455096E-01 1.313543078E-01 1.063295048E-01
1.860000000E+07 7.649065282E-01 3.800352948E-01 7.579112028E-01 1.301412783E-01 1.053387620E-01
1.880000000E+07 7.576575267E-01 3.764816106E-01 7.508202327E-01 1.289519309E-01 1.043674715E-01
1.900000000E+07 7.505518196E-01 3.729976139E-01 7.438682951E-01 1.277855624E-01 1.034150533E-01
1.920000000E+07 7.435851219E-01 3.695812333E-01 7.370512586E-01 1.266414975E-01 1.024809503E-01
1.940000000E+07 7.367533199E-01 3.662304793E-01 7.303651556E-01 1.255190876E-01 1.015646277E-01
1.960000000E+07 7.300524617E-01 3.629434407E-01 7.238061739E-01 1.244177093E-01 1.006655711E-01
1.980000000E+07 7.234787498E-01 3.597182805E-01 7.173706497E-01 1.233367630E-01 9.978328650E-02
2.000000000E+07 7.170285335E-01 3.565532324E-01 7.110550599E-01 1.222756722E-01 9.891729834E-02
2.020000000E+07 7.106983020E-01 3.534465973E-01 7.048560157E-01 1.212338819E-01 9.806714932E-02
2.040000000E+07 7.044846777E-01 3.503967404E-01 6.987702563E-01 1.202108581E-01 9.723239925E-02
2.060000000E+07 6.983844092E-01 3.474020877E-01 6.927946422E-01 1.192060863E-01 9.641262425E-02
2.080000000E+07 6.923943665E-01 3.444611238E-01 6.869261505E-01 1.182190712E-01 9.560741605E-02
2.100000000E+07 6.865115348E-01 3.415723885E-01 6.811618688E-01 1.172493351E-01 9.481638128E-02
2.120000000E+07 6.807330092E-01 3.387344750E-01 6.754989906E-01 1.162964178E-01 9.403914075E-02
2.140000000E+07 6.750559896E-01 3.359460266E-01 6.699348100E-01 1.153598753E-01 9.327532881E-02
2.160000000E+07 6.694777763E-01 3.332057355E-01 6.644667179E-01 1.144392793E-01 9.252459281E-02
2.180000000E+07 6.639957658E-01 3.305123396E-01 6.590921971E-01 1.135342166E-01 9.178659247E-02
2.200000000E+07 6.586074455E-01 3.278646215E-01 6.538088185E-01 1.126442883E-01 9.106099934E-02
2.220000000E+07 6.533103907E-01 3.252614054E-01 6.486142373E-01 1.117691091E-01 9.034749629E-02
2.240000000E+07 6.481022602E-01 3.227015565E-01 6.435061891E-01 1.109083069E-01 8.964577705E-02
2.260000000E+07 6.429807932E-01 3.201839782E-01 6.384824867E-01 1.100615222E-01 8.895554570E-02
2.280000000E+07 6.379438056E-01 3.177076114E-01 6.335410170E-01 1.092284075E-01 8.827651631E-02
2.300000000E+07 6.329891865E-01 3.152714320E-01 6.286797373E-01 1.084086267E-01 8.760841240E-02
2.320000000E+07 6.281148955E-01 3.128744501E-01 6.238966727E-01 1.076018550E-01 8.695096666E-02
2.340000000E+07 6.233189598E-01 3.105157085E-01 6.191899135E-01 1.068077781E-01 8.630392052E-02
2.360000000E+07 6.185994713E-01 3.081942811E-01 6.145576123E-01 1.060260917E-01 8.566702381E-02
2.380000000E+07 6.139545835E-01 3.059092718E-01 6.099979811E-01 1.052565015E-01 8.504003439E-02
2.400000000E+07 6.093825101E-01 3.036598132E-01 6.055092898E-01 1.044987225E-01 8.442271787E-02
2.420000000E+07 6.048815213E-01 3.014450657E-01 6.010898629E-01 1.037524785E-01 8.381484726E-02
2.440000000E+07 6.004499427E-01 2.992642159E-01 5.967380781E-01 1.030175022E-01 8.321620272E-02
2.460000000E+07 5.960861520E-01 2.971164762E-01 5.924523638E-01 1.022935345E-01 8.262657123E-02
2.480000000E+07 5.917885781E-01 2.950010833E-01 5.882311971E-01 1.015803243E-01 8.204574638E-02
2.500000000E+07 5.875556980E-01 2.929172973E-01 5.840731021E-01 1.008776280E-01 8.147352806E-02
2.520000000E+07 5.833860358E-01 2.908644012E-01 5.799766479E-01 1.001852096E-01 8.090972226E-02
2.540000000E+07 5.792781606E-01 2.888416996E-01 5.759404473E-01 9.950284012E-02 8.035414083E-02
2.560000000E+07 5.752306845E-01 2.868485180E-01 5.719631545E-01 9.883029743E-02 7.980660122E-02
2.580000000E+07 5.712422616E-01 2.848842022E-01 5.680434641E-01 9.816736596E-02 7.926692635E-02
2.600000000E+07 5.673115857E-01 2.829481171E-01 5.641801093E-01 9.751383645E-02 7.873494431E-02
2.620000000E+07 5.634373893E-01 2.810396465E-01 5.603718605E-01 9.686950579E-02 7.821048826E-02
2.640000000E+07 5.596184423E-01 2.791581923E-01 5.566175242E-01 9.623417671E-02 7.769339620E-02
2.660000000E+07 5.558535501E-01 2.773031734E-01 5.529159411E-01 9.560765762E-02 7.718351076E-02
2.680000000E+07 5.521415526E-01 2.754740257E-01 5.492659857E-01 9.498976240E-02 7.668067913E-02
2.700000000E+07 5.484813233E-01 2.736702010E-01 5.456665642E-01 9.438031019E-02 7.618475278E-02
2.720000000E+07 5.448717674E-01 2.718911668E-01 5.421166139E-01 9.377912521E-02 7.569558740E-02
2.740000000E+07 5.413118212E-01 2.701364055E-01 5.386151022E-01 9.318603659E-02 7.521304273E-02
2.760000000E+07 5.378004509E-01 2.684054139E-01 5.351610251E-01 9.260087819E-02 7.473698237E-02
2.780000000E+07 5.343366512E-01 2.666977029E-01 5.317534066E-01 9.202348844E-02 7.426727372E-02
2.800000000E+07 5.309194450E-01 2.650127967E-01 5.283912973E-01 9.145371016E-02 7.380378778E-02
2.820000000E+07 5.275478816E-01 2.633502326E-01 5.250737741E-01 9.089139046E-02 7.334639907E-02
2.840000000E+07 5.242210366E-01 2.617095604E-01 5.217999387E-01 9.033638057E-02 7.289498551E-02
2.860000000E+07 5.209380104E-01 2.600903422E-01 5.185689170E-01 8.978853565E-02 7.244942828E-02
2.880000000E+07 5.176979279E-01 2.584921517E-01 5.153798587E-01 8.924771478E-02 7.200961174E-02
2.900000000E+07 5.144999367E-01 2.569145739E-01 5.122319354E-01 8.871378067E-02 7.157542328E-02
2.920000000E+07 5.113432077E-01 2.553572047E-01 5.091243412E-01 8.818659970E-02 7.114675328E-02
2.940000000E+07 5.082269333E-01 2.538196508E-01 5.060562909E-01 8.766604166E-02 7.072349494E-02
2.960000000E+07 5.051503271E-01 2.523015290E-01 5.030270202E-01 8.715197976E-02 7.030554428E-02
2.980000000E+07 5.021126233E-01 2.508024662E-01 5.000357842E-01 8.664429047E-02 6.989279998E-02
3.000000000E+07 4.991130753E-01 2.493220985E-01 4.970818571E-01 8.614285332E-02 6.948516327E-02
3.020000000E+07 4.961509565E-01 2.478600718E-01 4.941645320E-01 8.564755100E-02 6.908253794E-02
3.040000000E+07 4.932255579E-01 2.464160405E-01 4.912831196E-01 8.515826908E-02 6.868483018E-02
3.060000000E+07 4.903361893E-01 2.449896680E-01 4.884369481E-01 8.467489601E-02 6.829194855E-02
3.080000000E+07 4.874821772E-01 2.435806262E-01 4.856253626E-01 8.419732306E-02 6.790380388E-02
3.100000000E+07 4.846628653E-01 2.421885948E-01 4.828477242E-01 8.372544409E-02 6.752030920E-02
3.120000000E+07 4.818776136E-01 2.408132619E-01 4.801034103E-01 8.325915566E-02 6.714137971E-02
3.140000000E+07 4.791257975E-01 2.394543229E-01 4.773918130E-01 8.279835676E-02 6.676693264E-02
3.160000000E+07 4.764068081E-01 2.381114806E-01 4.747123396E-01 8.234294887E-02 6.639688724E-02
3.180000000E+07 4.737200511E-01 2.367844452E-01 4.720644116E-01 8.189283586E-02 6.603116473E-02
3.200000000E+07 4.710649471E-01 2.354729340E-01 4.694474648E-01 8.144792388E-02 6.566968822E-02
3.220000000E+07 4.684409297E-01 2.341766708E-01 4.668609480E-01 8.100812130E-02 6.531238263E-02
3.240000000E+07 4.658474469E-01 2.328953860E-01 4.643043235E-01 8.057333866E-02 6.495917467E-02
3.260000000E+07 4.632839594E-01 2.316288166E-01 4.617770661E-01 8.014348860E-02 6.460999277E-02
3.280000000E+07 4.607499409E-01 2.303767057E-01 4.592786632E-01 7.971848584E-02 6.426476706E-02
3.300000000E+07 4.582448770E-01 2.291388022E-01 4.568086138E-01 7.929824699E-02 6.392342926E-02
3.320000000E+07 4.557682658E-01 2.279148611E-01 4.543664289E-01 7.888269066E-02 6.358591270E-02
3.340000000E+07 4.533196167E-01 2.267046429E-01 4.519516307E-01 7.847173729E-02 6.325215221E-02
3.360000000E+07 4.508984507E-01 2.255079136E-01 4.495637523E-01 7.806530914E-02 6.292208414E-02
3.380000000E+07 4.485042995E-01 2.243244447E-01 4.472023375E-01 7.766333025E-02 6.259564628E-02
3.400000000E+07 4.461367055E-01 2.231540127E-01 4.448669403E-01 7.726572632E-02 6.227277779E-02
3.420000000E+07 4.437952220E-01 2.219963994E-01 4.425571252E-01 7.687242479E-02 6.195341927E-02
3.440000000E+07 4.414794115E-01 2.208513910E-01 4.402724658E-01 7.648335462E-02 6.163751256E-02
3.460000000E+07 4.391888469E-01 2.197187791E-01 4.380125460E-01 7.609844645E-02 6.132500086E-02
3.480000000E+07 4.369231104E-01 2.185983594E-01 4.357769581E-01 7.571763234E-02 6.101582857E-02
3.500000000E+07 4.346817934E-01 2.174899324E-01 4.335653040E-01 7.534084590E-02 6.070994135E-02
3.520000000E+07 4.324644967E-01 2.163933029E-01 4.313771942E-01 7.496802220E-02 6.040728604E-02
3.540000000E+07 4.302708292E-01 2.153082799E-01 4.292122475E-01 7.459909764E-02 6.010781061E-02
3.560000000E+07 4.281004087E-01 2.142346765E-01 4.270700910E-01 7.423401006E-02 5.981146416E-02
3.580000000E+07 4.259528613E-01 2.131723101E-01 4.249503601E-01 7.387269860E-02 5.951819691E-02
3.600000000E+07 4.238278210E-01 2.121210018E-01 4.228526977E-01 7.351510371E-02 5.922796012E-02
3.620000000E+07 4.217249298E-01 2.110805764E-01 4.207767545E-01 7.316116706E-02 5.894070606E-02
3.640000000E+07 4.196438370E-01 2.100508626E-01 4.187221885E-01 7.281083159E-02 5.865638806E-02
3.660000000E+07 4.175841997E-01 2.090316928E-01 4.166886651E-01 7.246404143E-02 5.837496039E-02
3.680000000E+07 4.155456820E-01 2.080229026E-01 4.146758564E-01 7.212074186E-02 5.809637830E-02
3.700000000E+07 4.135279551E-01 2.070243313E-01 4.126834416E-01 7.178087928E-02 5.782059793E-02
3.720000000E+07 4.115306971E-01 2.060358215E-01 4.107111064E-01 7.144440122E-02 5.754757637E-02
3.740000000E+07 4.095535928E-01 2.050572190E-01 4.087585434E-01 7.111125629E-02 5.727727160E-02
3.760000000E+07 4.075963334E-01 2.040883727E-01 4.068254507E-01 7.078139412E-02 5.700964239E-02
3.780000000E+07 4.056586162E-01 2.031291345E-01 4.049115333E-01 7.045476536E-02 5.674464841E-02
3.800000000E+07 4.037401451E-01 2.021793598E-01 4.030165019E-01 7.013132170E-02 5.648225013E-02
3.820000000E+07 4.018406299E-01 2.012389063E-01 4.011400730E-01 6.981101572E-02 5.622240879E-02
3.840000000E+07 3.999597862E-01 2.003076351E-01 3.992819690E-01 6.949380105E-02 5.596508646E-02
3.860000000E+07 3.980973353E-01 1.993854096E-01 3.974419178E-01 6.917963216E-02 5.571024593E-02
3.880000000E+07 3.962530039E-01 1.984720962E-01 3.956196525E-01 6.886846444E-02 5.545785070E-02
3.900000000E+07 3.944265244E-01 1.975675639E-01 3.938149115E-01 6.856025416E-02 5.520786505E-02
3.920000000E+07 3.926176346E-01 1.966716843E-01 3.920274388E-01 6.825495846E-02 5.496025391E-02
3.940000000E+07 3.908260770E-01 1.957843314E-01 3.902569829E-01 6.795253528E-02 5.471498292E-02
3.960000000E+07 3.890515995E-01 1.949053819E-01 3.885032974E-01 6.765294341E-02 5.447201839E-02
3.980000000E+07 3.872939546E-01 1.940347144E-01 3.867661407E-01 6.735614238E-02 5.423132724E-02
4.000000000E+07 3.855529004E-01 1.931722106E-01 3.850452760E-01 6.706209261E-02 5.399287711E-02
4.020000000E+07 3.838281984E-01 1.923177538E-01 3.833404707E-01 6.677075513E-02 5.375663616E-02
4.040000000E+07 3.821196157E-01 1.914712298E-01 3.816514968E-01 6.648209179E-02 5.352257321E-02
4.060000000E+07 3.804269235E-01 1.906325265E-01 3.799781309E-01 6.619606517E-02 5.329065769E-02
4.080000000E+07 3.787498972E-01 1.898015342E-01 3.783201535E-01 6.591263852E-02 5.306085955E-02
4.100000000E+07 3.770883166E-01 1.889781447E-01 3.766773493E-01 6.563177577E-02 5.283314933E-02
4.120000000E+07 3.754419659E-01 1.881622525E-01 3.750495072E-01 6.535344158E-02 5.260749814E-02
4.140000000E+07 3.738106328E-01 1.873537535E-01 3.734364197E-01 6.507760118E-02 5.238387760E-02
4.160000000E+07 3.721941094E-01 1.865525459E-01 3.718378836E-01 6.480422053E-02 5.216225988E-02
4.180000000E+07 3.705921913E-01 1.857585296E-01 3.702536991E-01 6.453326612E-02 5.194261761E-02
4.200000000E+07 3.690046783E-01 1.849716064E-01 3.686836701E-01 6.426470513E-02 5.172492396E-02
4.220000000E+07 3.674313734E-01 1.841916799E-01 3.671276045E-01 6.399850531E-02 5.150915262E-02
4.240000000E+07 3.658720837E-01 1.834186554E-01 3.655853130E-01 6.373463497E-02 5.129527769E-02
4.260000000E+07 3.643266195E-01 1.826524400E-01 3.640566104E-01 6.347306305E-02 5.108327379E-02
4.280000000E+07 3.627947944E-01 1.818929424E-01 3.625413145E-01 6.321375897E-02 5.087311596E-02
4.300000000E+07 3.612764258E-01 1.811400730E-01 3.610392463E-01 6.295669275E-02 5.066477971E-02
4.320000000E+07 3.597713340E-01 1.803937438E-01 3.595502303E-01 6.270183492E-02 5.045824097E-02
4.340000000E+07 3.582793427E-01 1.796538683E-01 3.580740938E-01 6.244915654E-02 5.025347610E-02
4.360000000E+07 3.568002787E-01 1.789203617E-01 3.566106675E-01 6.219862917E-02 5.005046190E-02
4.380000000E+07 3.553339718E-01 1.781931404E-01 3.551597847E-01 6.195022489E-02 4.984917555E-02
4.400000000E+07 3.538802548E-01 1.774721225E-01 3.537212819E-01 6.170391622E-02 4.964959462E-02
4.420000000E+07 3.524389637E-01 1.767572276E-01 3.522949985E-01 6.145967622E-02 4.945169712E-02
4.440000000E+07 3.510099369E-01 1.760483764E-01 3.508807765E-01 6.121747837E-02 4.925546139E-02
4.460000000E+07 3.495930161E-01 1.753454913E-01 3.494784607E-01 6.097729662E-02 4.906086617E-02
4.480000000E+07 3.481880454E-01 1.746484958E-01 3.480878987E-01 6.073910538E-02 4.886789056E-02
4.500000000E+07 3.467948716E-01 1.739573148E-01 3.467089404E-01 6.050287944E-02 4.867651400E-02
4.520000000E+07 3.454133443E-01 1.732718744E-01 3.453414386E-01 6.026859410E-02 4.848671631E-02
4.540000000E+07 3.440433156E-01 1.725921022E-01 3.439852485E-01 6.003622502E-02 4.829847762E-02
4.560000000E+07 3.426846399E-01 1.719179268E-01 3.426402278E-01 5.980574828E-02 4.811177842E-02
4.580000000E+07 3.413371746E-01 1.712492781E-01 3.413062364E-01 5.957714040E-02 4.792659954E-02
4.600000000E+07 3.400007790E-01 1.705860871E-01 3.399831368E-01 5.935037822E-02 4.774292208E-02
4.620000000E+07 3.386753150E-01 1.699282861E-01 3.386707937E-01 5.912543903E-02 4.756072751E-02
4.640000000E+07 3.373606467E-01 1.692758083E-01 3.373690739E-01 5.890230046E-02 4.737999757E-02
4.660000000E+07 3.360566404E-01 1.686285881E-01 3.360778466E-01 5.868094051E-02 4.720071432E-02
4.680000000E+07 3.347631649E-01 1.679865612E-01 3.347969831E-01 5.846133754E-02 4.702286008E-02
4.700000000E+07 3.334800909E-01 1.673496641E-01 3.335263570E-01 5.824347031E-02 4.684641754E-02
4.720000000E+07 3.322072914E-01 1.667178345E-01 3.322658437E-01 5.802731786E-02 4.667136959E-02
4.740000000E+07 3.309446411E-01 1.660910108E-01 3.310153206E-01 5.781285959E-02 4.649769941E-02
4.760000000E+07 3.296920176E-01 1.654691329E-01 3.297746674E-01 5.760007527E-02 4.632539052E-02
4.780000000E+07 3.284492994E-01 1.648521413E-01 3.285437654E-01 5.738894493E-02 4.615442662E-02
4.800000000E+07 3.272163676E-01 1.642399775E-01 3.273224982E-01 5.717944896E-02 4.598479171E-02
4.820000000E+07 3.259931053E-01 1.636325841E-01 3.261107508E-01 5.697156807E-02 4.581647005E-02
4.840000000E+07 3.247793970E-01 1.630299045E-01 3.249084104E-01 5.676528326E-02 4.564944614E-02
4.860000000E+07 3.235751296E-01 1.624318829E-01 3.237153659E-01 5.656057582E-02 4.548370473E-02
4.880000000E+07 3.223801913E-01 1.618384647E-01 3.225315079E-01 5.635742734E-02 4.531923081E-02
4.900000000E+07 3.211944724E-01 1.612495959E-01 3.213567288E-01 5.615581972E-02 4.515600960E-02
4.920000000E+07 3.200178647E-01 1.606652234E-01 3.201909225E-01 5.595573513E-02 4.499402656E-02
4.940000000E+07 3.188502619E-01 1.600852948E-01 3.190339849E-01 5.575715600E-02 4.483326738E-02
4.960000000E+07 3.176915593E-01 1.595097589E-01 3.178858132E-01 5.556006504E-02 4.467371794E-02
4.980000000E+07 3.165416539E-01 1.589385650E-01 3.167463065E-01 5.536444527E-02 4.451536440E-02
5.000000000E+07 3.154004439E-01 1.583716631E-01 3.156153650E-01 5.517027987E-02 4.435819305E-02
5.020000000E+07 3.142678296E-01 1.578090042E-01 3.144928909E-01 5.497755239E-02 4.420219047E-02
5.040000000E+07 3.131437127E-01 1.572505400E-01 3.133787878E-01 5.478624658E-02 4.404734341E-02
5.060000000E+07 3.120279960E-01 1.566962228E-01 3.122729605E-01 5.459634640E-02 4.389363880E-02
5.080000000E+07 3.109205844E-01 1.561460059E-01 3.111753156E-01 5.440783614E-02 4.374106382E-02
5.100000000E+07 3.098213838E-01 1.555998429E-01 3.100857609E-01 5.422070023E-02 4.358960579E-02
5.120000000E+07 3.087303019E-01 1.550576884E-01 3.090042056E-01 5.403492340E-02 4.343925225E-02
5.140000000E+07 3.076472474E-01 1.545194978E-01 3.079305606E-01 5.385049060E-02 4.328999094E-02
5.160000000E+07 3.065721304E-01 1.539852268E-01 3.068647375E-01 5.366738697E-02 4.314180974E-02
5.180000000E+07 3.055048628E-01 1.534548320E-01 3.058066497E-01 5.348559791E-02 4.299469674E-02
5.200000000E+07 3.044453572E-01 1.529282706E-01 3.047562117E-01 5.330510900E-02 4.284864020E-02
5.220000000E+07 3.033935281E-01 1.524055004E-01 3.037133395E-01 5.312590607E-02 4.270362858E-02
5.240000000E+07 3.023492909E-01 1.518864799E-01 3.026779501E-01 5.294797513E-02 4.255965045E-02
5.260000000E+07 3.013125622E-01 1.513711680E-01 3.016499617E-01 5.277130239E-02 4.241669460E-02
5.280000000E+07 3.002832601E-01 1.508595246E-01 3.006292939E-01 5.259587429E-02 4.227474996E-02
5.300000000E+07 2.992613037E-01 1.503515098E-01 2.996158673E-01 5.242167745E-02 4.213380563E-02
5.320000000E+07 2.982466132E-01 1.498470844E-01 2.986096036E-01 5.224869867E-02 4.199385084E-02
5.340000000E+07 2.972391103E-01 1.493462099E-01 2.976104260E-01 5.207692496E-02 4.185487503E-02
5.360000000E+07 2.962387174E-01 1.488488482E-01 2.966182584E-01 5.190634351E-02 4.171686775E-02
5.380000000E+07 2.952453584E-01 1.483549617E-01 2.956330259E-01 5.173694167E-02 4.157981870E-02
5.400000000E+07 2.942589581E-01 1.478645136E-01 2.946546548E-01 5.156870703E-02 4.144371774E-02
5.420000000E+07 2.932794424E-01 1.473774673E-01 2.936830724E-01 5.140162729E-02 4.130855488E-02
5.440000000E+07 2.923067383E-01 1.468937870E-01 2.927182069E-01 5.123569036E-02 4.117432026E-02
5.460000000E+07 2.913407738E-01 1.464134373E-01 2.917599878E-01 5.107088431E-02 4.104100415E-02
5.480000000E+07 2.903814778E-01 1.459363831E-01 2.908083452E-01 5.090719737E-02 4.090859697E-02
5.500000000E+07 2.894287806E-01 1.454625902E-01 2.898632105E-01 5.074461796E-02 4.077708930E-02
5.520000000E+07 2.884826129E-01 1.449920245E-01 2.889245160E-01 5.058313462E-02 4.064647178E-02
5.540000000E+07 2.875429069E-01 1.445246527E-01 2.879921949E-01 5.042273611E-02 4.051673526E-02
5.560000000E+07 2.866095954E-01 1.440604416E-01 2.870661812E-01 5.026341126E-02 4.038787065E-02
5.580000000E+07 2.856826124E-01 1.435993588E-01 2.861464102E-01 5.010514915E-02 4.025986904E-02
5.600000000E+07 2.847618926E-01 1.431413722E-01 2.852328177E-01 4.994793893E-02 4.013272162E-02
5.620000000E+07 2.838473717E-01 1.426864501E-01 2.843253404E-01 4.979176994E-02 4.000641968E-02
5.640000000E+07 2.829389862E-01 1.422345612E-01 2.834239163E-01 4.963663166E-02 3.988095466E-02
5.660000000E+07 2.820366736E-01 1.417856749E-01 2.825284837E-01 4.948251370E-02 3.975631811E-02
5.680000000E+07 2.811403721E-01 1.413397606E-01 2.816389819E-01 4.932940581E-02 3.963250167E-02
5.700000000E+07 2.802500210E-01 1.408967886E-01 2.807553515E-01 4.917729792E-02 3.950949714E-02
5.720000000E+07 2.793655600E-01 1.404567291E-01 2.798775331E-01 4.902618003E-02 3.938729637E-02
5.740000000E+07 2.784869302E-01 1.400195531E-01 2.790054687E-01 4.887604232E-02 3.926589138E-02
5.760000000E+07 2.776140730E-01 1.395852319E-01 2.781391010E-01 4.872687510E-02 3.914527427E-02
5.780000000E+07 2.767469307E-01 1.391537369E-01 2.772783732E-01 4.857866878E-02 3.902543723E-02
5.800000000E+07 2.758854464E-01 1.387250402E-01 2.764232294E-01 4.843141390E-02 3.890637256E-02
5.820000000E+07 2.750295641E-01 1.382991142E-01 2.755736145E-01 4.828510116E-02 3.878807269E-02
5.840000000E+07 2.741792284E-01 1.378759316E-01 2.747294741E-01 4.813972135E-02 3.867053012E-02
5.860000000E+07 2.733343847E-01 1.374554655E-01 2.738907545E-01 4.799526542E-02 3.855373748E-02
5.880000000E+07 2.724949789E-01 1.370376894E-01 2.730574027E-01 4.785172436E-02 3.843768743E-02
5.900000000E+07 2.716609580E-01 1.366225770E-01 2.722293664E-01 4.770908936E-02 3.832237281E-02
5.920000000E+07 2.708322694E-01 1.362101026E-01 2.714065941E-01 4.756735168E-02 3.820778650E-02
5.940000000E+07 2.700088613E-01 1.358002405E-01 2.705890347E-01 4.742650273E-02 3.809392149E-02
5.960000000E+07 2.691906825E-01 1.353929656E-01 2.697766379E-01 4.728653395E-02 3.798077084E-02
5.980000000E+07 2.683776826E-01 1.349882530E-01 2.689693543E-01 4.714743700E-02 3.786832774E-02
6.000000000E+07 2.675698117E-01 1.345860782E-01 2.681671347E-01 4.700920357E-02 3.775658544E-02
6.020000000E+07 2.667670206E-01 1.341864170E-01 2.673699309E-01 4.687182549E-02 3.764553727E-02
6.040000000E+07 2.659692609E-01 1.337892454E-01 2.665776951E-01 4.673529466E-02 3.753517667E-02
6.060000000E+07 2.651764845E-01 1.333945398E-01 2.657903801E-01 4.659960313E-02 3.742549713E-02
6.080000000E+07 2.643886441E-01 1.330022768E-01 2.650079394E-01 4.646474299E-02 3.731649226E-02
6.100000000E+07 2.636056930E-01 1.326124336E-01 2.642303271E-01 4.633070651E-02 3.720815572E-02
6.120000000E+07 2.628275851E-01 1.322249874E-01 2.634574979E-01 4.619748599E-02 3.710048127E-02
6.140000000E+07 2.620542748E-01 1.318399156E-01 2.626894068E-01 4.606507384E-02 3.699346273E-02
6.160000000E+07 2.612857172E-01 1.314571962E-01 2.619260099E-01 4.593346259E-02 3.688709402E-02
6.180000000E+07 2.605218679E-01 1.310768073E-01 2.611672633E-01 4.580264485E-02 3.678136912E-02
6.200000000E+07 2.597626830E-01 1.306987273E-01 2.604131239E-01 4.567261330E-02 3.667628208E-02
6.220000000E+07 2.590081192E-01 1.303229348E-01 2.596635493E-01 4.554336074E-02 3.657182705E-02
6.240000000E+07 2.582581338E-01 1.299494088E-01 2.589184971E-01 4.541488004E-02 3.646799822E-02
6.260000000E+07 2.575126845E-01 1.295781283E-01 2.581779260E-01 4.528716417E-02 3.636478985E-02
6.280000000E+07 2.567717296E-01 1.292090730E-01 2.574417949E-01 4.516020618E-02 3.626219632E-02
6.300000000E+07 2.560352280E-01 1.288422225E-01 2.567100634E-01 4.503399922E-02 3.616021204E-02
6.320000000E+07 2.553031388E-01 1.284775567E-01 2.559826913E-01 4.490853649E-02 3.605883147E-02
6.340000000E+07 2.545754221E-01 1.281150558E-01 2.552596391E-01 4.478381130E-02 3.595804919E-02
6.360000000E+07 2.538520379E-01 1.277547002E-01 2.545408679E-01 4.465981703E-02 3.585785979E-02
6.380000000E+07 2.531329473E-01 1.273964707E-01 2.538263389E-01 4.453654714E-02 3.575825796E-02
6.400000000E+07 2.524181113E-01 1.270403482E-01 2.531160141E-01 4.441399518E-02 3.565923846E-02
6.420000000E+07 2.517074918E-01 1.266863136E-01 2.524098558E-01 4.429215476E-02 3.556079608E-02
6.440000000E+07 2.510010508E-01 1.263343484E-01 2.517078268E-01 4.417101958E-02 3.546292570E-02
6.460000000E+07 2.502987511E-01 1.259844343E-01 2.510098904E-01 4.405058342E-02 3.536562226E-02
6.480000000E+07 2.496005558E-01 1.256365529E-01 2.503160102E-01 4.393084010E-02 3.526888073E-02
6.500000000E+07 2.489064283E-01 1.252906863E-01 2.496261503E-01 4.381178354E-02 3.517269618E-02
6.520000000E+07 2.482163327E-01 1.249468167E-01 2.489402753E-01 4.369340775E-02 3.507706372E-02
6.540000000E+07 2.475302333E-01 1.246049266E-01 2.482583502E-01 4.357570677E-02 3.498197851E-02
6.560000000E+07 2.468480950E-01 1.242649987E-01 2.475803402E-01 4.345867473E-02 3.488743577E-02
6.580000000E+07 2.461698830E-01 1.239270157E-01 2.469062113E-01 4.334230582E-02 3.479343079E-02
6.600000000E+07 2.454955630E-01 1.235909608E-01 2.462359295E-01 4.322659435E-02 3.469995892E-02
6.620000000E+07 2.448251008E-01 1.232568171E-01 2.455694615E-01 4.311153459E-02 3.460701553E-02
6.640000000E+07 2.441584631E-01 1.229245682E-01 2.449067741E-01 4.299712097E-02 3.451459606E-02
6.660000000E+07 2.434956168E-01 1.225941977E-01 2.442478349E-01 4.288334796E-02 3.442269603E-02
6.680000000E+07 2.428365288E-01 1.222656893E-01 2.435926114E-01 4.277021005E-02 3.433131095E-02
6.700000000E+07 2.421811669E-01 1.219390271E-01 2.429410718E-01 4.265770186E-02 3.424043646E-02
6.720000000E+07 2.415294991E-01 1.216141954E-01 2.422931845E-01 4.254581804E-02 3.415006819E-02
6.740000000E+07 2.408814937E-01 1.212911785E-01 2.416489185E-01 4.243455328E-02 3.406020185E-02
6.760000000E+07 2.402371194E-01 1.209699609E-01 2.410082428E-01 4.232390237E-02 3.397083318E-02
6.780000000E+07 2.395963453E-01 1.206505275E-01 2.403711270E-01 4.221386015E-02 3.388195798E-02
6.800000000E+07 2.389591407E-01 1.203328630E-01 2.397375411E-01 4.210442149E-02 3.379357210E-02
6.820000000E+07 2.383254754E-01 1.200169526E-01 2.391074550E-01 4.199558133E-02 3.370567142E-02
6.840000000E+07 2.376953197E-01 1.197027816E-01 2.384808397E-01 4.188733470E-02 3.361825189E-02
6.860000000E+07 2.370686438E-01 1.193903353E-01 2.378576658E-01 4.177967664E-02 3.353130948E-02
6.880000000E+07 2.364454187E-01 1.190795994E-01 2.372379046E-01 4.167260228E-02 3.344484024E-02
6.900000000E+07 2.358256152E-01 1.187705595E-01 2.366215276E-01 4.156610677E-02 3.335884022E-02
6.920000000E+07 2.352092051E-01 1.184632016E-01 2.360085068E-01 4.146018535E-02 3.327330556E-02
6.940000000E+07 2.345961600E-01 1.181575118E-01 2.353988143E-01 4.135483331E-02 3.318823241E-02
6.960000000E+07 2.339864519E-01 1.178534761E-01 2.347924225E-01 4.125004594E-02 3.310361697E-02
6.980000000E+07 2.333800533E-01 1.175510812E-01 2.341893043E-01 4.114581865E-02 3.301945549E-02
7.000000000E+07 2.327769367E-01 1.172503133E-01 2.335894327E-01 4.104214684E-02 3.293574424E-02
7.020000000E+07 2.321770753E-01 1.169511593E-01 2.329927813E-01 4.093902604E-02 3.285247957E-02
7.040000000E+07 2.315804423E-01 1.166536059E-01 2.323993236E-01 4.083645175E-02 3.276965784E-02
7.060000000E+07 2.309870113E-01 1.163576401E-01 2.318090336E-01 4.073441955E-02 3.268727545E-02
7.080000000E+07 2.303967562E-01 1.160632490E-01 2.312218857E-01 4.063292507E-02 3.260532886E-02
7.100000000E+07 2.298096511E-01 1.157704198E-01 2.306378542E-01 4.053196399E-02 3.252381455E-02
7.120000000E+07 2.292256703E-01 1.154791398E-01 2.300569140E-01 4.043153202E-02 3.244272902E-02
7.140000000E+07 2.286447889E-01 1.151893967E-01 2.294790403E-01 4.033162494E-02 3.236206886E-02
7.160000000E+07 2.280669815E-01 1.149011781E-01 2.289042082E-01 4.023223854E-02 3.228183065E-02
7.180000000E+07 2.274922236E-01 1.146144717E-01 2.283323936E-01 4.013336871E-02 3.220201103E-02
7.200000000E+07 2.269204906E-01 1.143292655E-01 2.277635723E-01 4.003501134E-02 3.212260667E-02
7.220000000E+07 2.263517585E-01 1.140455476E-01 2.271977205E-01 3.993716237E-02 3.204361429E-02
7.240000000E+07 2.257860032E-01 1.137633060E-01 2.266348144E-01 3.983981779E-02 3.196503060E-02
7.260000000E+07 2.252232008E-01 1.134825291E-01 2.260748308E-01 3.974297363E-02 3.188685239E-02
7.280000000E+07 2.246633283E-01 1.132032053E-01 2.255177466E-01 3.964662597E-02 3.180907649E-02
7.300000000E+07 2.241063622E-01 1.129253232E-01 2.249635390E-01 3.955077093E-02 3.173169971E-02
7.320000000E+07 2.235522796E-01 1.126488715E-01 2.244121852E-01 3.945540464E-02 3.165471894E-02
7.340000000E+07 2.230010579E-01 1.123738388E-01 2.238636629E-01 3.936052333E-02 3.157813110E-02
7.360000000E+07 2.224526747E-01 1.121002142E-01 2.233179501E-01 3.926612322E-02 3.150193312E-02
7.380000000E+07 2.219071075E-01 1.118279866E-01 2.227750246E-01 3.917220057E-02 3.142612197E-02
7.400000000E+07 2.213643345E-01 1.115571452E-01 2.222348651E-01 3.907875172E-02 3.135069466E-02
7.420000000E+07 2.208243339E-01 1.112876793E-01 2.216974498E-01 3.898577300E-02 3.127564823E-02
7.440000000E+07 2.202870842E-01 1.110195781E-01 2.211627576E-01 3.889326081E-02 3.120097975E-02
7.460000000E+07 2.197525640E-01 1.107528313E-01 2.206307676E-01 3.880121159E-02 3.112668631E-02
7.480000000E+07 2.192207524E-01 1.104874283E-01 2.201014590E-01 3.870962178E-02 3.105276504E-02
7.500000000E+07 2.186916283E-01 1.102233588E-01 2.195748110E-01 3.861848789E-02 3.097921309E-02
7.520000000E+07 2.181651713E-01 1.099606126E-01 2.190508034E-01 3.852780646E-02 3.090602766E-02
7.540000000E+07 2.176413607E-01 1.096991798E-01 2.185294160E-01 3.843757406E-02 3.083320595E-02
7.560000000E+07 2.171201765E-01 1.094390501E-01 2.180106290E-01 3.834778730E-02 3.076074522E-02
7.580000000E+07 2.166015985E-01 1.091802138E-01 2.174944224E-01 3.825844281E-02 3.068864273E-02
7.600000000E+07 2.160856069E-01 1.089226611E-01 2.169807769E-01 3.816953726E-02 3.061689577E-02
7.620000000E+07 2.155721823E-01 1.086663822E-01 2.164696729E-01 3.808106738E-02 3.054550169E-02
7.640000000E+07 2.150613050E-01 1.084113676E-01 2.159610915E-01 3.799302990E-02 3.047445783E-02
7.660000000E+07 2.145529560E-01 1.081576078E-01 2.154550137E-01 3.790542160E-02 3.040376158E-02
7.680000000E+07 2.140471159E-01 1.079050933E-01 2.149514205E-01 3.781823926E-02 3.033341032E-02
7.700000000E+07 2.135437664E-01 1.076538149E-01 2.144502936E-01 3.773147975E-02 3.026340151E-02
7.720000000E+07 2.130428886E-01 1.074037633E-01 2.139516145E-01 3.764513994E-02 3.019373260E-02
7.740000000E+07 2.125444639E-01 1.071549295E-01 2.134553649E-01 3.755921670E-02 3.012440106E-02
7.760000000E+07 2.120484743E-01 1.069073044E-01 2.129615270E-01 3.747370700E-02 3.005540443E-02
7.780000000E+07 2.115549015E-01 1.066608789E-01 2.124700828E-01 3.738860778E-02 2.998674021E-02
7.800000000E+07 2.110637277E-01 1.064156444E-01 2.119810147E-01 3.730391604E-02 2.991840598E-02
7.820000000E+07 2.105749352E-01 1.061715921E-01 2.114943052E-01 3.721962880E-02 2.985039931E-02
7.840000000E+07 2.100885062E-01 1.059287131E-01 2.110099368E-01 3.713574310E-02 2.978271780E-02
7.860000000E+07 2.096044237E-01 1.056869991E-01 2.105278927E-01 3.705225604E-02 2.971535910E-02
7.880000000E+07 2.091226702E-01 1.054464414E-01 2.100481556E-01 3.696916472E-02 2.964832085E-02
7.900000000E+07 2.086432288E-01 1.052070316E-01 2.095707089E-01 3.688646626E-02 2.958160071E-02
7.920000000E+07 2.081660826E-01 1.049687614E-01 2.090955358E-01 3.680415785E-02 2.951519641E-02
7.940000000E+07 2.076912149E-01 1.047316225E-01 2.086226199E-01 3.672223668E-02 2.944910565E-02
7.960000000E+07 2.072186090E-01 1.044956068E-01 2.081519449E-01 3.664069995E-02 2.938332617E-02
7.980000000E+07 2.067482487E-01 1.042607061E-01 2.076834945E-01 3.655954493E-02 2.931785574E-02
8.000000000E+07 2.062801178E-01 1.040269125E-01 2.072172528E-01 3.647876887E-02 2.925269215E-02
8.020000000E+07 2.058142000E-01 1.037942179E-01 2.067532040E-01 3.639836908E-02 2.918783320E-02
8.040000000E+07 2.053504797E-01 1.035626145E-01 2.062913323E-01 3.631834290E-02 2.912327672E-02
8.060000000E+07 2.048889410E-01 1.033320945E-01 2.058316221E-01 3.623868765E-02 2.905902056E-02
8.080000000E+07 2.044295681E-01 1.031026502E-01 2.053740581E-01 3.615940072E-02 2.899506259E-02
8.100000000E+07 2.039723458E-01 1.028742740E-01 2.049186250E-01 3.608047952E-02 2.893140070E-02
8.120000000E+07 2.035172588E-01 1.026469582E-01 2.044653077E-01 3.600192146E-02 2.886803280E-02
8.140000000E+07 2.030642917E-01 1.024206954E-01 2.040140913E-01 3.592372399E-02 2.880495682E-02
8.160000000E+07 2.026134297E-01 1.021954782E-01 2.035649608E-01 3.584588460E-02 2.874217070E-02
8.180000000E+07 2.021646579E-01 1.019712991E-01 2.031179017E-01 3.576840077E-02 2.867967242E-02
8.200000000E+07 2.017179615E-01 1.017481510E-01 2.026728993E-01 3.569127003E-02 2.861745997E-02
8.220000000E+07 2.012733258E-01 1.015260265E-01 2.022299393E-01 3.561448991E-02 2.855553134E-02
8.240000000E+07 2.008307365E-01 1.013049185E-01 2.017890074E-01 3.553805799E-02 2.849388456E-02
8.260000000E+07 2.003901793E-01 1.010848200E-01 2.013500894E-01 3.546197187E-02 2.843251769E-02
8.280000000E+07 1.999516399E-01 1.008657239E-01 2.009131715E-01 3.538622914E-02 2.837142878E-02
8.300000000E+07 1.995151044E-01 1.006476233E-01 2.004782396E-01 3.531082746E-02 2.831061592E-02
8.320000000E+07 1.990805587E-01 1.004305113E-01 2.000452800E-01 3.523576446E-02 2.825007719E-02
8.340000000E+07 1.986479890E-01 1.002143810E-01 1.996142791E-01 3.516103782E-02 2.818981072E-02
8.360000000E+07 1.982173819E-01 9.999922577E-02 1.991852235E-01 3.508664527E-02 2.812981464E-02
8.380000000E+07 1.977887235E-01 9.978503878E-02 1.987580996E-01 3.501258449E-02 2.807008709E-02
8.400000000E+07 1.973620006E-01 9.957181345E-02 1.983328944E-01 3.493885324E-02 2.801062624E-02
8.420000000E+07 1.969371999E-01 9.935954322E-02 1.979095947E-01 3.486544929E-02 2.795143029E-02
8.440000000E+07 1.965143082E-01 9.914822157E-02 1.974881874E-01 3.479237041E-02 2.789249742E-02
8.460000000E+07 1.960933125E-01 9.893784201E-02 1.970686598E-01 3.471961441E-02 2.783382586E-02
8.480000000E+07 1.956741998E-01 9.872839818E-02 1.966509989E-01 3.464717911E-02 2.777541385E-02
8.500000000E+07 1.952569573E-01 9.851988369E-02 1.962351922E-01 3.457506234E-02 2.771725960E-02
8.520000000E+07 1.948415723E-01 9.831229235E-02 1.958212272E-01 3.450326199E-02 2.765936143E-02
8.540000000E+07 1.944280323E-01 9.810561785E-02 1.954090915E-01 3.443177591E-02 2.760171758E-02
8.560000000E+07 1.940163249E-01 9.789985408E-02 1.949987726E-01 3.436060204E-02 2.754432637E-02
8.580000000E+07 1.936064375E-01 9.769499487E-02 1.945902585E-01 3.428973825E-02 2.748718610E-02
8.600000000E+07 1.931983580E-01 9.749103420E-02 1.941835369E-01 3.421918250E-02 2.743029509E-02
8.620000000E+07 1.927920743E-01 9.728796607E-02 1.937785961E-01 3.414893276E-02 2.737365169E-02
8.640000000E+07 1.923875745E-01 9.708578454E-02 1.933754240E-01 3.407898699E-02 2.731725426E-02
8.660000000E+07 1.919848465E-01 9.688448372E-02 1.929740090E-01 3.400934320E-02 2.726110118E-02
8.680000000E+07 1.915838784E-01 9.668405770E-02 1.925743393E-01 3.393999936E-02 2.720519081E-02
8.700000000E+07 1.911846589E-01 9.648450076E-02 1.921764035E-01 3.387095354E-02 2.714952157E-02
8.720000000E+07 1.907871759E-01 9.628580711E-02 1.917801899E-01 3.380220375E-02 2.709409186E-02
8.740000000E+07 1.903914184E-01 9.608797114E-02 1.913856875E-01 3.373374809E-02 2.703890012E-02
8.760000000E+07 1.899973746E-01 9.589098710E-02 1.909928846E-01 3.366558460E-02 2.698394479E-02
8.780000000E+07 1.896050334E-01 9.569484948E-02 1.906017705E-01 3.359771141E-02 2.692922432E-02
8.800000000E+07 1.892143838E-01 9.549955276E-02 1.902123339E-01 3.353012663E-02 2.687473719E-02
8.820000000E+07 1.888254144E-01 9.530509140E-02 1.898245639E-01 3.346282837E-02 2.682048188E-02
8.840000000E+07 1.884381142E-01 9.511145991E-02 1.894384496E-01 3.339581477E-02 2.676645686E-02
8.860000000E+07 1.880524726E-01 9.491865302E-02 1.890539802E-01 3.332908403E-02 2.671266068E-02
8.880000000E+07 1.876684785E-01 9.472666529E-02 1.886711452E-01 3.326263429E-02 2.665909183E-02
8.900000000E+07 1.872861215E-01 9.453549148E-02 1.882899339E-01 3.319646377E-02 2.660574887E-02
8.920000000E+07 1.869053907E-01 9.434512628E-02 1.879103358E-01 3.313057066E-02 2.655263033E-02
8.940000000E+07 1.865262756E-01 9.415556448E-02 1.875323405E-01 3.306495318E-02 2.649973477E-02
8.960000000E+07 1.861487660E-01 9.396680097E-02 1.871559378E-01 3.299960961E-02 2.644706078E-02
8.980000000E+07 1.857728515E-01 9.377883059E-02 1.867811174E-01 3.293453816E-02 2.639460692E-02
9.000000000E+07 1.853985216E-01 9.359164825E-02 1.864078691E-01 3.286973712E-02 2.634237180E-02
9.020000000E+07 1.850257663E-01 9.340524895E-02 1.860361830E-01 3.280520478E-02 2.629035404E-02
9.040000000E+07 1.846545757E-01 9.321962770E-02 1.856660491E-01 3.274093943E-02 2.623855224E-02
9.060000000E+07 1.842849396E-01 9.303477955E-02 1.852974575E-01 3.267693938E-02 2.618696505E-02
9.080000000E+07 1.839168481E-01 9.285069960E-02 1.849303985E-01 3.261320298E-02 2.613559110E-02
9.100000000E+07 1.835502915E-01 9.266738295E-02 1.845648622E-01 3.254972854E-02 2.608442905E-02
9.120000000E+07 1.831852600E-01 9.248482485E-02 1.842008392E-01 3.248651444E-02 2.603347758E-02
9.140000000E+07 1.828217439E-01 9.230302041E-02 1.838383198E-01 3.242355904E-02 2.598273534E-02
9.160000000E+07 1.824597338E-01 9.212196504E-02 1.834772947E-01 3.236086074E-02 2.593220105E-02
9.180000000E+07 1.820992199E-01 9.194165388E-02 1.831177543E-01 3.229841791E-02 2.588187339E-02
9.200000000E+07 1.817401932E-01 9.176208240E-02 1.827596896E-01 3.223622899E-02 2.583175109E-02
9.220000000E+07 1.813826440E-01 9.158324591E-02 1.824030911E-01 3.217429238E-02 2.578183285E-02
9.240000000E+07 1.810265634E-01 9.140513984E-02 1.820479498E-01 3.211260653E-02 2.573211741E-02
9.260000000E+07 1.806719418E-01 9.122775964E-02 1.816942565E-01 3.205116989E-02 2.568260353E-02
9.280000000E+07 1.803187705E-01 9.105110082E-02 1.813420024E-01 3.198998092E-02 2.563328994E-02
9.300000000E+07 1.799670404E-01 9.087515895E-02 1.809911786E-01 3.192903810E-02 2.558417543E-02
9.320000000E+07 1.796167424E-01 9.069992952E-02 1.806417760E-01 3.186833992E-02 2.553525875E-02
9.340000000E+07 1.792678677E-01 9.052540816E-02 1.802937860E-01 3.180788487E-02 2.548653869E-02
9.360000000E+07 1.789204075E-01 9.035159052E-02 1.799471999E-01 3.174767147E-02 2.543801406E-02
9.380000000E+07 1.785743531E-01 9.017847233E-02 1.796020091E-01 3.168769825E-02 2.538968365E-02
9.400000000E+07 1.782296960E-01 9.000604922E-02 1.792582050E-01 3.162796375E-02 2.534154628E-02
9.420000000E+07 1.778864273E-01 8.983431698E-02 1.789157791E-01 3.156846651E-02 2.529360078E-02
9.440000000E+07 1.775445387E-01 8.966327139E-02 1.785747230E-01 3.150920509E-02 2.524584596E-02
9.460000000E+07 1.772040218E-01 8.949290825E-02 1.782350284E-01 3.145017807E-02 2.519828069E-02
9.480000000E+07 1.768648681E-01 8.932322343E-02 1.778966870E-01 3.139138404E-02 2.515090382E-02
9.500000000E+07 1.765270693E-01 8.915421282E-02 1.775596905E-01 3.133282159E-02 2.510371419E-02
9.520000000E+07 1.761906173E-01 8.898587234E-02 1.772240309E-01 3.127448932E-02 2.505671069E-02
9.540000000E+07 1.758555038E-01 8.881819794E-02 1.768897001E-01 3.121638586E-02 2.500989220E-02
9.560000000E+07 1.755217208E-01 8.865118563E-02 1.765566900E-01 3.115850985E-02 2.496325762E-02
9.580000000E+07 1.751892602E-01 8.848483134E-02 1.762249927E-01 3.110085990E-02 2.491680581E-02
9.600000000E+07 1.748581141E-01 8.831913125E-02 1.758946005E-01 3.104343469E-02 2.487053572E-02
9.620000000E+07 1.745282745E-01 8.815408132E-02 1.755655052E-01 3.098623287E-02 2.482444624E-02
9.640000000E+07 1.741997337E-01 8.798967775E-02 1.752376994E-01 3.092925312E-02 2.477853631E-02
9.660000000E+07 1.738724837E-01 8.782591663E-02 1.749111752E-01 3.087249411E-02 2.473280484E-02
9.680000000E+07 1.735465170E-01 8.766279418E-02 1.745859250E-01 3.081595456E-02 2.468725080E-02
9.700000000E+07 1.732218259E-01 8.750030659E-02 1.742619413E-01 3.075963315E-02 2.464187313E-02
9.720000000E+07 1.728984027E-01 8.733845007E-02 1.739392166E-01 3.070352861E-02 2.459667079E-02
9.740000000E+07 1.725762400E-01 8.717722093E-02 1.736177434E-01 3.064763967E-02 2.455164274E-02
9.760000000E+07 1.722553302E-01 8.701661544E-02 1.732975143E-01 3.059196504E-02 2.450678796E-02
9.780000000E+07 1.719356660E-01 8.685662994E-02 1.729785220E-01 3.053650350E-02 2.446210543E-02
9.800000000E+07 1.716172401E-01 8.669726079E-02 1.726607592E-01 3.048125378E-02 2.441759415E-02
9.820000000E+07 1.713000450E-01 8.653850431E-02 1.723442187E-01 3.042621465E-02 2.437325310E-02
9.840000000E+07 1.709840736E-01 8.638035700E-02 1.720288933E-01 3.037138489E-02 2.432908131E-02
9.860000000E+07 1.706693188E-01 8.622281526E-02 1.717147760E-01 3.031676329E-02 2.428507779E-02
9.880000000E+07 1.703557732E-01 8.606587556E-02 1.714018596E-01 3.026234862E-02 2.424124155E-02
9.900000000E+07 1.700434300E-01 8.590953438E-02 1.710901372E-01 3.020813970E-02 2.419757162E-02
9.920000000E+07 1.697322821E-01 8.575378828E-02 1.707796020E-01 3.015413536E-02 2.415406706E-02
9.940000000E+07 1.694223226E-01 8.559863380E-02 1.704702469E-01 3.010033439E-02 2.411072690E-02
9.960000000E+07 1.691135445E-01 8.544406749E-02 1.701620651E-01 3.004673564E-02 2.406755018E-02
9.980000000E+07 1.688059409E-01 8.529008596E-02 1.698550499E-01 2.999333795E-02 2.402453598E-02
1.000000000E+08 1.684995052E-01 8.513668586E-02 1.695491945E-01 2.994014015E-02 2.398168336E-02
