1.000000000E+06 1.853626002E+04 1.492607002E+04 8.155823263E+03 1.069402057E+04 0.000000000E+00
1.200000000E+06 1.695675609E+04 1.398678077E+04 7.893411116E+03 1.101610490E+04 0.000000000E+00
1.400000000E+06 1.561414823E+04 1.310991126E+04 7.576454537E+03 1.102630137E+04 0.000000000E+00
1.600000000E+06 1.446971961E+04 1.231784950E+04 7.250493945E+03 1.086371081E+04 0.000000000E+00
1.800000000E+06 1.348023320E+04 1.160323007E+04 6.929641074E+03 1.059288821E+04 0.000000000E+00
2.000000000E+06 1.262475186E+04 1.096763065E+04 6.629165289E+03 1.028551223E+04 0.000000000E+00
2.200000000E+06 1.187353304E+04 1.039581771E+04 6.346782849E+03 9.952635727E+03 0.000000000E+00
2.400000000E+06 1.121741918E+04 9.888744333E+03 6.090487351E+03 9.636441041E+03 0.000000000E+00
2.600000000E+06 1.063180389E+04 9.428552183E+03 5.851143342E+03 9.318041157E+03 0.000000000E+00
2.800000000E+06 1.011226691E+04 9.016000611E+03 5.633382612E+03 9.022910083E+03 0.000000000E+00
3.000000000E+06 9.642633836E+03 8.638455917E+03 5.429987313E+03 8.733948907E+03 4.579891628E+00
3.200000000E+06 9.215632596E+03 8.291433128E+03 5.239676733E+03 8.452864489E+03 4.321337139E+00
3.400000000E+06 8.827567184E+03 7.973435417E+03 5.063115210E+03 8.187024642E+03 4.091620303E+00
3.600000000E+06 8.480570968E+03 7.688498056E+03 4.905181924E+03 7.958060809E+03 5.480867787E+02
3.800000000E+06 8.156202205E+03 7.419066310E+03 4.752643193E+03 7.722821832E+03 5.220103905E+02
4.000000000E+06 7.862759027E+03 7.174853633E+03 4.614528995E+03 7.516215722E+03 8.349702868E+02
4.200000000E+06 7.587321850E+03 6.943495803E+03 4.481470869E+03 7.307611110E+03 7.990215028E+02
4.400000000E+06 7.332040895E+03 6.727980235E+03 4.356630212E+03 7.110324188E+03 7.661714854E+02
4.600000000E+06 7.094740571E+03 6.526708602E+03 4.239273960E+03 6.923607745E+03 7.360304512E+02
4.800000000E+06 6.877527024E+03 6.342400753E+03 4.132165411E+03 6.759013997E+03 8.958636994E+02
5.000000000E+06 6.671003581E+03 6.165807932E+03 4.028056353E+03 6.591988989E+03 8.634343277E+02
5.200000000E+06 6.477518901E+03 5.999739401E+03 3.929640929E+03 6.433381974E+03 8.333710810E+02
5.400000000E+06 6.298682499E+03 5.846188730E+03 3.838894244E+03 6.291383894E+03 9.169241204E+02
5.600000000E+06 6.127895739E+03 5.698623131E+03 3.750661717E+03 6.148429838E+03 8.872729828E+02
5.800000000E+06 5.966876054E+03 5.559058796E+03 3.666855672E+03 6.012215007E+03 8.595618322E+02
6.000000000E+06 5.814788829E+03 5.426845000E+03 3.587143916E+03 5.882290944E+03 8.336035486E+02
6.200000000E+06 5.670893516E+03 5.301401004E+03 3.511227161E+03 5.758246855E+03 8.092345010E+02
6.400000000E+06 5.536695305E+03 5.184446760E+03 3.440703770E+03 5.646478489E+03 8.506750552E+02
6.600000000E+06 5.407355619E+03 5.071119768E+03 3.371664282E+03 5.533379378E+03 8.273098236E+02
6.800000000E+06 5.284412616E+03 4.963135851E+03 3.305666531E+03 5.425063687E+03 8.052490975E+02
7.000000000E+06 5.167391370E+03 4.860114977E+03 3.242508126E+03 5.321237391E+03 7.843850009E+02
7.200000000E+06 5.055863559E+03 4.761712951E+03 3.182004556E+03 5.221630013E+03 7.646213201E+02
7.400000000E+06 4.951039584E+03 4.669271470E+03 3.125369663E+03 5.131021274E+03 7.845508423E+02
7.600000000E+06 4.849427507E+03 4.579255176E+03 3.069733606E+03 5.039314046E+03 7.658200922E+02
7.800000000E+06 4.752241347E+03 4.492991002E+03 3.016279220E+03 4.951102835E+03 7.480014124E+02
8.000000000E+06 4.659190569E+03 4.410241912E+03 2.964876395E+03 4.866190352E+03 7.310287916E+02
8.200000000E+06 4.570009974E+03 4.330790853E+03 2.915405424E+03 4.784394164E+03 7.148424854E+02
8.400000000E+06 4.484456868E+03 4.254438555E+03 2.867755883E+03 4.705545111E+03 6.993882869E+02
8.600000000E+06 4.403495515E+03 4.182231223E+03 2.822854930E+03 4.633243652E+03 7.081062111E+02
8.800000000E+06 4.324583860E+03 4.111578788E+03 2.778582110E+03 4.559952796E+03 6.934910884E+02
9.000000000E+06 4.248679275E+03 4.043511571E+03 2.735842104E+03 4.489152816E+03 6.794930428E+02
9.200000000E+06 4.175608503E+03 3.977885678E+03 2.694553786E+03 4.420716840E+03 6.660732271E+02
9.400000000E+06 4.105211609E+03 3.914567956E+03 2.654641819E+03 4.354526725E+03 6.531960122E+02
9.600000000E+06 4.037340644E+03 3.853434936E+03 2.616036107E+03 4.290472226E+03 6.408286589E+02
9.800000000E+06 3.971858509E+03 3.794371920E+03 2.578671302E+03 4.228450231E+03 6.289410293E+02
1.000000000E+07 3.909519811E+03 3.738186252E+03 2.543252647E+03 4.171170614E+03 6.319334788E+02
1.020000000E+07 3.848466100E+03 3.682975089E+03 2.508211692E+03 4.113010460E+03 6.206688726E+02
1.040000000E+07 3.789442840E+03 3.629532177E+03 2.474237784E+03 4.056601470E+03 6.098160700E+02
1.060000000E+07 3.732347656E+03 3.577771113E+03 2.441281058E+03 4.001863943E+03 5.993525632E+02
1.080000000E+07 3.677085086E+03 3.527611182E+03 2.409294808E+03 3.948723111E+03 5.892574676E+02
1.100000000E+07 3.623565973E+03 3.478976857E+03 2.378235218E+03 3.897108728E+03 5.795113771E+02
1.120000000E+07 3.571706930E+03 3.431797369E+03 2.348061123E+03 3.846954678E+03 5.700962354E+02
1.140000000E+07 3.521429858E+03 3.386006310E+03 2.318733793E+03 3.798198635E+03 5.609952198E+02
1.160000000E+07 3.473314306E+03 3.342218195E+03 2.290784876E+03 3.752867993E+03 5.611551443E+02
1.180000000E+07 3.426001499E+03 3.299036822E+03 2.263057591E+03 3.706787478E+03 5.524993447E+02
1.200000000E+07 3.380062578E+03 3.257066022E+03 2.236072399E+03 3.661932931E+03 5.441179353E+02
1.220000000E+07 3.335436917E+03 3.216253890E+03 2.209798728E+03 3.618254744E+03 5.359978812E+02
1.240000000E+07 3.292067483E+03 3.176551524E+03 2.184207719E+03 3.575706042E+03 5.281269664E+02
1.260000000E+07 3.249900564E+03 3.137912805E+03 2.159272098E+03 3.534242494E+03 5.204937303E+02
1.280000000E+07 3.208885517E+03 3.100294185E+03 2.134966062E+03 3.493822121E+03 5.130874096E+02
1.300000000E+07 3.168974538E+03 3.063654500E+03 2.111265172E+03 3.454405119E+03 5.058978863E+02
1.320000000E+07 3.130122463E+03 3.027954797E+03 2.088146256E+03 3.415953703E+03 4.989156394E+02
1.340000000E+07 3.092766582E+03 2.993656086E+03 2.066005618E+03 3.379971181E+03 4.977581992E+02
1.360000000E+07 3.055916903E+03 2.959738532E+03 2.043995089E+03 3.343380256E+03 4.910895123E+02
1.380000000E+07 3.020003824E+03 2.926655039E+03 2.022503051E+03 3.307649532E+03 4.846047500E+02
1.400000000E+07 2.984991097E+03 2.894374173E+03 2.001510662E+03 3.272748113E+03 4.782962957E+02
1.420000000E+07 2.950844360E+03 2.862866102E+03 1.981000007E+03 3.238646610E+03 4.721569506E+02
1.440000000E+07 2.917531015E+03 2.832102493E+03 1.960954048E+03 3.205317056E+03 4.661799057E+02
1.460000000E+07 2.885020113E+03 2.802056414E+03 1.941356562E+03 3.172732815E+03 4.603587151E+02
1.480000000E+07 2.853282245E+03 2.772702245E+03 1.922192094E+03 3.140868496E+03 4.546872726E+02
1.500000000E+07 2.822289440E+03 2.744015591E+03 1.903445905E+03 3.109699873E+03 4.491597890E+02
1.520000000E+07 2.792015078E+03 2.715973207E+03 1.885103929E+03 3.079203810E+03 4.437707721E+02
1.540000000E+07 2.762433805E+03 2.688552932E+03 1.867152734E+03 3.049358191E+03 4.385150075E+02
1.560000000E+07 2.733878435E+03 2.662104037E+03 1.849890989E+03 3.021290575E+03 4.369130397E+02
1.580000000E+07 2.705618672E+03 2.635872503E+03 1.832689373E+03 2.992705882E+03 4.318689292E+02
1.600000000E+07 2.677982317E+03 2.610201951E+03 1.815841264E+03 2.964709282E+03 4.269448790E+02
1.620000000E+07 2.650948399E+03 2.585073971E+03 1.799335438E+03 2.937282235E+03 4.221365907E+02
1.640000000E+07 2.624496894E+03 2.560470969E+03 1.783161153E+03 2.910406996E+03 4.174399701E+02
1.660000000E+07 2.598608678E+03 2.536376122E+03 1.767308130E+03 2.884066571E+03 4.128511154E+02
1.680000000E+07 2.573265470E+03 2.512773334E+03 1.751766520E+03 2.858244684E+03 4.083663057E+02
1.700000000E+07 2.548449785E+03 2.489647201E+03 1.736526883E+03 2.832925730E+03 4.039819909E+02
1.720000000E+07 2.524144891E+03 2.466982963E+03 1.721580168E+03 2.808094740E+03 3.996947815E+02
1.740000000E+07 2.500334767E+03 2.444766476E+03 1.706917689E+03 2.783737344E+03 3.955014401E+02
1.760000000E+07 2.477004062E+03 2.422984178E+03 1.692531104E+03 2.759839741E+03 3.913988726E+02
1.780000000E+07 2.454138062E+03 2.401623055E+03 1.678412403E+03 2.736388662E+03 3.873841205E+02
1.800000000E+07 2.431984426E+03 2.380942308E+03 1.664782531E+03 2.714215790E+03 3.856896564E+02
1.820000000E+07 2.410010589E+03 2.360391275E+03 1.651180807E+03 2.691635120E+03 3.818200230E+02
1.840000000E+07 2.388460531E+03 2.340225117E+03 1.637824504E+03 2.669463251E+03 3.780305260E+02
1.860000000E+07 2.367321773E+03 2.320432762E+03 1.624706773E+03 2.647688815E+03 3.743186656E+02
1.880000000E+07 2.346582333E+03 2.301003567E+03 1.611821025E+03 2.626300873E+03 3.706820458E+02
1.900000000E+07 2.326230698E+03 2.281927299E+03 1.599160918E+03 2.605288895E+03 3.671183687E+02
1.920000000E+07 2.306255802E+03 2.263194114E+03 1.586720345E+03 2.584642745E+03 3.636254299E+02
1.940000000E+07 2.286647002E+03 2.244794541E+03 1.574493425E+03 2.564352657E+03 3.602011135E+02
1.960000000E+07 2.267394062E+03 2.226719460E+03 1.562474490E+03 2.544409221E+03 3.568433877E+02
1.980000000E+07 2.248487131E+03 2.208960089E+03 1.550658075E+03 2.524803366E+03 3.535503008E+02
2.000000000E+07 2.229916720E+03 2.191507963E+03 1.539038909E+03 2.505526339E+03 3.503199773E+02
2.020000000E+07 2.211673691E+03 2.174354924E+03 1.527611909E+03 2.486569696E+03 3.471506140E+02
2.040000000E+07 2.193749238E+03 2.157493105E+03 1.516372165E+03 2.467925281E+03 3.440404765E+02
2.060000000E+07 2.176134871E+03 2.140914916E+03 1.505314936E+03 2.449585215E+03 3.409878963E+02
2.080000000E+07 2.158822404E+03 2.124613031E+03 1.494435643E+03 2.431541886E+03 3.379912672E+02
2.100000000E+07 2.141999217E+03 2.108783121E+03 1.483900613E+03 2.414419626E+03 3.364562223E+02
2.120000000E+07 2.125269988E+03 2.093015858E+03 1.473366602E+03 2.396957500E+03 3.335549473E+02
2.140000000E+07 2.108819626E+03 2.077504243E+03 1.462997557E+03 2.379770260E+03 3.307053638E+02
2.160000000E+07 2.092641028E+03 2.062241905E+03 1.452789480E+03 2.362851248E+03 3.279060826E+02
2.180000000E+07 2.076727336E+03 2.047222685E+03 1.442738505E+03 2.346194028E+03 3.251557643E+02
2.200000000E+07 2.061071924E+03 2.032440632E+03 1.432840890E+03 2.329792371E+03 3.224531170E+02
2.220000000E+07 2.045668387E+03 2.017889992E+03 1.423093019E+03 2.313640251E+03 3.197968943E+02
2.240000000E+07 2.030510539E+03 2.003565198E+03 1.413491386E+03 2.297731838E+03 3.171858928E+02
2.260000000E+07 2.015592393E+03 1.989460867E+03 1.404032602E+03 2.282061487E+03 3.146189512E+02
2.280000000E+07 2.000908164E+03 1.975571785E+03 1.394713380E+03 2.266623729E+03 3.120949474E+02
2.300000000E+07 1.986452249E+03 1.961892909E+03 1.385530539E+03 2.251413269E+03 3.096127977E+02
2.320000000E+07 1.972219229E+03 1.948419351E+03 1.376480995E+03 2.236424972E+03 3.071714547E+02
2.340000000E+07 1.958203856E+03 1.935146379E+03 1.367561756E+03 2.221653862E+03 3.047699059E+02
2.360000000E+07 1.944401046E+03 1.922069406E+03 1.358769924E+03 2.207095110E+03 3.024071723E+02
2.380000000E+07 1.930805877E+03 1.909183984E+03 1.350102684E+03 2.192744033E+03 3.000823071E+02
2.400000000E+07 1.917413577E+03 1.896485805E+03 1.341557308E+03 2.178596084E+03 2.977943939E+02
2.420000000E+07 1.904219520E+03 1.883970685E+03 1.333131146E+03 2.164646850E+03 2.955425463E+02
2.440000000E+07 1.891363942E+03 1.871784851E+03 1.324948275E+03 2.151361203E+03 2.942168907E+02
2.460000000E+07 1.878554909E+03 1.859625735E+03 1.316754539E+03 2.137802836E+03 2.920280978E+02
2.480000000E+07 1.865930986E+03 1.847637782E+03 1.308672448E+03 2.124430421E+03 2.898729759E+02
2.500000000E+07 1.853488084E+03 1.835817286E+03 1.300699649E+03 2.111240028E+03 2.877507427E+02
2.520000000E+07 1.841222233E+03 1.824160648E+03 1.292833852E+03 2.098227844E+03 2.856606404E+02
2.540000000E+07 1.829129582E+03 1.812664375E+03 1.285072836E+03 2.085390161E+03 2.836019344E+02
2.560000000E+07 1.817206391E+03 1.801325075E+03 1.277414439E+03 2.072723377E+03 2.815739126E+02
2.580000000E+07 1.805449032E+03 1.790139453E+03 1.269856563E+03 2.060223993E+03 2.795758841E+02
2.600000000E+07 1.793853979E+03 1.779104307E+03 1.262397166E+03 2.047888606E+03 2.776071791E+02
2.620000000E+07 1.782417809E+03 1.768216525E+03 1.255034264E+03 2.035713909E+03 2.756671476E+02
2.640000000E+07 1.771137194E+03 1.757473084E+03 1.247765927E+03 2.023696685E+03 2.737551587E+02
2.660000000E+07 1.760008903E+03 1.746871042E+03 1.240590276E+03 2.011833803E+03 2.718706002E+02
2.680000000E+07 1.749029792E+03 1.736407541E+03 1.233505484E+03 2.000122221E+03 2.700128776E+02
2.700000000E+07 1.738196805E+03 1.726079798E+03 1.226509774E+03 1.988558972E+03 2.681814137E+02
2.720000000E+07 1.727506972E+03 1.715885106E+03 1.219601412E+03 1.977141174E+03 2.663756476E+02
2.740000000E+07 1.716957402E+03 1.705820832E+03 1.212778713E+03 1.965866014E+03 2.645950347E+02
2.760000000E+07 1.706545281E+03 1.695884412E+03 1.206040034E+03 1.954730757E+03 2.628390456E+02
2.780000000E+07 1.696267873E+03 1.686073348E+03 1.199383775E+03 1.943732735E+03 2.611071657E+02
2.800000000E+07 1.686122514E+03 1.676385209E+03 1.192808378E+03 1.932869350E+03 2.593988950E+02
2.820000000E+07 1.676212913E+03 1.666928037E+03 1.186405413E+03 1.922483272E+03 2.582814801E+02
2.840000000E+07 1.666325169E+03 1.657479990E+03 1.179988307E+03 1.911885714E+03 2.566153790E+02
2.860000000E+07 1.656561849E+03 1.648147898E+03 1.173647576E+03 1.901415230E+03 2.549715153E+02
2.880000000E+07 1.646920556E+03 1.638929572E+03 1.167381814E+03 1.891069474E+03 2.533494405E+02
2.900000000E+07 1.637398958E+03 1.629822876E+03 1.161189648E+03 1.880846154E+03 2.517487182E+02
2.920000000E+07 1.627994781E+03 1.620825732E+03 1.155069739E+03 1.870743038E+03 2.501689234E+02
2.940000000E+07 1.618705809E+03 1.611936111E+03 1.149020782E+03 1.860757949E+03 2.486096427E+02
2.960000000E+07 1.609529885E+03 1.603152037E+03 1.143041504E+03 1.850888762E+03 2.470704734E+02
2.980000000E+07 1.600464904E+03 1.594471582E+03 1.137130662E+03 1.841133407E+03 2.455510235E+02
3.000000000E+07 1.591508813E+03 1.585892865E+03 1.131287044E+03 1.831489860E+03 2.440509111E+02
3.020000000E+07 1.582659614E+03 1.577414054E+03 1.125509467E+03 1.821956152E+03 2.425697641E+02
3.040000000E+07 1.573915354E+03 1.569033358E+03 1.119796776E+03 1.812530355E+03 2.411072201E+02
3.060000000E+07 1.565274132E+03 1.560749033E+03 1.114147844E+03 1.803210591E+03 2.396629258E+02
3.080000000E+07 1.556734091E+03 1.552559373E+03 1.108561570E+03 1.793995026E+03 2.382365370E+02
3.100000000E+07 1.548293421E+03 1.544462718E+03 1.103036879E+03 1.784881869E+03 2.368277181E+02
3.120000000E+07 1.539950352E+03 1.536457442E+03 1.097572722E+03 1.775869369E+03 2.354361419E+02
3.140000000E+07 1.531703161E+03 1.528541960E+03 1.092168072E+03 1.766955817E+03 2.340614892E+02
3.160000000E+07 1.523550162E+03 1.520714724E+03 1.086821928E+03 1.758139544E+03 2.327034490E+02
3.180000000E+07 1.515489711E+03 1.512974221E+03 1.081533310E+03 1.749418917E+03 2.313617175E+02
3.200000000E+07 1.507520201E+03 1.505318974E+03 1.076301260E+03 1.740792340E+03 2.300359988E+02
3.220000000E+07 1.499640065E+03 1.497747539E+03 1.071124843E+03 1.732258254E+03 2.287260038E+02
3.240000000E+07 1.491847768E+03 1.490258506E+03 1.066003145E+03 1.723815135E+03 2.274314505E+02
3.260000000E+07 1.484141815E+03 1.482850494E+03 1.060935269E+03 1.715461490E+03 2.261520636E+02
3.280000000E+07 1.476599632E+03 1.475604110E+03 1.055989473E+03 1.707452487E+03 2.252476752E+02
3.300000000E+07 1.469062797E+03 1.468354951E+03 1.051027335E+03 1.699276067E+03 2.239958548E+02
3.320000000E+07 1.461607988E+03 1.461182834E+03 1.046116430E+03 1.691184756E+03 2.227584360E+02
3.340000000E+07 1.454233839E+03 1.454086497E+03 1.041255937E+03 1.683177189E+03 2.215351682E+02
3.360000000E+07 1.446939014E+03 1.447064709E+03 1.036445057E+03 1.675252030E+03 2.203258066E+02
3.380000000E+07 1.439722208E+03 1.440116265E+03 1.031683005E+03 1.667407971E+03 2.191301121E+02
3.400000000E+07 1.432582143E+03 1.433239984E+03 1.026969014E+03 1.659643733E+03 2.179478512E+02
3.420000000E+07 1.425517572E+03 1.426434716E+03 1.022302332E+03 1.651958065E+03 2.167787954E+02
3.440000000E+07 1.418527271E+03 1.419699330E+03 1.017682225E+03 1.644349740E+03 2.156227218E+02
3.460000000E+07 1.411610047E+03 1.413032723E+03 1.013107974E+03 1.636817560E+03 2.144794123E+02
3.480000000E+07 1.404764731E+03 1.406433815E+03 1.008578874E+03 1.629360352E+03 2.133486536E+02
3.500000000E+07 1.397990179E+03 1.399901547E+03 1.004094235E+03 1.621976965E+03 2.122302373E+02
3.520000000E+07 1.391285273E+03 1.393434885E+03 9.996533817E+02 1.614666276E+03 2.111239597E+02
3.540000000E+07 1.384648916E+03 1.387032815E+03 9.952556531E+02 1.607427182E+03 2.100296213E+02
3.560000000E+07 1.378080037E+03 1.380694345E+03 9.909004011E+02 1.600258603E+03 2.089470274E+02
3.580000000E+07 1.371577586E+03 1.374418503E+03 9.865869912E+02 1.593159483E+03 2.078759872E+02
3.600000000E+07 1.365140536E+03 1.368204338E+03 9.823148018E+02 1.586128787E+03 2.068163141E+02
3.620000000E+07 1.358767881E+03 1.362050917E+03 9.780832231E+02 1.579165500E+03 2.057678256E+02
3.640000000E+07 1.352458636E+03 1.355957328E+03 9.738916583E+02 1.572268628E+03 2.047303431E+02
3.660000000E+07 1.346211835E+03 1.349922676E+03 9.697395222E+02 1.565437196E+03 2.037036918E+02
3.680000000E+07 1.340026533E+03 1.343946083E+03 9.656262409E+02 1.558670248E+03 2.026877006E+02
3.700000000E+07 1.333901804E+03 1.338026692E+03 9.615512522E+02 1.551966849E+03 2.016822020E+02
3.720000000E+07 1.327836741E+03 1.332163660E+03 9.575140047E+02 1.545326081E+03 2.006870320E+02
3.740000000E+07 1.321830454E+03 1.326356163E+03 9.535139577E+02 1.538747042E+03 1.997020302E+02
3.760000000E+07 1.315882073E+03 1.320603390E+03 9.495505809E+02 1.532228851E+03 1.987270392E+02
3.780000000E+07 1.309990743E+03 1.314904548E+03 9.456233542E+02 1.525770639E+03 1.977619052E+02
3.800000000E+07 1.304155627E+03 1.309258861E+03 9.417317675E+02 1.519371560E+03 1.968064773E+02
3.820000000E+07 1.298434574E+03 1.303726522E+03 9.379267632E+02 1.513221916E+03 1.960889380E+02
3.840000000E+07 1.292709943E+03 1.298185393E+03 9.341054082E+02 1.506940278E+03 1.951514106E+02
3.860000000E+07 1.287039097E+03 1.292695160E+03 9.303182077E+02 1.500715272E+03 1.942231655E+02
3.880000000E+07 1.281421263E+03 1.287255102E+03 9.265646891E+02 1.494546110E+03 1.933040637E+02
3.900000000E+07 1.275855682E+03 1.281864513E+03 9.228443884E+02 1.488432019E+03 1.923939690E+02
3.920000000E+07 1.270341612E+03 1.276522703E+03 9.191568508E+02 1.482372242E+03 1.914927476E+02
3.940000000E+07 1.264878321E+03 1.271228991E+03 9.155016295E+02 1.476366034E+03 1.906002687E+02
3.960000000E+07 1.259465094E+03 1.265982711E+03 9.118782860E+02 1.470412665E+03 1.897164040E+02
3.980000000E+07 1.254101228E+03 1.260783209E+03 9.082863899E+02 1.464511419E+03 1.888410274E+02
4.000000000E+07 1.248786037E+03 1.255629843E+03 9.047255193E+02 1.458661592E+03 1.879740158E+02
4.020000000E+07 1.243518841E+03 1.250521984E+03 9.011952589E+02 1.452862494E+03 1.871152480E+02
4.040000000E+07 1.238298980E+03 1.245459012E+03 8.976952017E+02 1.447113447E+03 1.862646055E+02
4.060000000E+07 1.233125802E+03 1.240440322E+03 8.942249479E+02 1.441413785E+03 1.854219718E+02
4.080000000E+07 1.227998667E+03 1.235465317E+03 8.907841048E+02 1.435762856E+03 1.845872329E+02
4.100000000E+07 1.222916950E+03 1.230533413E+03 8.873722867E+02 1.430160017E+03 1.837602767E+02
4.120000000E+07 1.217880034E+03 1.225644035E+03 8.839891152E+02 1.424604639E+03 1.829409935E+02
4.140000000E+07 1.212887315E+03 1.220796619E+03 8.806342180E+02 1.419096102E+03 1.821292754E+02
4.160000000E+07 1.207938201E+03 1.215990612E+03 8.773072297E+02 1.413633798E+03 1.813250167E+02
4.180000000E+07 1.203032107E+03 1.211225469E+03 8.740077911E+02 1.408217131E+03 1.805281136E+02
4.200000000E+07 1.198168462E+03 1.206500656E+03 8.707355494E+02 1.402845513E+03 1.797384642E+02
4.220000000E+07 1.193346705E+03 1.201815649E+03 8.674901580E+02 1.397518369E+03 1.789559687E+02
4.240000000E+07 1.188566283E+03 1.197169930E+03 8.642712761E+02 1.392235130E+03 1.781805289E+02
4.260000000E+07 1.183826654E+03 1.192562995E+03 8.610785689E+02 1.386995241E+03 1.774120485E+02
4.280000000E+07 1.179127286E+03 1.187994344E+03 8.579117071E+02 1.381798154E+03 1.766504329E+02
4.300000000E+07 1.174467655E+03 1.183463488E+03 8.547703671E+02 1.376643331E+03 1.758955893E+02
4.320000000E+07 1.169847248E+03 1.178969947E+03 8.516542310E+02 1.371530243E+03 1.751474265E+02
4.340000000E+07 1.165265558E+03 1.174513248E+03 8.485629857E+02 1.366458370E+03 1.744058550E+02
4.360000000E+07 1.160722090E+03 1.170092926E+03 8.454963239E+02 1.361427201E+03 1.736707868E+02
4.380000000E+07 1.156216356E+03 1.165708524E+03 8.424539432E+02 1.356436232E+03 1.729421356E+02
4.400000000E+07 1.151747876E+03 1.161359594E+03 8.394355458E+02 1.351484969E+03 1.722198167E+02
4.420000000E+07 1.147316179E+03 1.157045694E+03 8.364408399E+02 1.346572926E+03 1.715037466E+02
4.440000000E+07 1.142964284E+03 1.152811574E+03 8.335076835E+02 1.341841466E+03 1.709389743E+02
4.460000000E+07 1.138605092E+03 1.148566775E+03 8.305597863E+02 1.337007503E+03 1.702345713E+02
4.480000000E+07 1.134281309E+03 1.144355717E+03 8.276347243E+02 1.332211323E+03 1.695361809E+02
4.500000000E+07 1.129992493E+03 1.140177987E+03 8.247322237E+02 1.327452469E+03 1.688437253E+02
4.520000000E+07 1.125738211E+03 1.136033180E+03 8.218520151E+02 1.322730494E+03 1.681571282E+02
4.540000000E+07 1.121518039E+03 1.131920896E+03 8.189938335E+02 1.318044957E+03 1.674763144E+02
4.560000000E+07 1.117331556E+03 1.127840741E+03 8.161574181E+02 1.313395425E+03 1.668012103E+02
4.580000000E+07 1.113178352E+03 1.123792331E+03 8.133425126E+02 1.308781470E+03 1.661317432E+02
4.600000000E+07 1.109058022E+03 1.119775284E+03 8.105488642E+02 1.304202673E+03 1.654678420E+02
4.620000000E+07 1.104970167E+03 1.115789228E+03 8.077762248E+02 1.299658621E+03 1.648094365E+02
4.640000000E+07 1.100914395E+03 1.111833793E+03 8.050243495E+02 1.295148907E+03 1.641564579E+02
4.660000000E+07 1.096890320E+03 1.107908619E+03 8.022929978E+02 1.290673132E+03 1.635088384E+02
4.680000000E+07 1.092897565E+03 1.104013348E+03 7.995819328E+02 1.286230901E+03 1.628665113E+02
4.700000000E+07 1.088935755E+03 1.100147630E+03 7.968909217E+02 1.281821828E+03 1.622294113E+02
4.720000000E+07 1.085004523E+03 1.096311121E+03 7.942197347E+02 1.277445531E+03 1.615974739E+02
4.740000000E+07 1.081103508E+03 1.092503480E+03 7.915681458E+02 1.273101634E+03 1.609706357E+02
4.760000000E+07 1.077232356E+03 1.088724375E+03 7.889359329E+02 1.268789769E+03 1.603488344E+02
4.780000000E+07 1.073390715E+03 1.084973475E+03 7.863228768E+02 1.264509571E+03 1.597320087E+02
4.800000000E+07 1.069578242E+03 1.081250457E+03 7.837287617E+02 1.260260682E+03 1.591200983E+02
4.820000000E+07 1.065794598E+03 1.077555002E+03 7.811533756E+02 1.256042749E+03 1.585130439E+02
4.840000000E+07 1.062039449E+03 1.073886796E+03 7.785965092E+02 1.251855425E+03 1.579107871E+02
4.860000000E+07 1.058312467E+03 1.070245531E+03 7.760579566E+02 1.247698369E+03 1.573132705E+02
4.880000000E+07 1.054613328E+03 1.066630902E+03 7.735375150E+02 1.243571243E+03 1.567204376E+02
4.900000000E+07 1.050941715E+03 1.063042609E+03 7.710349844E+02 1.239473716E+03 1.561322327E+02
4.920000000E+07 1.047297314E+03 1.059480357E+03 7.685501683E+02 1.235405461E+03 1.555486012E+02
4.940000000E+07 1.043679816E+03 1.055943856E+03 7.660828725E+02 1.231366155E+03 1.549694892E+02
4.960000000E+07 1.040088918E+03 1.052432820E+03 7.636329062E+02 1.227355483E+03 1.543948437E+02
4.980000000E+07 1.036524320E+03 1.048946966E+03 7.612000812E+02 1.223373131E+03 1.538246124E+02
5.000000000E+07 1.032985727E+03 1.045486016E+03 7.587842118E+02 1.219418792E+03 1.532587441E+02
5.020000000E+07 1.029472849E+03 1.042049697E+03 7.563851155E+02 1.215492162E+03 1.526971882E+02
5.040000000E+07 1.025985401E+03 1.038637740E+03 7.540026123E+02 1.211592943E+03 1.521398949E+02
5.060000000E+07 1.022523100E+03 1.035249879E+03 7.516365243E+02 1.207720839E+03 1.515868151E+02
5.080000000E+07 1.019085669E+03 1.031885851E+03 7.492866771E+02 1.203875560E+03 1.510379006E+02
5.100000000E+07 1.015672835E+03 1.028545400E+03 7.469528980E+02 1.200056821E+03 1.504931040E+02
5.120000000E+07 1.012284327E+03 1.025228271E+03 7.446350172E+02 1.196264339E+03 1.499523783E+02
5.140000000E+07 1.008951890E+03 1.021967476E+03 7.423609573E+02 1.192602350E+03 1.495083017E+02
5.160000000E+07 1.005611457E+03 1.018696463E+03 7.400745596E+02 1.188862252E+03 1.489752570E+02
5.180000000E+07 1.002294562E+03 1.015448027E+03 7.378035609E+02 1.185147575E+03 1.484461496E+02
5.200000000E+07 9.990009510E+02 1.012221928E+03 7.355478007E+02 1.181458053E+03 1.479209352E+02
5.220000000E+07 9.957303743E+02 1.009017930E+03 7.333071210E+02 1.177793422E+03 1.473995707E+02
5.240000000E+07 9.924825851E+02 1.005835800E+03 7.310813656E+02 1.174153424E+03 1.468820131E+02
5.260000000E+07 9.892573401E+02 1.002675307E+03 7.288703808E+02 1.170537803E+03 1.463682204E+02
5.280000000E+07 9.860543997E+02 9.995362263E+02 7.266740147E+02 1.166946309E+03 1.458581511E+02
5.300000000E+07 9.828735280E+02 9.964183338E+02 7.244921181E+02 1.163378691E+03 1.453517643E+02
5.320000000E+07 9.797144918E+02 9.933214095E+02 7.223245431E+02 1.159834707E+03 1.448490197E+02
5.340000000E+07 9.765770620E+02 9.902452365E+02 7.201711446E+02 1.156314114E+03 1.443498777E+02
5.360000000E+07 9.734610120E+02 9.871896009E+02 7.180317789E+02 1.152816674E+03 1.438542991E+02
5.380000000E+07 9.703661188E+02 9.841542914E+02 7.159063045E+02 1.149342153E+03 1.433622454E+02
5.400000000E+07 9.672921627E+02 9.811391004E+02 7.137945821E+02 1.145890319E+03 1.428736787E+02
5.420000000E+07 9.642389267E+02 9.781438225E+02 7.116964739E+02 1.142460943E+03 1.423885614E+02
5.440000000E+07 9.612061970E+02 9.751682555E+02 7.096118442E+02 1.139053802E+03 1.419068566E+02
5.460000000E+07 9.581937627E+02 9.722121996E+02 7.075405589E+02 1.135668671E+03 1.414285281E+02
5.480000000E+07 9.552014159E+02 9.692754580E+02 7.054824860E+02 1.132305334E+03 1.409535399E+02
5.500000000E+07 9.522289518E+02 9.663578368E+02 7.034374951E+02 1.128963572E+03 1.404818568E+02
5.520000000E+07 9.492761678E+02 9.634591442E+02 7.014054576E+02 1.125643173E+03 1.400134437E+02
5.540000000E+07 9.463428649E+02 9.605791918E+02 6.993862468E+02 1.122343927E+03 1.395482665E+02
5.560000000E+07 9.434288458E+02 9.577177924E+02 6.973797370E+02 1.119065626E+03 1.390862913E+02
5.580000000E+07 9.405339171E+02 9.548747630E+02 6.953858052E+02 1.115808065E+03 1.386274846E+02
5.600000000E+07 9.376578870E+02 9.520499218E+02 6.934043292E+02 1.112571042E+03 1.381718135E+02
5.620000000E+07 9.348005668E+02 9.492430899E+02 6.914351888E+02 1.109354358E+03 1.377192456E+02
5.640000000E+07 9.319617702E+02 9.464540907E+02 6.894782651E+02 1.106157817E+03 1.372697488E+02
5.660000000E+07 9.291413134E+02 9.436827500E+02 6.875334411E+02 1.102981223E+03 1.368232915E+02
5.680000000E+07 9.263390149E+02 9.409288955E+02 6.856006009E+02 1.099824384E+03 1.363798426E+02
5.700000000E+07 9.235546964E+02 9.381923583E+02 6.836796307E+02 1.096687114E+03 1.359393715E+02
5.720000000E+07 9.207881806E+02 9.354729701E+02 6.817704174E+02 1.093569223E+03 1.355018477E+02
5.740000000E+07 9.180392938E+02 9.327705662E+02 6.798728500E+02 1.090470528E+03 1.350672414E+02
5.760000000E+07 9.153078640E+02 9.300849833E+02 6.779868187E+02 1.087390847E+03 1.346355232E+02
5.780000000E+07 9.125937215E+02 9.274160603E+02 6.761122149E+02 1.084330001E+03 1.342066639E+02
5.800000000E+07 9.098966986E+02 9.247636380E+02 6.742489316E+02 1.081287811E+03 1.337806349E+02
5.820000000E+07 9.072166303E+02 9.221275599E+02 6.723968631E+02 1.078264104E+03 1.333574078E+02
5.840000000E+07 9.045533536E+02 9.195076711E+02 6.705559051E+02 1.075258705E+03 1.329369547E+02
5.860000000E+07 9.019067075E+02 9.169038187E+02 6.687259547E+02 1.072271445E+03 1.325192482E+02
5.880000000E+07 8.992765326E+02 9.143158514E+02 6.669069098E+02 1.069302154E+03 1.321042609E+02
5.900000000E+07 8.966626724E+02 9.117436204E+02 6.650986701E+02 1.066350667E+03 1.316919661E+02
5.920000000E+07 8.940649719E+02 9.091869785E+02 6.633011363E+02 1.063416818E+03 1.312823372E+02
5.940000000E+07 8.914832785E+02 9.066457807E+02 6.615142107E+02 1.060500446E+03 1.308753482E+02
5.960000000E+07 8.889174407E+02 9.041198828E+02 6.597377960E+02 1.057601391E+03 1.304709734E+02
5.980000000E+07 8.863910682E+02 9.016338365E+02 6.579926551E+02 1.054797144E+03 1.301280572E+02
6.000000000E+07 8.838566321E+02 8.991382567E+02 6.562370962E+02 1.051932694E+03 1.297286577E+02
6.020000000E+07 8.813376078E+02 8.966575549E+02 6.544917632E+02 1.049085083E+03 1.293317980E+02
6.040000000E+07 8.788338521E+02 8.941915947E+02 6.527565637E+02 1.046254158E+03 1.289374537E+02
6.060000000E+07 8.763452231E+02 8.917402412E+02 6.510314068E+02 1.043439770E+03 1.285456006E+02
6.080000000E+07 8.738715807E+02 8.893033612E+02 6.493162025E+02 1.040641768E+03 1.281562149E+02
6.100000000E+07 8.714127872E+02 8.868808236E+02 6.476108622E+02 1.037860005E+03 1.277692730E+02
6.120000000E+07 8.689687059E+02 8.844724982E+02 6.459152981E+02 1.035094337E+03 1.273847517E+02
6.140000000E+07 8.665392016E+02 8.820782566E+02 6.442294232E+02 1.032344620E+03 1.270026280E+02
6.160000000E+07 8.641241420E+02 8.796979725E+02 6.425531523E+02 1.029610712E+03 1.266228793E+02
6.180000000E+07 8.617233951E+02 8.773315205E+02 6.408864006E+02 1.026892473E+03 1.262454831E+02
6.200000000E+07 8.593368310E+02 8.749787768E+02 6.392290844E+02 1.024189764E+03 1.258704175E+02
6.220000000E+07 8.569643217E+02 8.726396195E+02 6.375811212E+02 1.021502448E+03 1.254976606E+02
6.240000000E+07 8.546057404E+02 8.703139277E+02 6.359424294E+02 1.018830392E+03 1.251271908E+02
6.260000000E+07 8.522609615E+02 8.680015820E+02 6.343129280E+02 1.016173460E+03 1.247589869E+02
6.280000000E+07 8.499298619E+02 8.657024650E+02 6.326925377E+02 1.013531521E+03 1.243930279E+02
6.300000000E+07 8.476123194E+02 8.634164603E+02 6.310811797E+02 1.010904445E+03 1.240292931E+02
6.320000000E+07 8.453082130E+02 8.611434524E+02 6.294787759E+02 1.008292102E+03 1.236677619E+02
6.340000000E+07 8.430174236E+02 8.588833280E+02 6.278852496E+02 1.005694366E+03 1.233084141E+02
6.360000000E+07 8.407398334E+02 8.566359745E+02 6.263005245E+02 1.003111110E+03 1.229512298E+02
6.380000000E+07 8.384753260E+02 8.544012813E+02 6.247245257E+02 1.000542211E+03 1.225961891E+02
6.400000000E+07 8.362237864E+02 8.521791384E+02 6.231571787E+02 9.979875454E+02 1.222432727E+02
6.420000000E+07 8.339851009E+02 8.499694376E+02 6.215984103E+02 9.954469914E+02 1.218924612E+02
6.440000000E+07 8.317591570E+02 8.477720715E+02 6.200481477E+02 9.929204292E+02 1.215437355E+02
6.460000000E+07 8.295458441E+02 8.455869345E+02 6.185063193E+02 9.904077402E+02 1.211970770E+02
6.480000000E+07 8.273450522E+02 8.434139218E+02 6.169728541E+02 9.879088071E+02 1.208524670E+02
6.500000000E+07 8.251566728E+02 8.412529298E+02 6.154476819E+02 9.854235137E+02 1.205098873E+02
6.520000000E+07 8.229805992E+02 8.391038565E+02 6.139307336E+02 9.829517457E+02 1.201693195E+02
6.540000000E+07 8.208167250E+02 8.369666006E+02 6.124219404E+02 9.804933894E+02 1.198307459E+02
6.560000000E+07 8.186649457E+02 8.348410622E+02 6.109212346E+02 9.780483330E+02 1.194941488E+02
6.580000000E+07 8.165251579E+02 8.327271426E+02 6.094285494E+02 9.756164658E+02 1.191595106E+02
6.600000000E+07 8.143972596E+02 8.306247444E+02 6.079438185E+02 9.731976782E+02 1.188268141E+02
6.620000000E+07 8.122811492E+02 8.285337705E+02 6.064669761E+02 9.707918616E+02 1.184960422E+02
6.640000000E+07 8.101767269E+02 8.264541257E+02 6.049979576E+02 9.683989092E+02 1.181671780E+02
6.660000000E+07 8.080838942E+02 8.243857159E+02 6.035366991E+02 9.660187153E+02 1.178402049E+02
6.680000000E+07 8.060025529E+02 8.223284471E+02 6.020831369E+02 9.636511746E+02 1.175151063E+02
6.700000000E+07 8.039326069E+02 8.202822276E+02 6.006372087E+02 9.612961841E+02 1.171918660E+02
6.720000000E+07 8.018739605E+02 8.182469659E+02 5.991988523E+02 9.589536411E+02 1.168704679E+02
6.740000000E+07 7.998265193E+02 8.162225719E+02 5.977680066E+02 9.566234444E+02 1.165508960E+02
6.760000000E+07 7.977901901E+02 8.142089562E+02 5.963446108E+02 9.543054938E+02 1.162331347E+02
6.780000000E+07 7.957648806E+02 8.122060308E+02 5.949286052E+02 9.519996904E+02 1.159171683E+02
6.800000000E+07 7.937504993E+02 8.102137082E+02 5.935199302E+02 9.497059358E+02 1.156029816E+02
6.820000000E+07 7.917469559E+02 8.082319019E+02 5.921185272E+02 9.474241332E+02 1.152905592E+02
6.840000000E+07 7.897541616E+02 8.062605271E+02 5.907243385E+02 9.451541869E+02 1.149798863E+02
6.860000000E+07 7.877720276E+02 8.042994988E+02 5.893373062E+02 9.428960018E+02 1.146709479E+02
6.880000000E+07 7.858004670E+02 8.023487339E+02 5.879573739E+02 9.406494842E+02 1.143637294E+02
6.900000000E+07 7.838393933E+02 8.004081495E+02 5.865844852E+02 9.384145412E+02 1.140582163E+02
6.920000000E+07 7.818887212E+02 7.984776641E+02 5.852185847E+02 9.361910811E+02 1.137543941E+02
6.940000000E+07 7.799659250E+02 7.965754476E+02 5.838750374E+02 9.340364468E+02 1.134897589E+02
6.960000000E+07 7.780358907E+02 7.946650092E+02 5.825230256E+02 9.318359687E+02 1.131891792E+02
6.980000000E+07 7.761160062E+02 7.927644285E+02 5.811778377E+02 9.296466995E+02 1.128902490E+02
7.000000000E+07 7.742061894E+02 7.908736269E+02 5.798394200E+02 9.274685509E+02 1.125929545E+02
7.020000000E+07 7.723063598E+02 7.889925276E+02 5.785077204E+02 9.253014362E+02 1.122972822E+02
7.040000000E+07 7.704164375E+02 7.871210539E+02 5.771826865E+02 9.231452690E+02 1.120032186E+02
7.060000000E+07 7.685363430E+02 7.852591295E+02 5.758642665E+02 9.209999641E+02 1.117107504E+02
7.080000000E+07 7.666659985E+02 7.834066800E+02 5.745524096E+02 9.188654371E+02 1.114198646E+02
7.100000000E+07 7.648053263E+02 7.815636310E+02 5.732470653E+02 9.167416046E+02 1.111305482E+02
7.120000000E+07 7.629542496E+02 7.797299089E+02 5.719481833E+02 9.146283839E+02 1.108427883E+02
7.140000000E+07 7.611126931E+02 7.779054415E+02 5.706557145E+02 9.125256934E+02 1.105565722E+02
7.160000000E+07 7.592805815E+02 7.760901566E+02 5.693696097E+02 9.104334520E+02 1.102718875E+02
7.180000000E+07 7.574578408E+02 7.742839834E+02 5.680898206E+02 9.083515800E+02 1.099887215E+02
7.200000000E+07 7.556443976E+02 7.724868513E+02 5.668162991E+02 9.062799979E+02 1.097070622E+02
7.220000000E+07 7.538401794E+02 7.706986910E+02 5.655489979E+02 9.042186274E+02 1.094268973E+02
7.240000000E+07 7.520451141E+02 7.689194333E+02 5.642878700E+02 9.021673909E+02 1.091482147E+02
7.260000000E+07 7.502591306E+02 7.671490099E+02 5.630328686E+02 9.001262116E+02 1.088710027E+02
7.280000000E+07 7.484821590E+02 7.653873538E+02 5.617839482E+02 8.980950136E+02 1.085952495E+02
7.300000000E+07 7.467141292E+02 7.636343979E+02 5.605410629E+02 8.960737217E+02 1.083209433E+02
7.320000000E+07 7.449549725E+02 7.618900761E+02 5.593041677E+02 8.940622612E+02 1.080480728E+02
7.340000000E+07 7.432046207E+02 7.601543231E+02 5.580732179E+02 8.920605586E+02 1.077766264E+02
7.360000000E+07 7.414630066E+02 7.584270743E+02 5.568481696E+02 8.900685412E+02 1.075065930E+02
7.380000000E+07 7.397300630E+02 7.567082653E+02 5.556289788E+02 8.880861363E+02 1.072379614E+02
7.400000000E+07 7.380057240E+02 7.549978329E+02 5.544156022E+02 8.861132728E+02 1.069707205E+02
7.420000000E+07 7.362899242E+02 7.532957142E+02 5.532079971E+02 8.841498798E+02 1.067048595E+02
7.440000000E+07 7.345825990E+02 7.516018471E+02 5.520061209E+02 8.821958873E+02 1.064403675E+02
7.460000000E+07 7.328836843E+02 7.499161702E+02 5.508099318E+02 8.802512261E+02 1.061772339E+02
7.480000000E+07 7.311931166E+02 7.482386225E+02 5.496193882E+02 8.783158275E+02 1.059154480E+02
7.500000000E+07 7.295108330E+02 7.465691436E+02 5.484344486E+02 8.763896233E+02 1.056549995E+02
7.520000000E+07 7.278367717E+02 7.449076741E+02 5.472550726E+02 8.744725466E+02 1.053958779E+02
7.540000000E+07 7.261708709E+02 7.432541547E+02 5.460812197E+02 8.725645307E+02 1.051380730E+02
7.560000000E+07 7.245130700E+02 7.416085270E+02 5.449128500E+02 8.706655096E+02 1.048815746E+02
7.580000000E+07 7.228633086E+02 7.399707331E+02 5.437499237E+02 8.687754180E+02 1.046263728E+02
7.600000000E+07 7.212215268E+02 7.383407155E+02 5.425924018E+02 8.668941911E+02 1.043724576E+02
7.620000000E+07 7.195876659E+02 7.367184177E+02 5.414402456E+02 8.650217653E+02 1.041198191E+02
7.640000000E+07 7.179616673E+02 7.351037834E+02 5.402934165E+02 8.631580769E+02 1.038684476E+02
7.660000000E+07 7.163434731E+02 7.334967569E+02 5.391518765E+02 8.613030632E+02 1.036183335E+02
7.680000000E+07 7.147330257E+02 7.318972829E+02 5.380155877E+02 8.594566619E+02 1.033694672E+02
7.700000000E+07 7.131302688E+02 7.303053073E+02 5.368845132E+02 8.576188117E+02 1.031218394E+02
7.720000000E+07 7.115351459E+02 7.287207756E+02 5.357586157E+02 8.557894515E+02 1.028754406E+02
7.740000000E+07 7.099476014E+02 7.271436344E+02 5.346378587E+02 8.539685210E+02 1.026302616E+02
7.760000000E+07 7.083675805E+02 7.255738311E+02 5.335222061E+02 8.521559604E+02 1.023862933E+02
7.780000000E+07 7.067950281E+02 7.240113125E+02 5.324116216E+02 8.503517102E+02 1.021435266E+02
7.800000000E+07 7.052298907E+02 7.224560273E+02 5.313060699E+02 8.485557121E+02 1.019019525E+02
7.820000000E+07 7.036721145E+02 7.209079237E+02 5.302055158E+02 8.467679080E+02 1.016615622E+02
7.840000000E+07 7.021216464E+02 7.193669506E+02 5.291099242E+02 8.449882399E+02 1.014223468E+02
7.860000000E+07 7.005784343E+02 7.178330579E+02 5.280192608E+02 8.432166514E+02 1.011842976E+02
7.880000000E+07 6.990424260E+02 7.163061952E+02 5.269334911E+02 8.414530857E+02 1.009474060E+02
7.900000000E+07 6.975135700E+02 7.147863131E+02 5.258525813E+02 8.396974868E+02 1.007116635E+02
7.920000000E+07 6.959918155E+02 7.132733627E+02 5.247764978E+02 8.379497995E+02 1.004770617E+02
7.940000000E+07 6.944771119E+02 7.117672952E+02 5.237052072E+02 8.362099688E+02 1.002435921E+02
7.960000000E+07 6.929694092E+02 7.102680624E+02 5.226386765E+02 8.344779403E+02 1.000112465E+02
7.980000000E+07 6.914686579E+02 7.087756167E+02 5.215768733E+02 8.327536602E+02 9.978001666E+01
8.000000000E+07 6.899748091E+02 7.072899111E+02 5.205197650E+02 8.310370752E+02 9.954989447E+01
8.020000000E+07 6.884878139E+02 7.058108984E+02 5.194673195E+02 8.293281322E+02 9.932087188E+01
8.040000000E+07 6.870076245E+02 7.043385326E+02 5.184195051E+02 8.276267791E+02 9.909294092E+01
8.060000000E+07 6.855341931E+02 7.028727675E+02 5.173762904E+02 8.259329637E+02 9.886609372E+01
8.080000000E+07 6.840805205E+02 7.014271213E+02 5.163491062E+02 8.242893465E+02 9.866415809E+01
8.100000000E+07 6.826205192E+02 6.999744795E+02 5.153150462E+02 8.226106360E+02 9.843940199E+01
8.120000000E+07 6.811671348E+02 6.985283024E+02 5.142854924E+02 8.209393080E+02 9.821570666E+01
8.140000000E+07 6.797203214E+02 6.970885459E+02 5.132604145E+02 8.192753127E+02 9.799306452E+01
8.160000000E+07 6.782800335E+02 6.956551662E+02 5.122397824E+02 8.176186003E+02 9.777146806E+01
8.180000000E+07 6.768462261E+02 6.942281197E+02 5.112235664E+02 8.159691219E+02 9.755090981E+01
8.200000000E+07 6.754188544E+02 6.928073635E+02 5.102117367E+02 8.143268286E+02 9.733138241E+01
8.220000000E+07 6.739978743E+02 6.913928548E+02 5.092042643E+02 8.126916723E+02 9.711287855E+01
8.240000000E+07 6.725832419E+02 6.899845515E+02 5.082011200E+02 8.110636051E+02 9.689539100E+01
8.260000000E+07 6.711749141E+02 6.885824118E+02 5.072022752E+02 8.094425799E+02 9.667891258E+01
8.280000000E+07 6.697728475E+02 6.871863940E+02 5.062077015E+02 8.078285495E+02 9.646343621E+01
8.300000000E+07 6.683769999E+02 6.857964573E+02 5.052173706E+02 8.062214676E+02 9.624895483E+01
8.320000000E+07 6.669873285E+02 6.844125606E+02 5.042312544E+02 8.046212879E+02 9.603546150E+01
8.340000000E+07 6.656037918E+02 6.830346637E+02 5.032493253E+02 8.030279647E+02 9.582294930E+01
8.360000000E+07 6.642263486E+02 6.816627268E+02 5.022715559E+02 8.014414531E+02 9.561141140E+01
8.380000000E+07 6.628549572E+02 6.802967098E+02 5.012979187E+02 7.998617078E+02 9.540084102E+01
8.400000000E+07 6.614895773E+02 6.789365737E+02 5.003283870E+02 7.982886845E+02 9.519123146E+01
8.420000000E+07 6.601301686E+02 6.775822796E+02 4.993629339E+02 7.967223392E+02 9.498257607E+01
8.440000000E+07 6.587766910E+02 6.762337889E+02 4.984015329E+02 7.951626282E+02 9.477486826E+01
8.460000000E+07 6.574291048E+02 6.748910632E+02 4.974441577E+02 7.936095080E+02 9.456810150E+01
8.480000000E+07 6.560873710E+02 6.735540649E+02 4.964907824E+02 7.920629361E+02 9.436226934E+01
8.500000000E+07 6.547514502E+02 6.722227558E+02 4.955413808E+02 7.905228695E+02 9.415736536E+01
8.520000000E+07 6.534213045E+02 6.708970996E+02 4.945959278E+02 7.889892664E+02 9.395338322E+01
8.540000000E+07 6.520968952E+02 6.695770586E+02 4.936543978E+02 7.874620850E+02 9.375031662E+01
8.560000000E+07 6.507781848E+02 6.682625968E+02 4.927167656E+02 7.859412837E+02 9.354815935E+01
8.580000000E+07 6.494651354E+02 6.669536775E+02 4.917830063E+02 7.844268215E+02 9.334690522E+01
8.600000000E+07 6.481577098E+02 6.656502648E+02 4.908530951E+02 7.829186577E+02 9.314654812E+01
8.620000000E+07 6.468558716E+02 6.643523234E+02 4.899270077E+02 7.814167521E+02 9.294708197E+01
8.640000000E+07 6.455595838E+02 6.630598178E+02 4.890047197E+02 7.799210645E+02 9.274850079E+01
8.660000000E+07 6.442688106E+02 6.617727132E+02 4.880862071E+02 7.784315555E+02 9.255079860E+01
8.680000000E+07 6.429835155E+02 6.604909744E+02 4.871714458E+02 7.769481855E+02 9.235396951E+01
8.700000000E+07 6.417036634E+02 6.592145675E+02 4.862604124E+02 7.754709159E+02 9.215800768E+01
8.720000000E+07 6.404292187E+02 6.579434581E+02 4.853530831E+02 7.739997076E+02 9.196290731E+01
8.740000000E+07 6.391601468E+02 6.566776127E+02 4.844494351E+02 7.725345228E+02 9.176866265E+01
8.760000000E+07 6.378964127E+02 6.554169974E+02 4.835494449E+02 7.710753232E+02 9.157526802E+01
8.780000000E+07 6.366379822E+02 6.541615792E+02 4.826530898E+02 7.696220712E+02 9.138271777E+01
8.800000000E+07 6.353848213E+02 6.529113253E+02 4.817603472E+02 7.681747297E+02 9.119100632E+01
8.820000000E+07 6.341368961E+02 6.516662029E+02 4.808711946E+02 7.667332615E+02 9.100012812E+01
8.840000000E+07 6.328941730E+02 6.504261793E+02 4.799856093E+02 7.652976298E+02 9.081007767E+01
8.860000000E+07 6.316566192E+02 6.491912230E+02 4.791035699E+02 7.638677986E+02 9.062084955E+01
8.880000000E+07 6.304242014E+02 6.479613018E+02 4.782250539E+02 7.624437314E+02 9.043243835E+01
8.900000000E+07 6.291968872E+02 6.467363843E+02 4.773500399E+02 7.610253927E+02 9.024483872E+01
8.920000000E+07 6.279746443E+02 6.455164390E+02 4.764785061E+02 7.596127470E+02 9.005804536E+01
8.940000000E+07 6.267574403E+02 6.443014350E+02 4.756104311E+02 7.582057590E+02 8.987205302E+01
8.960000000E+07 6.255452439E+02 6.430913417E+02 4.747457940E+02 7.568043939E+02 8.968685649E+01
8.980000000E+07 6.243380233E+02 6.418861284E+02 4.738845736E+02 7.554086172E+02 8.950245061E+01
9.000000000E+07 6.231357470E+02 6.406857647E+02 4.730267489E+02 7.540183944E+02 8.931883025E+01
9.020000000E+07 6.219383845E+02 6.394902209E+02 4.721722994E+02 7.526336916E+02 8.913599034E+01
9.040000000E+07 6.207459048E+02 6.382994671E+02 4.713212045E+02 7.512544750E+02 8.895392585E+01
9.060000000E+07 6.195582775E+02 6.371134740E+02 4.704734440E+02 7.498807114E+02 8.877263179E+01
9.080000000E+07 6.183754724E+02 6.359322120E+02 4.696289976E+02 7.485123672E+02 8.859210323E+01
9.100000000E+07 6.171974593E+02 6.347556523E+02 4.687878453E+02 7.471494098E+02 8.841233525E+01
9.120000000E+07 6.160242089E+02 6.335837662E+02 4.679499674E+02 7.457918065E+02 8.823332301E+01
9.140000000E+07 6.148556913E+02 6.324165249E+02 4.671153438E+02 7.444395247E+02 8.805506167E+01
9.160000000E+07 6.136918778E+02 6.312539005E+02 4.662839556E+02 7.430925327E+02 8.787754647E+01
9.180000000E+07 6.125327388E+02 6.300958644E+02 4.654557828E+02 7.417507983E+02 8.770077266E+01
9.200000000E+07 6.113782461E+02 6.289423893E+02 4.646308067E+02 7.404142901E+02 8.752473556E+01
9.220000000E+07 6.102283708E+02 6.277934471E+02 4.638090079E+02 7.390829766E+02 8.734943050E+01
9.240000000E+07 6.090830850E+02 6.266490108E+02 4.629903677E+02 7.377568268E+02 8.717485288E+01
9.260000000E+07 6.079423603E+02 6.255090529E+02 4.621748672E+02 7.364358099E+02 8.700099810E+01
9.280000000E+07 6.068061692E+02 6.243735468E+02 4.613624879E+02 7.351198952E+02 8.682786164E+01
9.300000000E+07 6.056744841E+02 6.232424658E+02 4.605532114E+02 7.338090527E+02 8.665543899E+01
9.320000000E+07 6.045472775E+02 6.221157830E+02 4.597470193E+02 7.325032519E+02 8.648372569E+01
9.340000000E+07 6.034245223E+02 6.209934724E+02 4.589438935E+02 7.312024630E+02 8.631271731E+01
9.360000000E+07 6.023061915E+02 6.198755077E+02 4.581438158E+02 7.299066565E+02 8.614240947E+01
9.380000000E+07 6.012019062E+02 6.187718925E+02 4.573552454E+02 7.286474012E+02 8.598798591E+01
9.400000000E+07 6.000923805E+02 6.176625798E+02 4.565612424E+02 7.273615895E+02 8.581903701E+01
9.420000000E+07 5.989871996E+02 6.165575357E+02 4.557702340E+02 7.260806713E+02 8.565077580E+01
9.440000000E+07 5.978863373E+02 6.154567351E+02 4.549822029E+02 7.248046181E+02 8.548319806E+01
9.460000000E+07 5.967897679E+02 6.143601527E+02 4.541971318E+02 7.235334013E+02 8.531629956E+01
9.480000000E+07 5.956974658E+02 6.132677639E+02 4.534150035E+02 7.222669927E+02 8.515007614E+01
9.500000000E+07 5.946094054E+02 6.121795438E+02 4.526358009E+02 7.210053644E+02 8.498452364E+01
9.520000000E+07 5.935255617E+02 6.110954682E+02 4.518595072E+02 7.197484884E+02 8.481963798E+01
9.540000000E+07 5.924459095E+02 6.100155126E+02 4.510861055E+02 7.184963374E+02 8.465541506E+01
9.560000000E+07 5.913704243E+02 6.089396532E+02 4.503155793E+02 7.172488838E+02 8.449185085E+01
9.580000000E+07 5.902990810E+02 6.078678657E+02 4.495479118E+02 7.160061004E+02 8.432894135E+01
9.600000000E+07 5.892318557E+02 6.068001268E+02 4.487830871E+02 7.147679605E+02 8.416668258E+01
9.620000000E+07 5.881687237E+02 6.057364127E+02 4.480210884E+02 7.135344372E+02 8.400507060E+01
9.640000000E+07 5.871096614E+02 6.046767004E+02 4.472619000E+02 7.123055041E+02 8.384410149E+01
9.660000000E+07 5.860546445E+02 6.036209664E+02 4.465055056E+02 7.110811348E+02 8.368377138E+01
9.680000000E+07 5.850036498E+02 6.025691879E+02 4.457518895E+02 7.098613032E+02 8.352407643E+01
9.700000000E+07 5.839566535E+02 6.015213422E+02 4.450010359E+02 7.086459834E+02 8.336501281E+01
9.720000000E+07 5.829136325E+02 6.004774066E+02 4.442529290E+02 7.074351497E+02 8.320657674E+01
9.740000000E+07 5.818745636E+02 5.994373586E+02 4.435075535E+02 7.062287766E+02 8.304876447E+01
9.760000000E+07 5.808394239E+02 5.984011761E+02 4.427648939E+02 7.050268388E+02 8.289157227E+01
9.780000000E+07 5.798081907E+02 5.973688369E+02 4.420249349E+02 7.038293111E+02 8.273499645E+01
9.800000000E+07 5.787808415E+02 5.963403192E+02 4.412876614E+02 7.026361687E+02 8.257903333E+01
9.820000000E+07 5.777573536E+02 5.953156009E+02 4.405530581E+02 7.014473867E+02 8.242367929E+01
9.840000000E+07 5.767377051E+02 5.942946609E+02 4.398211104E+02 7.002629408E+02 8.226893072E+01
9.860000000E+07 5.757218740E+02 5.932774777E+02 4.390918034E+02 6.990828065E+02 8.211478404E+01
9.880000000E+07 5.747098382E+02 5.922640298E+02 4.383651222E+02 6.979069596E+02 8.196123569E+01
9.900000000E+07 5.737015760E+02 5.912542961E+02 4.376410523E+02 6.967353760E+02 8.180828216E+01
9.920000000E+07 5.726970661E+02 5.902482560E+02 4.369195793E+02 6.955680323E+02 8.165591995E+01
9.940000000E+07 5.716962870E+02 5.892458886E+02 4.362006888E+02 6.944049045E+02 8.150414559E+01
9.960000000E+07 5.706992174E+02 5.882471732E+02 4.354843663E+02 6.932459692E+02 8.135295565E+01
9.980000000E+07 5.697058363E+02 5.872520893E+02 4.347705979E+02 6.920912033E+02 8.120234670E+01
1.000000000E+08 5.687161229E+02 5.862606167E+02 4.340593694E+02 6.909405835E+02 8.105231537E+01
