1.000000000E+06 1.240135703E+01 2.912961117E+00 7.201350189E+00 3.252931209E+00 1.447953205E+00
1.200000000E+06 1.066872015E+01 2.516649660E+00 6.212020519E+00 2.832203829E+00 1.254136825E+00
1.400000000E+06 9.386625728E+00 2.221774338E+00 5.476302659E+00 2.514852568E+00 1.109082986E+00
1.600000000E+06 8.396598535E+00 1.993060261E+00 4.906079580E+00 2.266164682E+00 9.961049213E-01
1.800000000E+06 7.607279943E+00 1.810038967E+00 4.450152656E+00 2.065553939E+00 9.054167651E-01
2.000000000E+06 6.962137555E+00 1.659977189E+00 4.076650073E+00 1.899999616E+00 8.308827555E-01
2.200000000E+06 6.424234180E+00 1.534518107E+00 3.764648590E+00 1.760843477E+00 7.684515514E-01
2.400000000E+06 5.968371842E+00 1.427939024E+00 3.499819701E+00 1.642092868E+00 7.153354752E-01
2.600000000E+06 5.576746945E+00 1.336183101E+00 3.272007262E+00 1.539461745E+00 6.695506290E-01
2.800000000E+06 5.236408637E+00 1.256290589E+00 3.073803459E+00 1.449799576E+00 6.296449638E-01
3.000000000E+06 4.937701744E+00 1.186049128E+00 2.899672828E+00 1.370736155E+00 5.945301702E-01
3.200000000E+06 4.673275221E+00 1.123770330E+00 2.745392457E+00 1.300452453E+00 5.633737922E-01
3.400000000E+06 4.437429580E+00 1.068142323E+00 2.607682453E+00 1.237528101E+00 5.355277438E-01
3.600000000E+06 4.225675041E+00 1.018129647E+00 2.483955071E+00 1.180837084E+00 5.104796207E-01
3.800000000E+06 4.034424868E+00 9.729036113E-01 2.372140200E+00 1.129474709E+00 4.878187320E-01
4.000000000E+06 3.860777854E+00 9.317927919E-01 2.270561313E+00 1.082705384E+00 4.672118918E-01
4.200000000E+06 3.702361022E+00 8.942471620E-01 2.177845608E+00 1.039924592E+00 4.483858412E-01
4.400000000E+06 3.557213921E+00 8.598116552E-01 2.092857788E+00 1.000630727E+00 4.311142666E-01
4.600000000E+06 3.423702166E+00 8.281063799E-01 2.014650510E+00 9.644039342E-01 4.152080668E-01
4.800000000E+06 3.300451946E+00 7.988116058E-01 1.942426797E+00 9.308899806E-01 4.005079564E-01
5.000000000E+06 3.186299762E+00 7.716562258E-01 1.875511160E+00 8.997878269E-01 3.868787733E-01
5.200000000E+06 3.080253423E+00 7.464087876E-01 1.813327149E+00 8.708399291E-01 3.742050477E-01
5.400000000E+06 2.981461435E+00 7.228704492E-01 1.755379739E+00 8.438245994E-01 3.623875185E-01
5.600000000E+06 2.889188771E+00 7.008693905E-01 1.701241346E+00 8.185499302E-01 3.513403662E-01
5.800000000E+06 2.802797483E+00 6.802563428E-01 1.650540652E+00 7.948489190E-01 3.409889972E-01
6.000000000E+06 2.721731096E+00 6.609009801E-01 1.602953587E+00 7.725755253E-01 3.312682540E-01
6.200000000E+06 2.645501915E+00 6.426889857E-01 1.558195998E+00 7.516014576E-01 3.221209586E-01
6.400000000E+06 2.573680658E+00 6.255196505E-01 1.516017646E+00 7.318135368E-01 3.134967195E-01
6.600000000E+06 2.505887906E+00 6.093038920E-01 1.476197265E+00 7.131115175E-01 3.053509467E-01
6.800000000E+06 2.441787023E+00 5.939626124E-01 1.438538455E+00 6.954062788E-01 2.976440349E-01
7.000000000E+06 2.381078254E+00 5.794253276E-01 1.402866268E+00 6.786183110E-01 2.903406807E-01
7.200000000E+06 2.323493776E+00 5.656290177E-01 1.369024336E+00 6.626764444E-01 2.834093105E-01
7.400000000E+06 2.268793532E+00 5.525171575E-01 1.336872451E+00 6.475167760E-01 2.768215972E-01
7.600000000E+06 2.216761698E+00 5.400388951E-01 1.306284520E+00 6.330817577E-01 2.705520504E-01
7.800000000E+06 2.167203683E+00 5.281483521E-01 1.277146819E+00 6.193194203E-01 2.645776678E-01
8.000000000E+06 2.119943565E+00 5.168040266E-01 1.249356504E+00 6.061827077E-01 2.588776364E-01
8.200000000E+06 2.074821888E+00 5.059682791E-01 1.222820332E+00 5.936289064E-01 2.534330771E-01
8.400000000E+06 2.031693770E+00 4.956068906E-01 1.197453557E+00 5.816191510E-01 2.482268230E-01
8.600000000E+06 1.990427262E+00 4.856886800E-01 1.173178982E+00 5.701179983E-01 2.432432284E-01
8.800000000E+06 1.950901930E+00 4.761851719E-01 1.149926127E+00 5.590930553E-01 2.384680032E-01
9.000000000E+06 1.913007617E+00 4.670703071E-01 1.127630514E+00 5.485146557E-01 2.338880678E-01
9.200000000E+06 1.876643362E+00 4.583201900E-01 1.106233030E+00 5.383555768E-01 2.294914269E-01
9.400000000E+06 1.841716454E+00 4.499128673E-01 1.085679386E+00 5.285907913E-01 2.252670586E-01
9.600000000E+06 1.808141602E+00 4.418281328E-01 1.065919626E+00 5.191972486E-01 2.212048172E-01
9.800000000E+06 1.775840203E+00 4.340473560E-01 1.046907699E+00 5.101536819E-01 2.172953468E-01
1.000000000E+07 1.744739690E+00 4.265533302E-01 1.028601089E+00 5.014404380E-01 2.135300059E-01
1.020000000E+07 1.714772968E+00 4.193301383E-01 1.010960473E+00 4.930393253E-01 2.099007995E-01
1.040000000E+07 1.685877899E+00 4.123630334E-01 9.939494290E-01 4.849334805E-01 2.064003200E-01
1.060000000E+07 1.657996850E+00 4.056383322E-01 9.775341708E-01 4.771072474E-01 2.030216931E-01
1.080000000E+07 1.631076292E+00 3.991433203E-01 9.616833120E-01 4.695460710E-01 1.997585312E-01
1.100000000E+07 1.605066435E+00 3.928661673E-01 9.463676549E-01 4.622364012E-01 1.966048899E-01
1.120000000E+07 1.579920909E+00 3.867958508E-01 9.315600028E-01 4.551656069E-01 1.935552307E-01
1.140000000E+07 1.555596473E+00 3.809220881E-01 9.172349895E-01 4.483218989E-01 1.906043862E-01
1.160000000E+07 1.532052749E+00 3.752352746E-01 9.033689276E-01 4.416942606E-01 1.877475296E-01
1.180000000E+07 1.509251994E+00 3.697264285E-01 8.899396703E-01 4.352723848E-01 1.849801470E-01
1.200000000E+07 1.487158882E+00 3.643871410E-01 8.769264879E-01 4.290466176E-01 1.822980117E-01
1.220000000E+07 1.465740318E+00 3.592095307E-01 8.643099556E-01 4.230079067E-01 1.796971624E-01
1.240000000E+07 1.444965256E+00 3.541862027E-01 8.520718512E-01 4.171477550E-01 1.771738819E-01
1.260000000E+07 1.424804549E+00 3.493102114E-01 8.401950634E-01 4.114581786E-01 1.747246788E-01
1.280000000E+07 1.405230799E+00 3.445750266E-01 8.286635075E-01 4.059316680E-01 1.723462702E-01
1.300000000E+07 1.386218233E+00 3.399745028E-01 8.174620496E-01 4.005611534E-01 1.700355667E-01
1.320000000E+07 1.367742579E+00 3.355028511E-01 8.065764363E-01 3.953399726E-01 1.677896578E-01
1.340000000E+07 1.349780960E+00 3.311546132E-01 7.959932317E-01 3.902618420E-01 1.656057994E-01
1.360000000E+07 1.332311791E+00 3.269246385E-01 7.856997590E-01 3.853208296E-01 1.634814017E-01
1.380000000E+07 1.315314695E+00 3.228080619E-01 7.756840471E-01 3.805113308E-01 1.614140188E-01
1.400000000E+07 1.298770412E+00 3.188002851E-01 7.659347825E-01 3.758280460E-01 1.594013384E-01
1.420000000E+07 1.282660729E+00 3.148969572E-01 7.564412637E-01 3.712659598E-01 1.574411729E-01
1.440000000E+07 1.266968404E+00 3.110939595E-01 7.471933610E-01 3.668203221E-01 1.555314512E-01
1.460000000E+07 1.251677107E+00 3.073873889E-01 7.381814776E-01 3.624866307E-01 1.536702106E-01
1.480000000E+07 1.236771356E+00 3.037735448E-01 7.293965155E-01 3.582606154E-01 1.518555903E-01
1.500000000E+07 1.222236465E+00 3.002489155E-01 7.208298430E-01 3.541382228E-01 1.500858244E-01
1.520000000E+07 1.208058490E+00 2.968101663E-01 7.124732653E-01 3.501156028E-01 1.483592359E-01
1.540000000E+07 1.194224186E+00 2.934541288E-01 7.043189965E-01 3.461890961E-01 1.466742314E-01
1.560000000E+07 1.180720963E+00 2.901777900E-01 6.963596350E-01 3.423552219E-01 1.450292958E-01
1.580000000E+07 1.167536843E+00 2.869782832E-01 6.885881390E-01 3.386106677E-01 1.434229874E-01
1.600000000E+07 1.154660424E+00 2.838528791E-01 6.809978059E-01 3.349522788E-01 1.418539337E-01
1.620000000E+07 1.142080849E+00 2.807989777E-01 6.735822510E-01 3.313770491E-01 1.403208271E-01
1.640000000E+07 1.129787769E+00 2.778141003E-01 6.663353890E-01 3.278821121E-01 1.388224209E-01
1.660000000E+07 1.117771316E+00 2.748958830E-01 6.592514171E-01 3.244647335E-01 1.373575264E-01
1.680000000E+07 1.106022074E+00 2.720420696E-01 6.523247980E-01 3.211223027E-01 1.359250089E-01
1.700000000E+07 1.094531055E+00 2.692505059E-01 6.455502452E-01 3.178523266E-01 1.345237849E-01
1.720000000E+07 1.083289672E+00 2.665191336E-01 6.389227087E-01 3.146524227E-01 1.331528194E-01
1.740000000E+07 1.072289720E+00 2.638459852E-01 6.324373619E-01 3.115203129E-01 1.318111228E-01
1.760000000E+07 1.061523353E+00 2.612291792E-01 6.260895892E-01 3.084538180E-01 1.304977487E-01
1.780000000E+07 1.050983064E+00 2.586669147E-01 6.198749747E-01 3.054508523E-01 1.292117915E-01
1.800000000E+07 1.040661667E+00 2.561574681E-01 6.137892915E-01 3.025094185E-01 1.279523844E-01
1.820000000E+07 1.030552282E+00 2.536991882E-01 6.078284913E-01 2.996276032E-01 1.267186969E-01
1.840000000E+07 1.020648317E+00 2.512904926E-01 6.019886952E-01 2.968035724E-01 1.255099332E-01
1.860000000E+07 1.010943451E+00 2.489298644E-01 5.962661850E-01 2.940355673E-01 1.243253303E-01
1.880000000E+07 1.001431626E+00 2.466158486E-01 5.906573949E-01 2.913219006E-01 1.231641565E-01
1.900000000E+07 9.921070258E-01 2.443470488E-01 5.851589033E-01 2.886609531E-01 1.220257095E-01
1.920000000E+07 9.829640708E-01 2.421221246E-01 5.797674261E-01 2.860511696E-01 1.209093151E-01
1.940000000E+07 9.739974019E-01 2.399397886E-01 5.744798096E-01 2.834910566E-01 1.198143260E-01
1.960000000E+07 9.652018708E-01 2.377988037E-01 5.692930239E-01 2.809791785E-01 1.187401200E-01
1.980000000E+07 9.565725302E-01 2.356979811E-01 5.642041571E-01 2.785141553E-01 1.176860991E-01
2.000000000E+07 9.481046231E-01 2.336361773E-01 5.592104094E-01 2.760946597E-01 1.166516883E-01
2.020000000E+07 9.397935743E-01 2.316122924E-01 5.543090877E-01 2.737194145E-01 1.156363344E-01
2.040000000E+07 9.316349820E-01 2.296252679E-01 5.494976008E-01 2.713871906E-01 1.146395051E-01
2.060000000E+07 9.236246083E-01 2.276740848E-01 5.447734544E-01 2.690968042E-01 1.136606879E-01
2.080000000E+07 9.157583734E-01 2.257577617E-01 5.401342463E-01 2.668471155E-01 1.126993893E-01
2.100000000E+07 9.080323468E-01 2.238753531E-01 5.355776628E-01 2.646370257E-01 1.117551337E-01
2.120000000E+07 9.004427412E-01 2.220259477E-01 5.311014743E-01 2.624654759E-01 1.108274629E-01
2.140000000E+07 8.929859058E-01 2.202086669E-01 5.267035312E-01 2.603314450E-01 1.099159351E-01
2.160000000E+07 8.856583200E-01 2.184226635E-01 5.223817607E-01 2.582339481E-01 1.090201241E-01
2.180000000E+07 8.784565885E-01 2.166671200E-01 5.181341636E-01 2.561720347E-01 1.081396189E-01
2.200000000E+07 8.713774343E-01 2.149412476E-01 5.139588104E-01 2.541447877E-01 1.072740227E-01
2.220000000E+07 8.644176945E-01 2.132442845E-01 5.098538387E-01 2.521513211E-01 1.064229526E-01
2.240000000E+07 8.575743155E-01 2.115754955E-01 5.058174502E-01 2.501907796E-01 1.055860388E-01
2.260000000E+07 8.508443475E-01 2.099341699E-01 5.018479080E-01 2.482623367E-01 1.047629238E-01
2.280000000E+07 8.442249409E-01 2.083196213E-01 4.979435338E-01 2.463651936E-01 1.039532627E-01
2.300000000E+07 8.377133415E-01 2.067311861E-01 4.941027057E-01 2.444985782E-01 1.031567215E-01
2.320000000E+07 8.313068866E-01 2.051682227E-01 4.903238555E-01 2.426617436E-01 1.023729778E-01
2.340000000E+07 8.250030018E-01 2.036301106E-01 4.866054670E-01 2.408539677E-01 1.016017194E-01
2.360000000E+07 8.187991967E-01 2.021162495E-01 4.829460733E-01 2.390745517E-01 1.008426446E-01
2.380000000E+07 8.126930612E-01 2.006260585E-01 4.793442551E-01 2.373228190E-01 1.000954612E-01
2.400000000E+07 8.066822633E-01 1.991589751E-01 4.757986387E-01 2.355981151E-01 9.935988643E-02
2.420000000E+07 8.007645451E-01 1.977144550E-01 4.723078940E-01 2.338998056E-01 9.863564658E-02
2.440000000E+07 7.949377203E-01 1.962919709E-01 4.688707334E-01 2.322272766E-01 9.792247648E-02
2.460000000E+07 7.891996712E-01 1.948910119E-01 4.654859093E-01 2.305799328E-01 9.722011929E-02
2.480000000E+07 7.835483457E-01 1.935110831E-01 4.621522130E-01 2.289571978E-01 9.652832614E-02
2.500000000E+07 7.779817555E-01 1.921517047E-01 4.588684730E-01 2.273585123E-01 9.584685580E-02
2.520000000E+07 7.724979729E-01 1.908124115E-01 4.556335538E-01 2.257833344E-01 9.517547439E-02
2.540000000E+07 7.670951290E-01 1.894927526E-01 4.524463544E-01 2.242311385E-01 9.451395515E-02
2.560000000E+07 7.617714112E-01 1.881922903E-01 4.493058069E-01 2.227014145E-01 9.386207812E-02
2.580000000E+07 7.565250612E-01 1.869106004E-01 4.462108753E-01 2.211936677E-01 9.321962988E-02
2.600000000E+07 7.513543728E-01 1.856472708E-01 4.431605544E-01 2.197074178E-01 9.258640335E-02
2.620000000E+07 7.462576900E-01 1.844019017E-01 4.401538687E-01 2.182421987E-01 9.196219752E-02
2.640000000E+07 7.412334058E-01 1.831741050E-01 4.371898711E-01 2.167975577E-01 9.134681726E-02
2.660000000E+07 7.362799591E-01 1.819635038E-01 4.342676420E-01 2.153730551E-01 9.074007304E-02
2.680000000E+07 7.313958342E-01 1.807697319E-01 4.313862881E-01 2.139682640E-01 9.014178081E-02
2.700000000E+07 7.265795588E-01 1.795924337E-01 4.285449421E-01 2.125827694E-01 8.955176176E-02
2.720000000E+07 7.218297022E-01 1.784312634E-01 4.257427607E-01 2.112161681E-01 8.896984212E-02
2.740000000E+07 7.171448742E-01 1.772858853E-01 4.229789248E-01 2.098680681E-01 8.839585303E-02
2.760000000E+07 7.125237235E-01 1.761559727E-01 4.202526382E-01 2.085380884E-01 8.782963031E-02
2.780000000E+07 7.079649361E-01 1.750412081E-01 4.175631265E-01 2.072258584E-01 8.727101436E-02
2.800000000E+07 7.034672345E-01 1.739412826E-01 4.149096369E-01 2.059310177E-01 8.671984993E-02
2.820000000E+07 6.990293761E-01 1.728558960E-01 4.122914371E-01 2.046532157E-01 8.617598604E-02
2.840000000E+07 6.946501522E-01 1.717847560E-01 4.097078148E-01 2.033921113E-01 8.563927578E-02
2.860000000E+07 6.903283867E-01 1.707275781E-01 4.071580768E-01 2.021473723E-01 8.510957621E-02
2.880000000E+07 6.860629350E-01 1.696840858E-01 4.046415486E-01 2.009186758E-01 8.458674820E-02
2.900000000E+07 6.818526829E-01 1.686540094E-01 4.021575735E-01 1.997057070E-01 8.407065633E-02
2.920000000E+07 6.776965460E-01 1.676370867E-01 3.997055124E-01 1.985081596E-01 8.356116873E-02
2.940000000E+07 6.735934679E-01 1.666330621E-01 3.972847427E-01 1.973257352E-01 8.305815699E-02
2.960000000E+07 6.695424203E-01 1.656416870E-01 3.948946584E-01 1.961581433E-01 8.256149605E-02
2.980000000E+07 6.655424014E-01 1.646627189E-01 3.925346688E-01 1.950051006E-01 8.207106410E-02
3.000000000E+07 6.615924349E-01 1.636959215E-01 3.902041986E-01 1.938663312E-01 8.158674238E-02
3.020000000E+07 6.576915700E-01 1.627410648E-01 3.879026874E-01 1.927415663E-01 8.110841527E-02
3.040000000E+07 6.538388793E-01 1.617979244E-01 3.856295885E-01 1.916305436E-01 8.063596997E-02
3.060000000E+07 6.500334598E-01 1.608662817E-01 3.833843696E-01 1.905330077E-01 8.016929660E-02
3.080000000E+07 6.462744303E-01 1.599459234E-01 3.811665115E-01 1.894487094E-01 7.970828801E-02
3.100000000E+07 6.425609323E-01 1.590366415E-01 3.789755078E-01 1.883774057E-01 7.925283967E-02
3.120000000E+07 6.388921281E-01 1.581382334E-01 3.768108649E-01 1.873188595E-01 7.880284971E-02
3.140000000E+07 6.352672005E-01 1.572505011E-01 3.746721011E-01 1.862728396E-01 7.835821866E-02
3.160000000E+07 6.316853524E-01 1.563732517E-01 3.725587464E-01 1.852391203E-01 7.791884954E-02
3.180000000E+07 6.281458065E-01 1.555062968E-01 3.704703426E-01 1.842174814E-01 7.748464771E-02
3.200000000E+07 6.246478039E-01 1.546494527E-01 3.684064424E-01 1.832077081E-01 7.705552082E-02
3.220000000E+07 6.211906038E-01 1.538025399E-01 3.663666090E-01 1.822095906E-01 7.663137870E-02
3.240000000E+07 6.177734834E-01 1.529653832E-01 3.643504163E-01 1.812229240E-01 7.621213334E-02
3.260000000E+07 6.143957366E-01 1.521378118E-01 3.623574482E-01 1.802475084E-01 7.579769880E-02
3.280000000E+07 6.110566748E-01 1.513196586E-01 3.603872983E-01 1.792831485E-01 7.538799120E-02
3.300000000E+07 6.077556243E-01 1.505107604E-01 3.584395699E-01 1.783296534E-01 7.498292855E-02
3.320000000E+07 6.044919281E-01 1.497109581E-01 3.565138754E-01 1.773868368E-01 7.458243081E-02
3.340000000E+07 6.012649438E-01 1.489200959E-01 3.546098361E-01 1.764545167E-01 7.418641978E-02
3.360000000E+07 5.980740443E-01 1.481380218E-01 3.527270823E-01 1.755325151E-01 7.379481906E-02
3.380000000E+07 5.949186164E-01 1.473645872E-01 3.508652524E-01 1.746206581E-01 7.340755398E-02
3.400000000E+07 5.917980609E-01 1.465996469E-01 3.490239933E-01 1.737187758E-01 7.302455154E-02
3.420000000E+07 5.887117927E-01 1.458430588E-01 3.472029597E-01 1.728267022E-01 7.264574046E-02
3.440000000E+07 5.856592388E-01 1.450946842E-01 3.454018141E-01 1.719442746E-01 7.227105096E-02
3.460000000E+07 5.826398401E-01 1.443543875E-01 3.436202266E-01 1.710713345E-01 7.190041489E-02
3.480000000E+07 5.796530491E-01 1.436220359E-01 3.418578745E-01 1.702077263E-01 7.153376556E-02
3.500000000E+07 5.766983309E-01 1.428974995E-01 3.401144423E-01 1.693532982E-01 7.117103778E-02
3.520000000E+07 5.737751623E-01 1.421806517E-01 3.383896217E-01 1.685079016E-01 7.081216781E-02
3.540000000E+07 5.708830311E-01 1.414713680E-01 3.366831105E-01 1.676713912E-01 7.045709322E-02
3.560000000E+07 5.680214367E-01 1.407695271E-01 3.349946135E-01 1.668436247E-01 7.010575300E-02
3.580000000E+07 5.651898891E-01 1.400750100E-01 3.333238419E-01 1.660244629E-01 6.975808743E-02
3.600000000E+07 5.623879091E-01 1.393877005E-01 3.316705130E-01 1.652137697E-01 6.941403808E-02
3.620000000E+07 5.596150272E-01 1.387074847E-01 3.300343500E-01 1.644114116E-01 6.907354774E-02
3.640000000E+07 5.568707843E-01 1.380342512E-01 3.284150822E-01 1.636172583E-01 6.873656044E-02
3.660000000E+07 5.541547309E-01 1.373678909E-01 3.268124446E-01 1.628311818E-01 6.840302138E-02
3.680000000E+07 5.514664269E-01 1.367082969E-01 3.252261775E-01 1.620530572E-01 6.807287690E-02
3.700000000E+07 5.488054414E-01 1.360553647E-01 3.236560270E-01 1.612827619E-01 6.774607446E-02
3.720000000E+07 5.461713525E-01 1.354089919E-01 3.221017442E-01 1.605201759E-01 6.742256261E-02
3.740000000E+07 5.435637473E-01 1.347690781E-01 3.205630855E-01 1.597651818E-01 6.710229100E-02
3.760000000E+07 5.409822207E-01 1.341355251E-01 3.190398122E-01 1.590176644E-01 6.678521023E-02
3.780000000E+07 5.384263764E-01 1.335082367E-01 3.175316904E-01 1.582775110E-01 6.647127197E-02
3.800000000E+07 5.358958262E-01 1.328871185E-01 3.160384914E-01 1.575446110E-01 6.616042887E-02
3.820000000E+07 5.333901895E-01 1.322720782E-01 3.145599905E-01 1.568188562E-01 6.585263450E-02
3.840000000E+07 5.309090936E-01 1.316630252E-01 3.130959681E-01 1.561001406E-01 6.554784340E-02
3.860000000E+07 5.284521733E-01 1.310598708E-01 3.116462086E-01 1.553883601E-01 6.524601102E-02
3.880000000E+07 5.260190702E-01 1.304625280E-01 3.102105009E-01 1.546834127E-01 6.494709364E-02
3.900000000E+07 5.236094334E-01 1.298709116E-01 3.087886379E-01 1.539851987E-01 6.465104847E-02
3.920000000E+07 5.212229192E-01 1.292849380E-01 3.073804168E-01 1.532936199E-01 6.435783353E-02
3.940000000E+07 5.188591900E-01 1.287045252E-01 3.059856388E-01 1.526085805E-01 6.406740765E-02
3.960000000E+07 5.165179152E-01 1.281295930E-01 3.046041086E-01 1.519299861E-01 6.377973052E-02
3.980000000E+07 5.141987704E-01 1.275600624E-01 3.032356352E-01 1.512577444E-01 6.349476251E-02
4.000000000E+07 5.119014383E-01 1.269958564E-01 3.018800310E-01 1.505917649E-01 6.321246488E-02
4.020000000E+07 5.096256062E-01 1.264368990E-01 3.005371120E-01 1.499319587E-01 6.293279953E-02
4.040000000E+07 5.073709686E-01 1.258831159E-01 2.992066978E-01 1.492782385E-01 6.265572914E-02
4.060000000E+07 5.051372253E-01 1.253344342E-01 2.978886114E-01 1.486305190E-01 6.238121709E-02
4.080000000E+07 5.029240822E-01 1.247907823E-01 2.965826794E-01 1.479887162E-01 6.210922743E-02
4.100000000E+07 5.007312501E-01 1.242520901E-01 2.952887311E-01 1.473527477E-01 6.183972491E-02
4.120000000E+07 4.985584460E-01 1.237182886E-01 2.940065997E-01 1.467225328E-01 6.157267495E-02
4.140000000E+07 4.964053916E-01 1.231893103E-01 2.927361209E-01 1.460979921E-01 6.130804359E-02
4.160000000E+07 4.942718142E-01 1.226650888E-01 2.914771339E-01 1.454790480E-01 6.104579752E-02
4.180000000E+07 4.921574455E-01 1.221455588E-01 2.902294807E-01 1.448656238E-01 6.078590401E-02
4.200000000E+07 4.900620229E-01 1.216306566E-01 2.889930060E-01 1.442576447E-01 6.052833097E-02
4.220000000E+07 4.879852881E-01 1.211203193E-01 2.877675578E-01 1.436550370E-01 6.027304690E-02
4.240000000E+07 4.859269879E-01 1.206144854E-01 2.865529865E-01 1.430577284E-01 6.002002082E-02
4.260000000E+07 4.838868735E-01 1.201130942E-01 2.853491455E-01 1.424656480E-01 5.976922239E-02
4.280000000E+07 4.818647003E-01 1.196160864E-01 2.841558905E-01 1.418787260E-01 5.952062174E-02
4.300000000E+07 4.798602288E-01 1.191234037E-01 2.829730801E-01 1.412968939E-01 5.927418959E-02
4.320000000E+07 4.778732232E-01 1.186349886E-01 2.818005754E-01 1.407200845E-01 5.902989716E-02
4.340000000E+07 4.759034520E-01 1.181507850E-01 2.806382397E-01 1.401482318E-01 5.878771617E-02
4.360000000E+07 4.739506880E-01 1.176707375E-01 2.794859391E-01 1.395812708E-01 5.854761888E-02
4.380000000E+07 4.720147081E-01 1.171947918E-01 2.783435418E-01 1.390191378E-01 5.830957800E-02
4.400000000E+07 4.700952925E-01 1.167228944E-01 2.772109184E-01 1.384617701E-01 5.807356673E-02
4.420000000E+07 4.681922263E-01 1.162549931E-01 2.760879419E-01 1.379091063E-01 5.783955877E-02
4.440000000E+07 4.663052972E-01 1.157910362E-01 2.749744873E-01 1.373610858E-01 5.760752821E-02
4.460000000E+07 4.644342975E-01 1.153309731E-01 2.738704319E-01 1.368176492E-01 5.737744967E-02
4.480000000E+07 4.625790226E-01 1.148747541E-01 2.727756550E-01 1.362787381E-01 5.714929815E-02
4.500000000E+07 4.607392714E-01 1.144223301E-01 2.716900381E-01 1.357442950E-01 5.692304908E-02
4.520000000E+07 4.589148465E-01 1.139736532E-01 2.706134647E-01 1.352142635E-01 5.669867833E-02
4.540000000E+07 4.571055537E-01 1.135286761E-01 2.695458202E-01 1.346885881E-01 5.647616218E-02
4.560000000E+07 4.553112021E-01 1.130873523E-01 2.684869921E-01 1.341672143E-01 5.625547730E-02
4.580000000E+07 4.535316043E-01 1.126496361E-01 2.674368697E-01 1.336500885E-01 5.603660077E-02
4.600000000E+07 4.517665756E-01 1.122154827E-01 2.663953441E-01 1.331371578E-01 5.581951003E-02
4.620000000E+07 4.500159349E-01 1.117848478E-01 2.653623084E-01 1.326283706E-01 5.560418293E-02
4.640000000E+07 4.482795034E-01 1.113576880E-01 2.643376573E-01 1.321236756E-01 5.539059766E-02
4.660000000E+07 4.465571059E-01 1.109339606E-01 2.633212873E-01 1.316230229E-01 5.517873277E-02
4.680000000E+07 4.448485699E-01 1.105136236E-01 2.623130967E-01 1.311263630E-01 5.496856718E-02
4.700000000E+07 4.431537260E-01 1.100966358E-01 2.613129854E-01 1.306336475E-01 5.476008016E-02
4.720000000E+07 4.414724070E-01 1.096829564E-01 2.603208551E-01 1.301448286E-01 5.455325132E-02
4.740000000E+07 4.398044487E-01 1.092725453E-01 2.593366086E-01 1.296598593E-01 5.434806056E-02
4.760000000E+07 4.381496902E-01 1.088653635E-01 2.583601511E-01 1.291786936E-01 5.414448818E-02
4.780000000E+07 4.365079719E-01 1.084613721E-01 2.573913886E-01 1.287012857E-01 5.394251472E-02
4.800000000E+07 4.348791379E-01 1.080605330E-01 2.564302289E-01 1.282275912E-01 5.374212108E-02
4.820000000E+07 4.332630344E-01 1.076628088E-01 2.554765813E-01 1.277575660E-01 5.354328847E-02
4.840000000E+07 4.316595101E-01 1.072681627E-01 2.545303567E-01 1.272911667E-01 5.334599839E-02
4.860000000E+07 4.300684160E-01 1.068765582E-01 2.535914669E-01 1.268283507E-01 5.315023261E-02
4.880000000E+07 4.284896056E-01 1.064879598E-01 2.526598258E-01 1.263690762E-01 5.295597321E-02
4.900000000E+07 4.269229345E-01 1.061023323E-01 2.517353480E-01 1.259133017E-01 5.276320257E-02
4.920000000E+07 4.253682610E-01 1.057196411E-01 2.508179500E-01 1.254609866E-01 5.257190332E-02
4.940000000E+07 4.238254452E-01 1.053398521E-01 2.499075492E-01 1.250120910E-01 5.238205836E-02
4.960000000E+07 4.222943496E-01 1.049629318E-01 2.490040645E-01 1.245665754E-01 5.219365087E-02
4.980000000E+07 4.207748389E-01 1.045888472E-01 2.481074161E-01 1.241244011E-01 5.200666431E-02
5.000000000E+07 4.192667794E-01 1.042175657E-01 2.472175251E-01 1.236855299E-01 5.182108232E-02
5.020000000E+07 4.177700401E-01 1.038490555E-01 2.463343142E-01 1.232499241E-01 5.163688890E-02
5.040000000E+07 4.162844920E-01 1.034832850E-01 2.454577072E-01 1.228175467E-01 5.145406821E-02
5.060000000E+07 4.148100072E-01 1.031202231E-01 2.445876289E-01 1.223883613E-01 5.127260468E-02
5.080000000E+07 4.133464609E-01 1.027598394E-01 2.437240054E-01 1.219623320E-01 5.109248299E-02
5.100000000E+07 4.118937294E-01 1.024021036E-01 2.428667639E-01 1.215394233E-01 5.091368803E-02
5.120000000E+07 4.104516914E-01 1.020469862E-01 2.420158327E-01 1.211196005E-01 5.073620493E-02
5.140000000E+07 4.090202270E-01 1.016944581E-01 2.411711412E-01 1.207028293E-01 5.056001906E-02
5.160000000E+07 4.075992182E-01 1.013444903E-01 2.403326196E-01 1.202890758E-01 5.038511596E-02
5.180000000E+07 4.061885490E-01 1.009970547E-01 2.395001996E-01 1.198783068E-01 5.021148144E-02
5.200000000E+07 4.047881047E-01 1.006521232E-01 2.386738135E-01 1.194704893E-01 5.003910147E-02
5.220000000E+07 4.033977728E-01 1.003096684E-01 2.378533950E-01 1.190655912E-01 4.986796229E-02
5.240000000E+07 4.020174423E-01 9.996966323E-02 2.370388784E-01 1.186635806E-01 4.969805029E-02
5.260000000E+07 4.006470035E-01 9.963208095E-02 2.362301991E-01 1.182644260E-01 4.952935208E-02
5.280000000E+07 3.992863488E-01 9.929689530E-02 2.354272936E-01 1.178680966E-01 4.936185445E-02
5.300000000E+07 3.979353719E-01 9.896408035E-02 2.346300992E-01 1.174745618E-01 4.919554442E-02
5.320000000E+07 3.965939679E-01 9.863361050E-02 2.338385540E-01 1.170837918E-01 4.903040916E-02
5.340000000E+07 3.952620338E-01 9.830546065E-02 2.330525972E-01 1.166957567E-01 4.886643605E-02
5.360000000E+07 3.939394678E-01 9.797960595E-02 2.322721688E-01 1.163104276E-01 4.870361263E-02
5.380000000E+07 3.926261698E-01 9.765602194E-02 2.314972097E-01 1.159277755E-01 4.854192663E-02
5.400000000E+07 3.913220408E-01 9.733468453E-02 2.307276615E-01 1.155477722E-01 4.838136597E-02
5.420000000E+07 3.900269837E-01 9.701556997E-02 2.299634668E-01 1.151703898E-01 4.822191873E-02
5.440000000E+07 3.887409023E-01 9.669865483E-02 2.292045689E-01 1.147956006E-01 4.806357315E-02
5.460000000E+07 3.874637020E-01 9.638391598E-02 2.284509121E-01 1.144233775E-01 4.790631764E-02
5.480000000E+07 3.861952894E-01 9.607133067E-02 2.277024412E-01 1.140536938E-01 4.775014079E-02
5.500000000E+07 3.849355727E-01 9.576087649E-02 2.269591020E-01 1.136865231E-01 4.759503135E-02
5.520000000E+07 3.836844611E-01 9.545253122E-02 2.262208410E-01 1.133218392E-01 4.744097818E-02
5.540000000E+07 3.824418653E-01 9.514627313E-02 2.254876054E-01 1.129596165E-01 4.728797037E-02
5.560000000E+07 3.812076969E-01 9.484208062E-02 2.247593431E-01 1.125998298E-01 4.713599709E-02
5.580000000E+07 3.799818691E-01 9.453993253E-02 2.240360030E-01 1.122424540E-01 4.698504772E-02
5.600000000E+07 3.787642963E-01 9.423980787E-02 2.233175343E-01 1.118874645E-01 4.683511175E-02
5.620000000E+07 3.775548935E-01 9.394168601E-02 2.226038872E-01 1.115348370E-01 4.668617882E-02
5.640000000E+07 3.763535777E-01 9.364554661E-02 2.218950125E-01 1.111845477E-01 4.653823873E-02
5.660000000E+07 3.751602665E-01 9.335136957E-02 2.211908615E-01 1.108365728E-01 4.639128139E-02
5.680000000E+07 3.739748785E-01 9.305913506E-02 2.204913865E-01 1.104908890E-01 4.624529687E-02
5.700000000E+07 3.727973342E-01 9.276882358E-02 2.197965403E-01 1.101474734E-01 4.610027538E-02
5.720000000E+07 3.716275541E-01 9.248041580E-02 2.191062761E-01 1.098063032E-01 4.595620722E-02
5.740000000E+07 3.704654607E-01 9.219389275E-02 2.184205481E-01 1.094673562E-01 4.581308288E-02
5.760000000E+07 3.693109771E-01 9.190923567E-02 2.177393109E-01 1.091306102E-01 4.567089295E-02
5.780000000E+07 3.681640273E-01 9.162642599E-02 2.170625199E-01 1.087960434E-01 4.552962813E-02
5.800000000E+07 3.670245365E-01 9.134544544E-02 2.163901307E-01 1.084636343E-01 4.538927925E-02
5.820000000E+07 3.658924310E-01 9.106627605E-02 2.157220999E-01 1.081333617E-01 4.524983728E-02
5.840000000E+07 3.647676381E-01 9.078890000E-02 2.150583846E-01 1.078052047E-01 4.511129331E-02
5.860000000E+07 3.636500859E-01 9.051329978E-02 2.143989424E-01 1.074791427E-01 4.497363854E-02
5.880000000E+07 3.625397032E-01 9.023945799E-02 2.137437312E-01 1.071551552E-01 4.483686425E-02
5.900000000E+07 3.614364202E-01 8.996735760E-02 2.130927100E-01 1.068332221E-01 4.470096190E-02
5.920000000E+07 3.603401679E-01 8.969698170E-02 2.124458379E-01 1.065133237E-01 4.456592302E-02
5.940000000E+07 3.592508782E-01 8.942831368E-02 2.118030747E-01 1.061954402E-01 4.443173926E-02
5.960000000E+07 3.581684835E-01 8.916133704E-02 2.111643807E-01 1.058795523E-01 4.429840235E-02
5.980000000E+07 3.570929177E-01 8.889603562E-02 2.105297167E-01 1.055656409E-01 4.416590420E-02
6.000000000E+07 3.560241152E-01 8.863239337E-02 2.098990440E-01 1.052536873E-01 4.403423675E-02
6.020000000E+07 3.549620112E-01 8.837039448E-02 2.092723245E-01 1.049436727E-01 4.390339209E-02
6.040000000E+07 3.539065419E-01 8.811002337E-02 2.086495205E-01 1.046355788E-01 4.377336238E-02
6.060000000E+07 3.528576442E-01 8.785126459E-02 2.080305948E-01 1.043293875E-01 4.364413989E-02
6.080000000E+07 3.518152557E-01 8.759410294E-02 2.074155104E-01 1.040250808E-01 4.351571699E-02
6.100000000E+07 3.507793152E-01 8.733852342E-02 2.068042314E-01 1.037226411E-01 4.338808617E-02
6.120000000E+07 3.497497620E-01 8.708451118E-02 2.061967219E-01 1.034220509E-01 4.326123999E-02
6.140000000E+07 3.487265358E-01 8.683205154E-02 2.055929463E-01 1.031232930E-01 4.313517107E-02
6.160000000E+07 3.477095779E-01 8.658113013E-02 2.049928699E-01 1.028263504E-01 4.300987220E-02
6.180000000E+07 3.466988297E-01 8.633173262E-02 2.043964583E-01 1.025312061E-01 4.288533621E-02
6.200000000E+07 3.456942335E-01 8.608384489E-02 2.038036772E-01 1.022378437E-01 4.276155603E-02
6.220000000E+07 3.446957323E-01 8.583745304E-02 2.032144932E-01 1.019462468E-01 4.263852467E-02
6.240000000E+07 3.437032699E-01 8.559254331E-02 2.026288730E-01 1.016563991E-01 4.251623524E-02
6.260000000E+07 3.427167905E-01 8.534910206E-02 2.020467838E-01 1.013682846E-01 4.239468091E-02
6.280000000E+07 3.417362396E-01 8.510711597E-02 2.014681933E-01 1.010818875E-01 4.227385498E-02
6.300000000E+07 3.407615628E-01 8.486657177E-02 2.008930694E-01 1.007971924E-01 4.215375080E-02
6.320000000E+07 3.397927064E-01 8.462745629E-02 2.003213805E-01 1.005141836E-01 4.203436180E-02
6.340000000E+07 3.388296178E-01 8.438975666E-02 1.997530955E-01 1.002328461E-01 4.191568150E-02
6.360000000E+07 3.378722445E-01 8.415346009E-02 1.991881835E-01 9.995316465E-02 4.179770350E-02
6.380000000E+07 3.369205351E-01 8.391855398E-02 1.986266140E-01 9.967512454E-02 4.168042146E-02
6.400000000E+07 3.359744385E-01 8.368502586E-02 1.980683570E-01 9.939871105E-02 4.156382914E-02
6.420000000E+07 3.350339043E-01 8.345286340E-02 1.975133828E-01 9.912390966E-02 4.144792037E-02
6.440000000E+07 3.340988828E-01 8.322205439E-02 1.969616619E-01 9.885070604E-02 4.133268904E-02
6.460000000E+07 3.331693248E-01 8.299258689E-02 1.964131654E-01 9.857908605E-02 4.121812912E-02
6.480000000E+07 3.322451819E-01 8.276444897E-02 1.958678646E-01 9.830903567E-02 4.110423467E-02
6.500000000E+07 3.313264057E-01 8.253762886E-02 1.953257311E-01 9.804054108E-02 4.099099979E-02
6.520000000E+07 3.304129492E-01 8.231211505E-02 1.947867370E-01 9.777358863E-02 4.087841867E-02
6.540000000E+07 3.295047653E-01 8.208789598E-02 1.942508546E-01 9.750816479E-02 4.076648556E-02
6.560000000E+07 3.286018076E-01 8.186496038E-02 1.937180566E-01 9.724425625E-02 4.065519479E-02
6.580000000E+07 3.277040306E-01 8.164329705E-02 1.931883160E-01 9.698184979E-02 4.054454074E-02
6.600000000E+07 3.268113891E-01 8.142289493E-02 1.926616062E-01 9.672093243E-02 4.043451789E-02
6.620000000E+07 3.259238380E-01 8.120374305E-02 1.921379006E-01 9.646149123E-02 4.032512072E-02
6.640000000E+07 3.250413334E-01 8.098583062E-02 1.916171732E-01 9.620351349E-02 4.021634383E-02
6.660000000E+07 3.241638318E-01 8.076914699E-02 1.910993984E-01 9.594698664E-02 4.010818188E-02
6.680000000E+07 3.232912896E-01 8.055368156E-02 1.905845505E-01 9.569189817E-02 4.000062954E-02
6.700000000E+07 3.224236645E-01 8.033942390E-02 1.900726045E-01 9.543823587E-02 3.989368162E-02
6.720000000E+07 3.215609142E-01 8.012636371E-02 1.895635354E-01 9.518598754E-02 3.978733292E-02
6.740000000E+07 3.207029970E-01 7.991449078E-02 1.890573187E-01 9.493514118E-02 3.968157835E-02
6.760000000E+07 3.198498718E-01 7.970379503E-02 1.885539300E-01 9.468568491E-02 3.957641284E-02
6.780000000E+07 3.190014980E-01 7.949426653E-02 1.880533454E-01 9.443760702E-02 3.947183143E-02
6.800000000E+07 3.181578350E-01 7.928589537E-02 1.875555410E-01 9.419089584E-02 3.936782913E-02
6.820000000E+07 3.173188430E-01 7.907867181E-02 1.870604933E-01 9.394553989E-02 3.926440108E-02
6.840000000E+07 3.164844830E-01 7.887258627E-02 1.865681792E-01 9.370152788E-02 3.916154246E-02
6.860000000E+07 3.156547157E-01 7.866762916E-02 1.860785756E-01 9.345884853E-02 3.905924849E-02
6.880000000E+07 3.148295030E-01 7.846379113E-02 1.855916599E-01 9.321749080E-02 3.895751446E-02
6.900000000E+07 3.140088065E-01 7.826106281E-02 1.851074095E-01 9.297744366E-02 3.885633568E-02
6.920000000E+07 3.131925888E-01 7.805943504E-02 1.846258024E-01 9.273869632E-02 3.875570756E-02
6.940000000E+07 3.123808127E-01 7.785889871E-02 1.841468166E-01 9.250123802E-02 3.865562554E-02
6.960000000E+07 3.115734413E-01 7.765944476E-02 1.836704302E-01 9.226505813E-02 3.855608508E-02
6.980000000E+07 3.107704383E-01 7.746106437E-02 1.831966220E-01 9.203014619E-02 3.845708175E-02
7.000000000E+07 3.099717676E-01 7.726374866E-02 1.827253706E-01 9.179649178E-02 3.835861111E-02
7.020000000E+07 3.091773939E-01 7.706748897E-02 1.822566551E-01 9.156408471E-02 3.826066882E-02
7.040000000E+07 3.083872820E-01 7.687227671E-02 1.817904548E-01 9.133291479E-02 3.816325056E-02
7.060000000E+07 3.076013968E-01 7.667810328E-02 1.813267489E-01 9.110297197E-02 3.806635204E-02
7.080000000E+07 3.068197042E-01 7.648496033E-02 1.808655174E-01 9.087424634E-02 3.796996907E-02
7.100000000E+07 3.060421700E-01 7.629283950E-02 1.804067400E-01 9.064672807E-02 3.787409745E-02
7.120000000E+07 3.052687604E-01 7.610173252E-02 1.799503969E-01 9.042040742E-02 3.777873305E-02
7.140000000E+07 3.044994425E-01 7.591163128E-02 1.794964686E-01 9.019527482E-02 3.768387180E-02
7.160000000E+07 3.037341830E-01 7.572252768E-02 1.790449353E-01 8.997132072E-02 3.758950964E-02
7.180000000E+07 3.029729495E-01 7.553441377E-02 1.785957781E-01 8.974853577E-02 3.749564259E-02
7.200000000E+07 3.022157096E-01 7.534728162E-02 1.781489779E-01 8.952691062E-02 3.740226669E-02
7.220000000E+07 3.014624317E-01 7.516112349E-02 1.777045158E-01 8.930643609E-02 3.730937802E-02
7.240000000E+07 3.007130841E-01 7.497593159E-02 1.772623732E-01 8.908710306E-02 3.721697272E-02
7.260000000E+07 2.999676354E-01 7.479169827E-02 1.768225317E-01 8.886890250E-02 3.712504694E-02
7.280000000E+07 2.992260550E-01 7.460841603E-02 1.763849732E-01 8.865182557E-02 3.703359692E-02
7.300000000E+07 2.984883123E-01 7.442607733E-02 1.759496795E-01 8.843586338E-02 3.694261889E-02
7.320000000E+07 2.977543769E-01 7.424467481E-02 1.755166328E-01 8.822100720E-02 3.685210914E-02
7.340000000E+07 2.970242191E-01 7.406420110E-02 1.750858155E-01 8.800724844E-02 3.676206402E-02
7.360000000E+07 2.962978094E-01 7.388464902E-02 1.746572102E-01 8.779457854E-02 3.667247989E-02
7.380000000E+07 2.955751181E-01 7.370601132E-02 1.742307995E-01 8.758298903E-02 3.658335315E-02
7.400000000E+07 2.948561165E-01 7.352828094E-02 1.738065663E-01 8.737247154E-02 3.649468023E-02
7.420000000E+07 2.941407760E-01 7.335145085E-02 1.733844937E-01 8.716301779E-02 3.640645764E-02
7.440000000E+07 2.934290682E-01 7.317551414E-02 1.729645649E-01 8.695461961E-02 3.631868189E-02
7.460000000E+07 2.927209649E-01 7.300046388E-02 1.725467636E-01 8.674726889E-02 3.623134954E-02
7.480000000E+07 2.920164385E-01 7.282629329E-02 1.721310731E-01 8.654095758E-02 3.614445716E-02
7.500000000E+07 2.913154612E-01 7.265299559E-02 1.717174773E-01 8.633567772E-02 3.605800138E-02
7.520000000E+07 2.906180061E-01 7.248056418E-02 1.713059601E-01 8.613142151E-02 3.597197888E-02
7.540000000E+07 2.899240461E-01 7.230899242E-02 1.708965056E-01 8.592818111E-02 3.588638633E-02
7.560000000E+07 2.892335547E-01 7.213827380E-02 1.704890982E-01 8.572594887E-02 3.580122048E-02
7.580000000E+07 2.885465053E-01 7.196840182E-02 1.700837221E-01 8.552471712E-02 3.571647808E-02
7.600000000E+07 2.878628719E-01 7.179937010E-02 1.696803621E-01 8.532447832E-02 3.563215591E-02
7.620000000E+07 2.871826287E-01 7.163117232E-02 1.692790028E-01 8.512522502E-02 3.554825082E-02
7.640000000E+07 2.865057501E-01 7.146380221E-02 1.688796293E-01 8.492694984E-02 3.546475966E-02
7.660000000E+07 2.858322107E-01 7.129725356E-02 1.684822264E-01 8.472964543E-02 3.538167933E-02
7.680000000E+07 2.851619853E-01 7.113152018E-02 1.680867794E-01 8.453330453E-02 3.529900672E-02
7.700000000E+07 2.844950494E-01 7.096659606E-02 1.676932737E-01 8.433792001E-02 3.521673882E-02
7.720000000E+07 2.838313783E-01 7.080247511E-02 1.673016947E-01 8.414348474E-02 3.513487260E-02
7.740000000E+07 2.831709475E-01 7.063915142E-02 1.669120282E-01 8.394999169E-02 3.505340507E-02
7.760000000E+07 2.825137333E-01 7.047661909E-02 1.665242598E-01 8.375743393E-02 3.497233329E-02
7.780000000E+07 2.818597114E-01 7.031487222E-02 1.661383756E-01 8.356580452E-02 3.489165431E-02
7.800000000E+07 2.812088586E-01 7.015390509E-02 1.657543616E-01 8.337509668E-02 3.481136525E-02
7.820000000E+07 2.805611513E-01 6.999371193E-02 1.653722040E-01 8.318530362E-02 3.473146323E-02
7.840000000E+07 2.799165663E-01 6.983428707E-02 1.649918892E-01 8.299641866E-02 3.465194540E-02
7.860000000E+07 2.792750810E-01 6.967562493E-02 1.646134036E-01 8.280843520E-02 3.457280898E-02
7.880000000E+07 2.786366724E-01 6.951771992E-02 1.642367338E-01 8.262134665E-02 3.449405116E-02
7.900000000E+07 2.780013182E-01 6.936056652E-02 1.638618666E-01 8.243514651E-02 3.441566918E-02
7.920000000E+07 2.773689962E-01 6.920415931E-02 1.634887889E-01 8.224982838E-02 3.433766032E-02
7.940000000E+07 2.767396842E-01 6.904849287E-02 1.631174876E-01 8.206538587E-02 3.426002187E-02
7.960000000E+07 2.761133605E-01 6.889356186E-02 1.627479500E-01 8.188181267E-02 3.418275115E-02
7.980000000E+07 2.754900035E-01 6.873936098E-02 1.623801631E-01 8.169910255E-02 3.410584552E-02
8.000000000E+07 2.748695919E-01 6.858588501E-02 1.620141146E-01 8.151724932E-02 3.402930234E-02
8.020000000E+07 2.742521043E-01 6.843312872E-02 1.616497917E-01 8.133624684E-02 3.395311902E-02
8.040000000E+07 2.736375200E-01 6.828108699E-02 1.612871822E-01 8.115608906E-02 3.387729297E-02
8.060000000E+07 2.730258181E-01 6.812975472E-02 1.609262738E-01 8.097676995E-02 3.380182166E-02
8.080000000E+07 2.724169778E-01 6.797912685E-02 1.605670543E-01 8.079828356E-02 3.372670253E-02
8.100000000E+07 2.718109791E-01 6.782919842E-02 1.602095117E-01 8.062062403E-02 3.365193311E-02
8.120000000E+07 2.712078016E-01 6.767996445E-02 1.598536341E-01 8.044378548E-02 3.357751091E-02
8.140000000E+07 2.706074253E-01 6.753142003E-02 1.594994098E-01 8.026776214E-02 3.350343348E-02
8.160000000E+07 2.700098306E-01 6.738356035E-02 1.591468269E-01 8.009254827E-02 3.342969837E-02
8.180000000E+07 2.694149977E-01 6.723638056E-02 1.587958741E-01 7.991813823E-02 3.335630319E-02
8.200000000E+07 2.688229071E-01 6.708987589E-02 1.584465397E-01 7.974452635E-02 3.328324555E-02
8.220000000E+07 2.682335397E-01 6.694404163E-02 1.580988123E-01 7.957170709E-02 3.321052308E-02
8.240000000E+07 2.676468764E-01 6.679887310E-02 1.577526809E-01 7.939967491E-02 3.313813343E-02
8.260000000E+07 2.670628984E-01 6.665436570E-02 1.574081342E-01 7.922842438E-02 3.306607430E-02
8.280000000E+07 2.664815868E-01 6.651051481E-02 1.570651612E-01 7.905795007E-02 3.299434340E-02
8.300000000E+07 2.659029234E-01 6.636731591E-02 1.567237509E-01 7.888824663E-02 3.292293843E-02
8.320000000E+07 2.653268895E-01 6.622476446E-02 1.563838926E-01 7.871930871E-02 3.285185714E-02
8.340000000E+07 2.647534670E-01 6.608285603E-02 1.560455754E-01 7.855113106E-02 3.278109730E-02
8.360000000E+07 2.641826381E-01 6.594158619E-02 1.557087888E-01 7.838370850E-02 3.271065670E-02
8.380000000E+07 2.636143846E-01 6.580095054E-02 1.553735222E-01 7.821703579E-02 3.264053314E-02
8.400000000E+07 2.630486890E-01 6.566094476E-02 1.550397651E-01 7.805110786E-02 3.257072445E-02
8.420000000E+07 2.624855338E-01 6.552156456E-02 1.547075073E-01 7.788591965E-02 3.250122848E-02
8.440000000E+07 2.619249016E-01 6.538280568E-02 1.543767384E-01 7.772146610E-02 3.243204310E-02
8.460000000E+07 2.613667751E-01 6.524466387E-02 1.540474484E-01 7.755774223E-02 3.236316618E-02
8.480000000E+07 2.608111375E-01 6.510713497E-02 1.537196272E-01 7.739474312E-02 3.229459565E-02
8.500000000E+07 2.602579715E-01 6.497021481E-02 1.533932647E-01 7.723246384E-02 3.222632940E-02
8.520000000E+07 2.597072609E-01 6.483389935E-02 1.530683511E-01 7.707089961E-02 3.215836542E-02
8.540000000E+07 2.591589886E-01 6.469818444E-02 1.527448767E-01 7.691004558E-02 3.209070163E-02
8.560000000E+07 2.586131386E-01 6.456306611E-02 1.524228318E-01 7.674989701E-02 3.202333605E-02
8.580000000E+07 2.580696943E-01 6.442854031E-02 1.521022066E-01 7.659044916E-02 3.195626664E-02
8.600000000E+07 2.575286397E-01 6.429460310E-02 1.517829917E-01 7.643169737E-02 3.188949144E-02
8.620000000E+07 2.569899587E-01 6.416125057E-02 1.514651776E-01 7.627363701E-02 3.182300848E-02
8.640000000E+07 2.564536356E-01 6.402847883E-02 1.511487551E-01 7.611626349E-02 3.175681581E-02
8.660000000E+07 2.559196547E-01 6.389628403E-02 1.508337148E-01 7.595957228E-02 3.169091151E-02
8.680000000E+07 2.553880002E-01 6.376466230E-02 1.505200476E-01 7.580355881E-02 3.162529365E-02
8.700000000E+07 2.548586569E-01 6.363360991E-02 1.502077442E-01 7.564821867E-02 3.155996036E-02
8.720000000E+07 2.543316094E-01 6.350312307E-02 1.498967958E-01 7.549354738E-02 3.149490972E-02
8.740000000E+07 2.538068427E-01 6.337319810E-02 1.495871934E-01 7.533954060E-02 3.143013991E-02
8.760000000E+07 2.532843414E-01 6.324383125E-02 1.492789280E-01 7.518619393E-02 3.136564906E-02
8.780000000E+07 2.527640910E-01 6.311501892E-02 1.489719909E-01 7.503350310E-02 3.130143535E-02
8.800000000E+07 2.522460767E-01 6.298675749E-02 1.486663735E-01 7.488146383E-02 3.123749697E-02
8.820000000E+07 2.517302838E-01 6.285904335E-02 1.483620670E-01 7.473007185E-02 3.117383211E-02
8.840000000E+07 2.512166975E-01 6.273187290E-02 1.480590629E-01 7.457932295E-02 3.111043899E-02
8.860000000E+07 2.507053040E-01 6.260524269E-02 1.477573528E-01 7.442921301E-02 3.104731586E-02
8.880000000E+07 2.501960886E-01 6.247914917E-02 1.474569281E-01 7.427973787E-02 3.098446095E-02
8.900000000E+07 2.496890375E-01 6.235358892E-02 1.471577807E-01 7.413089347E-02 3.092187254E-02
8.920000000E+07 2.491841364E-01 6.222855844E-02 1.468599022E-01 7.398267571E-02 3.085954889E-02
8.940000000E+07 2.486813715E-01 6.210405435E-02 1.465632843E-01 7.383508058E-02 3.079748831E-02
8.960000000E+07 2.481807293E-01 6.198007330E-02 1.462679192E-01 7.368810412E-02 3.073568911E-02
8.980000000E+07 2.476821959E-01 6.185661192E-02 1.459737986E-01 7.354174235E-02 3.067414961E-02
9.000000000E+07 2.471857578E-01 6.173366686E-02 1.456809145E-01 7.339599135E-02 3.061286814E-02
9.020000000E+07 2.466914016E-01 6.161123487E-02 1.453892591E-01 7.325084724E-02 3.055184306E-02
9.040000000E+07 2.461991141E-01 6.148931269E-02 1.450988246E-01 7.310630618E-02 3.049107274E-02
9.060000000E+07 2.457088821E-01 6.136789706E-02 1.448096031E-01 7.296236434E-02 3.043055556E-02
9.080000000E+07 2.452206925E-01 6.124698479E-02 1.445215870E-01 7.281901793E-02 3.037028991E-02
9.100000000E+07 2.447345324E-01 6.112657268E-02 1.442347685E-01 7.267626318E-02 3.031027420E-02
9.120000000E+07 2.442503889E-01 6.100665761E-02 1.439491402E-01 7.253409641E-02 3.025050686E-02
9.140000000E+07 2.437682492E-01 6.088723639E-02 1.436646944E-01 7.239251386E-02 3.019098629E-02
9.160000000E+07 2.432881010E-01 6.076830601E-02 1.433814238E-01 7.225151196E-02 3.013171100E-02
9.180000000E+07 2.428099313E-01 6.064986330E-02 1.430993210E-01 7.211108700E-02 3.007267939E-02
9.200000000E+07 2.423337280E-01 6.053190529E-02 1.428183786E-01 7.197123543E-02 3.001388997E-02
9.220000000E+07 2.418594787E-01 6.041442891E-02 1.425385894E-01 7.183195364E-02 2.995534121E-02
9.240000000E+07 2.413871713E-01 6.029743119E-02 1.422599462E-01 7.169323812E-02 2.989703162E-02
9.260000000E+07 2.409167935E-01 6.018090913E-02 1.419824417E-01 7.155508535E-02 2.983895971E-02
9.280000000E+07 2.404483335E-01 6.006485980E-02 1.417060690E-01 7.141749186E-02 2.978112401E-02
9.300000000E+07 2.399817794E-01 5.994928031E-02 1.414308211E-01 7.128045420E-02 2.972352305E-02
9.320000000E+07 2.395171192E-01 5.983416769E-02 1.411566909E-01 7.114396891E-02 2.966615537E-02
9.340000000E+07 2.390543413E-01 5.971951911E-02 1.408836716E-01 7.100803264E-02 2.960901955E-02
9.360000000E+07 2.385934341E-01 5.960533171E-02 1.406117562E-01 7.087264199E-02 2.955211415E-02
9.380000000E+07 2.381343862E-01 5.949160268E-02 1.403409381E-01 7.073779366E-02 2.949543777E-02
9.400000000E+07 2.376771860E-01 5.937832919E-02 1.400712104E-01 7.060348431E-02 2.943898899E-02
9.420000000E+07 2.372218223E-01 5.926550847E-02 1.398025665E-01 7.046971066E-02 2.938276642E-02
9.440000000E+07 2.367682838E-01 5.915313775E-02 1.395349998E-01 7.033646944E-02 2.932676869E-02
9.460000000E+07 2.363165594E-01 5.904121431E-02 1.392685036E-01 7.020375744E-02 2.927099442E-02
9.480000000E+07 2.358666380E-01 5.892973542E-02 1.390030715E-01 7.007157145E-02 2.921544227E-02
9.500000000E+07 2.354185087E-01 5.881869842E-02 1.387386970E-01 6.993990828E-02 2.916011087E-02
9.520000000E+07 2.349721607E-01 5.870810061E-02 1.384753737E-01 6.980876478E-02 2.910499889E-02
9.540000000E+07 2.345275832E-01 5.859793936E-02 1.382130953E-01 6.967813785E-02 2.905010501E-02
9.560000000E+07 2.340847654E-01 5.848821204E-02 1.379518554E-01 6.954802437E-02 2.899542793E-02
9.580000000E+07 2.336436967E-01 5.837891602E-02 1.376916476E-01 6.941842123E-02 2.894096632E-02
9.600000000E+07 2.332043668E-01 5.827004877E-02 1.374324660E-01 6.928932545E-02 2.888671890E-02
9.620000000E+07 2.327667649E-01 5.816160766E-02 1.371743043E-01 6.916073393E-02 2.883268439E-02
9.640000000E+07 2.323308810E-01 5.805359020E-02 1.369171564E-01 6.903264370E-02 2.877886151E-02
9.660000000E+07 2.318967046E-01 5.794599383E-02 1.366610161E-01 6.890505178E-02 2.872524900E-02
9.680000000E+07 2.314642257E-01 5.783881609E-02 1.364058777E-01 6.877795522E-02 2.867184561E-02
9.700000000E+07 2.310334341E-01 5.773205447E-02 1.361517349E-01 6.865135108E-02 2.861865010E-02
9.720000000E+07 2.306043198E-01 5.762570650E-02 1.358985820E-01 6.852523645E-02 2.856566123E-02
9.740000000E+07 2.301768729E-01 5.751976977E-02 1.356464131E-01 6.839960844E-02 2.851287778E-02
9.760000000E+07 2.297510834E-01 5.741424182E-02 1.353952224E-01 6.827446420E-02 2.846029855E-02
9.780000000E+07 2.293269417E-01 5.730912027E-02 1.351450041E-01 6.814980090E-02 2.840792232E-02
9.800000000E+07 2.289044380E-01 5.720440274E-02 1.348957524E-01 6.802561569E-02 2.835574791E-02
9.820000000E+07 2.284835626E-01 5.710008681E-02 1.346474616E-01 6.790190578E-02 2.830377412E-02
9.840000000E+07 2.280643060E-01 5.699617021E-02 1.344001262E-01 6.777866842E-02 2.825199979E-02
9.860000000E+07 2.276466589E-01 5.689265056E-02 1.341537406E-01 6.765590086E-02 2.820042376E-02
9.880000000E+07 2.272306116E-01 5.678952557E-02 1.339082992E-01 6.753360033E-02 2.814904485E-02
9.900000000E+07 2.268161550E-01 5.668679291E-02 1.336637964E-01 6.741176415E-02 2.809786192E-02
9.920000000E+07 2.264032797E-01 5.658445036E-02 1.334202268E-01 6.729038964E-02 2.804687385E-02
9.940000000E+07 2.259919766E-01 5.648249565E-02 1.331775851E-01 6.716947412E-02 2.799607949E-02
9.960000000E+07 2.255822366E-01 5.638092650E-02 1.329358658E-01 6.704901494E-02 2.794547773E-02
9.980000000E+07 2.251740506E-01 5.627974071E-02 1.326950636E-01 6.692900948E-02 2.789506745E-02
1.000000000E+08 2.247674096E-01 5.617893609E-02 1.324551731E-01 6.680945513E-02 2.784484756E-02
