1.100000000E+05 3.212238592E+05 8.951008566E+04 1.728946065E+05 6.012786491E+03 1.315486010E+04
1.200000000E+05 3.235601374E+05 1.050740178E+05 2.082172389E+05 7.255079141E+03 1.633263950E+04
1.300000000E+05 3.193073424E+05 1.139311816E+05 2.284416334E+05 8.232458649E+03 1.834345189E+04
1.400000000E+05 3.156081559E+05 1.254415577E+05 2.558087421E+05 9.211771941E+03 2.074020281E+04
1.500000000E+05 3.098922529E+05 1.346451555E+05 2.782165198E+05 1.005168408E+04 2.265215784E+04
1.600000000E+05 3.001021428E+05 1.378100608E+05 2.865324232E+05 1.071984233E+04 2.363107946E+04
1.700000000E+05 2.906123583E+05 1.410262964E+05 2.952974340E+05 1.131382750E+04 2.451706463E+04
1.800000000E+05 2.797212832E+05 1.414763615E+05 2.976382365E+05 1.180024052E+04 2.496054673E+04
1.900000000E+05 2.675198379E+05 1.391346611E+05 2.934307989E+05 1.219157455E+04 2.501189766E+04
2.000000000E+05 2.559290879E+05 1.367943097E+05 2.893298946E+05 1.251812327E+04 2.498600919E+04
3.000000000E+05 1.576488854E+05 9.982477588E+04 2.156179259E+05 1.320624100E+04 2.103245300E+04
4.000000000E+05 1.051994009E+05 7.149827115E+04 1.576028750E+05 1.181284458E+04 1.653020194E+04
5.000000000E+05 7.410568905E+04 5.185671472E+04 1.161911349E+05 1.008385466E+04 1.297339341E+04
6.000000000E+05 5.489505450E+04 3.894957762E+04 8.847120172E+04 8.516361962E+03 1.034598280E+04
7.000000000E+05 4.234074517E+04 3.022594823E+04 6.943040394E+04 7.208566778E+03 8.400345291E+03
8.000000000E+05 3.371990877E+04 2.409681078E+04 5.585483299E+04 6.144584873E+03 6.937166544E+03
9.000000000E+05 2.756387254E+04 1.965595764E+04 4.589115728E+04 5.282655194E+03 5.816715769E+03
1.000000000E+06 2.301975765E+04 1.634487162E+04 3.837725633E+04 4.581690263E+03 4.943315035E+03
1.200000000E+06 1.689231433E+04 1.184061012E+04 2.801355358E+04 3.533352915E+03 3.694730018E+03
1.400000000E+06 1.305859469E+04 9.008602783E+03 2.139668339E+04 2.806562093E+03 2.867336453E+03
1.600000000E+06 1.049642593E+04 7.116803054E+03 1.692541444E+04 2.285913290E+03 2.293422141E+03
1.800000000E+06 8.695299099E+03 5.792726998E+03 1.376908927E+04 1.901787536E+03 1.880194620E+03
2.000000000E+06 7.376906812E+03 4.829527198E+03 1.145853382E+04 1.610976454E+03 1.573302178E+03
2.200000000E+06 6.380016303E+03 4.107132927E+03 9.717765702E+03 1.385808026E+03 1.339363726E+03
2.400000000E+06 5.605517878E+03 3.550904565E+03 8.373190143E+03 1.208016332E+03 1.157034482E+03
2.600000000E+06 4.989970882E+03 3.113023958E+03 7.312534997E+03 1.065204744E+03 1.012188066E+03
2.800000000E+06 4.491230673E+03 2.761774552E+03 6.460740203E+03 9.487461341E+02 8.951923636E+02
3.000000000E+06 4.080366921E+03 2.475377506E+03 5.765915023E+03 8.524998063E+02 7.993069256E+02
3.200000000E+06 3.736959364E+03 2.238435966E+03 5.191164146E+03 7.720055641E+02 7.197058874E+02
3.400000000E+06 3.446288496E+03 2.039933795E+03 4.709965142E+03 7.039643799E+02 6.528637185E+02
3.600000000E+06 3.197496565E+03 1.871755019E+03 4.302699076E+03 6.458957724E+02 5.961580861E+02
3.800000000E+06 2.982431059E+03 1.727829272E+03 3.954642399E+03 5.959068584E+02 5.476067897E+02
4.000000000E+06 2.794869285E+03 1.603542998E+03 3.654573494E+03 5.525335887E+02 5.056896000E+02
4.200000000E+06 2.629989840E+03 1.495334246E+03 3.393808289E+03 5.146296285E+02 4.692251766E+02
4.400000000E+06 2.484010080E+03 1.400429125E+03 3.165571146E+03 4.812872938E+02 4.372844930E+02
4.600000000E+06 2.353926434E+03 1.316642231E+03 2.964515678E+03 4.517804405E+02 4.091289348E+02
4.800000000E+06 2.237318013E+03 1.242194371E+03 2.786283770E+03 4.255226334E+02 3.841653723E+02
5.000000000E+06 2.132227884E+03 1.175679852E+03 2.627429100E+03 4.020361120E+02 3.619131033E+02
5.200000000E+06 2.037051221E+03 1.115944455E+03 2.485119923E+03 3.809284921E+02 3.419792223E+02
5.400000000E+06 1.950464367E+03 1.062047816E+03 2.357048161E+03 3.618750813E+02 3.240400516E+02
5.600000000E+06 1.871360596E+03 1.013190063E+03 2.241249930E+03 3.446053182E+02 3.078269899E+02
5.800000000E+06 1.798816466E+03 9.687242313E+02 2.136136810E+03 3.288922743E+02 2.931156228E+02
6.000000000E+06 1.732051088E+03 9.281010719E+02 2.040360367E+03 3.145444548E+02 2.797172616E+02
6.200000000E+06 1.670401625E+03 8.908593031E+02 1.952788469E+03 3.013993411E+02 2.674723123E+02
6.400000000E+06 1.613300218E+03 8.565992807E+02 1.872440441E+03 2.893182652E+02 2.562450381E+02
6.600000000E+06 1.560260384E+03 8.249867980E+02 1.798496770E+03 2.781823122E+02 2.459193889E+02
6.800000000E+06 1.510861556E+03 7.957325461E+02 1.730248406E+03 2.678890210E+02 2.363956573E+02
7.000000000E+06 1.464738795E+03 7.685868808E+02 1.667083933E+03 2.583497113E+02 2.275877807E+02
7.200000000E+06 1.421574113E+03 7.433342662E+02 1.608475935E+03 2.494873044E+02 2.194211479E+02
7.400000000E+06 1.381088711E+03 7.197844296E+02 1.553959084E+03 2.412345366E+02 2.118308082E+02
7.600000000E+06 1.343037914E+03 6.977734671E+02 1.503133046E+03 2.335324853E+02 2.047599982E+02
7.800000000E+06 1.307205723E+03 6.771567696E+02 1.455644924E+03 2.263293486E+02 1.981589261E+02
8.000000000E+06 1.273400846E+03 6.578069288E+02 1.411184127E+03 2.195794282E+02 1.919837606E+02
8.200000000E+06 1.241453315E+03 6.396113319E+02 1.369476438E+03 2.132422781E+02 1.861957878E+02
8.400000000E+06 1.211211646E+03 6.224703889E+02 1.330279656E+03 2.072819900E+02 1.807607050E+02
8.600000000E+06 1.182540262E+03 6.062946547E+02 1.293376445E+03 2.016665892E+02 1.756480248E+02
8.800000000E+06 1.155317685E+03 5.910051082E+02 1.258575103E+03 1.963675230E+02 1.708305724E+02
9.000000000E+06 1.129434621E+03 5.765307694E+02 1.225703633E+03 1.913592252E+02 1.662840582E+02
9.200000000E+06 1.104792521E+03 5.628079518E+02 1.194607912E+03 1.866187448E+02 1.619867141E+02
9.400000000E+06 1.081302287E+03 5.497793446E+02 1.165149434E+03 1.821254269E+02 1.579189817E+02
9.600000000E+06 1.058883177E+03 5.373932577E+02 1.137203443E+03 1.778606389E+02 1.540632457E+02
9.800000000E+06 1.037461859E+03 5.256030433E+02 1.110657520E+03 1.738075343E+02 1.504036036E+02
1.000000000E+07 1.016971545E+03 5.143661767E+02 1.085409296E+03 1.699508478E+02 1.469256670E+02
1.020000000E+07 9.973513333E+02 5.036442740E+02 1.061366526E+03 1.662767179E+02 1.436163897E+02
1.040000000E+07 9.785455398E+02 4.934023249E+02 1.038445188E+03 1.627725327E+02 1.404639176E+02
1.060000000E+07 9.605031607E+02 4.836083988E+02 1.016568757E+03 1.594267941E+02 1.374574588E+02
1.080000000E+07 9.431773937E+02 4.742333219E+02 9.956674179E+02 1.562290008E+02 1.345871695E+02
1.100000000E+07 9.265252109E+02 4.652503839E+02 9.756773433E+02 1.531695437E+02 1.318440538E+02
1.120000000E+07 9.105069884E+02 4.566350884E+02 9.565400809E+02 1.502396151E+02 1.292198768E+02
1.140000000E+07 8.950861773E+02 4.483649537E+02 9.382020692E+02 1.474311284E+02 1.267070867E+02
1.160000000E+07 8.802290042E+02 4.404192260E+02 9.206139235E+02 1.447366471E+02 1.242987469E+02
1.180000000E+07 8.659042214E+02 4.327788361E+02 9.037303455E+02 1.421493214E+02 1.219884759E+02
1.200000000E+07 8.520828700E+02 4.254261615E+02 8.875095315E+02 1.396628329E+02 1.197703933E+02
1.220000000E+07 8.387380749E+02 4.183449093E+02 8.719128881E+02 1.372713445E+02 1.176390732E+02
1.240000000E+07 8.258448593E+02 4.115199924E+02 8.569047309E+02 1.349694562E+02 1.155895011E+02
1.260000000E+07 8.133799809E+02 4.049374231E+02 8.424520238E+02 1.327521656E+02 1.136170367E+02
1.280000000E+07 8.013217829E+02 3.985842148E+02 8.285241396E+02 1.306148323E+02 1.117173799E+02
1.300000000E+07 7.896500610E+02 3.924482931E+02 8.150926443E+02 1.285531465E+02 1.098865409E+02
1.320000000E+07 7.783459429E+02 3.865184242E+02 8.021311223E+02 1.265631000E+02 1.081208130E+02
1.340000000E+07 7.673917799E+02 3.807841236E+02 7.896149523E+02 1.246409612E+02 1.064167483E+02
1.360000000E+07 7.567710495E+02 3.752356222E+02 7.775212296E+02 1.227832512E+02 1.047711358E+02
1.380000000E+07 7.464682659E+02 3.698637890E+02 7.658285742E+02 1.209867238E+02 1.031809817E+02
1.400000000E+07 7.364689005E+02 3.646600848E+02 7.545170208E+02 1.192483460E+02 1.016434916E+02
1.420000000E+07 7.267593077E+02 3.596165148E+02 7.435679032E+02 1.175652811E+02 1.001560543E+02
1.440000000E+07 7.173266595E+02 3.547255862E+02 7.329637518E+02 1.159348735E+02 9.871622718E+01
1.460000000E+07 7.081588837E+02 3.499802690E+02 7.226881986E+02 1.143546344E+02 9.732172319E+01
1.480000000E+07 6.992446100E+02 3.453739615E+02 7.127258945E+02 1.128222288E+02 9.597039860E+01
1.500000000E+07 6.905731186E+02 3.409004580E+02 7.030624307E+02 1.113354646E+02 9.466024211E+01
1.520000000E+07 6.821342945E+02 3.365539198E+02 6.936842688E+02 1.098922811E+02 9.338936492E+01
1.540000000E+07 6.739185848E+02 3.323288488E+02 6.845786780E+02 1.084907401E+02 9.215599162E+01
1.560000000E+07 6.659169603E+02 3.282200599E+02 6.757336675E+02 1.071290163E+02 9.095845190E+01
1.580000000E+07 6.581208795E+02 3.242226643E+02 6.671379474E+02 1.058053901E+02 8.979517291E+01
1.600000000E+07 6.505222566E+02 3.203320454E+02 6.587808705E+02 1.045182393E+02 8.866467243E+01
1.620000000E+07 6.431134307E+02 3.165438403E+02 6.506523876E+02 1.032660328E+02 8.756555235E+01
1.640000000E+07 6.358871377E+02 3.128539231E+02 6.427430079E+02 1.020473243E+02 8.649649293E+01
1.660000000E+07 6.288364860E+02 3.092583892E+02 6.350437608E+02 1.008607464E+02 8.545624742E+01
1.680000000E+07 6.219549317E+02 3.057535400E+02 6.275461605E+02 9.970500542E+01 8.444363707E+01
1.700000000E+07 6.152362570E+02 3.023358701E+02 6.202421741E+02 9.857887657E+01 8.345754666E+01
1.720000000E+07 6.086745502E+02 2.990020542E+02 6.131241912E+02 9.748119927E+01 8.249692021E+01
1.740000000E+07 6.022641867E+02 2.957489362E+02 6.061849976E+02 9.641087318E+01 8.156075724E+01
1.760000000E+07 5.959998122E+02 2.925735184E+02 5.994177492E+02 9.536685432E+01 8.064810910E+01
1.780000000E+07 5.898763256E+02 2.894729517E+02 5.928159497E+02 9.434815146E+01 7.975807572E+01
1.800000000E+07 5.838888650E+02 2.864445260E+02 5.863734265E+02 9.335382292E+01 7.888980253E+01
1.820000000E+07 5.780327931E+02 2.834856624E+02 5.800843133E+02 9.238297347E+01 7.804247768E+01
1.840000000E+07 5.723036845E+02 2.805939052E+02 5.739430303E+02 9.143475153E+01 7.721532935E+01
1.860000000E+07 5.666973136E+02 2.777669142E+02 5.679442669E+02 9.050834652E+01 7.640762337E+01
1.880000000E+07 5.612096437E+02 2.750024587E+02 5.620829662E+02 8.960298649E+01 7.561866097E+01
1.900000000E+07 5.558368157E+02 2.722984103E+02 5.563543091E+02 8.871793576E+01 7.484777664E+01
1.920000000E+07 5.505751392E+02 2.696527378E+02 5.507537017E+02 8.785249292E+01 7.409433620E+01
1.940000000E+07 5.454210827E+02 2.670635013E+02 5.452767613E+02 8.700598876E+01 7.335773499E+01
1.960000000E+07 5.403712652E+02 2.645288469E+02 5.399193048E+02 8.617778450E+01 7.263739616E+01
1.980000000E+07 5.354224486E+02 2.620470028E+02 5.346773377E+02 8.536727010E+01 7.193276912E+01
2.000000000E+07 5.305715294E+02 2.596162736E+02 5.295470429E+02 8.457386258E+01 7.124332804E+01
2.020000000E+07 5.258155325E+02 2.572350373E+02 5.245247718E+02 8.379700463E+01 7.056857048E+01
2.040000000E+07 5.211516041E+02 2.549017408E+02 5.196070345E+02 8.303616318E+01 6.990801613E+01
2.060000000E+07 5.165770054E+02 2.526148961E+02 5.147904916E+02 8.229082803E+01 6.926120555E+01
2.080000000E+07 5.120891077E+02 2.503730780E+02 5.100719474E+02 8.156051075E+01 6.862769914E+01
2.100000000E+07 5.076853854E+02 2.481749185E+02 5.054483375E+02 8.084474342E+01 6.800707598E+01
2.120000000E+07 5.033634122E+02 2.460191062E+02 5.009167274E+02 8.014307767E+01 6.739893293E+01
2.140000000E+07 4.991208555E+02 2.439043824E+02 4.964743036E+02 7.945508353E+01 6.680288365E+01
2.160000000E+07 4.949554725E+02 2.418295387E+02 4.921183673E+02 7.878034865E+01 6.621855773E+01
2.180000000E+07 4.908651053E+02 2.397934144E+02 4.878463293E+02 7.811847730E+01 6.564559997E+01
2.200000000E+07 4.868476774E+02 2.377948943E+02 4.836557037E+02 7.746908957E+01 6.508366946E+01
2.220000000E+07 4.829011891E+02 2.358329060E+02 4.795441031E+02 7.683182056E+01 6.453243898E+01
2.240000000E+07 4.790237148E+02 2.339064187E+02 4.755092338E+02 7.620631971E+01 6.399159428E+01
2.260000000E+07 4.752133991E+02 2.320144402E+02 4.715488913E+02 7.559225002E+01 6.346083343E+01
2.280000000E+07 4.714684537E+02 2.301560160E+02 4.676609558E+02 7.498928746E+01 6.293986626E+01
2.300000000E+07 4.677871542E+02 2.283302268E+02 4.638433881E+02 7.439712028E+01 6.242841374E+01
2.320000000E+07 4.641678375E+02 2.265361873E+02 4.600942260E+02 7.381544852E+01 6.192620749E+01
2.340000000E+07 4.606088990E+02 2.247730444E+02 4.564115807E+02 7.324398341E+01 6.143298927E+01
2.360000000E+07 4.571087900E+02 2.230399761E+02 4.527936334E+02 7.268244684E+01 6.094851051E+01
2.380000000E+07 4.536660152E+02 2.213361895E+02 4.492386315E+02 7.213057084E+01 6.047253178E+01
2.400000000E+07 4.502791304E+02 2.196609202E+02 4.457448867E+02 7.158809725E+01 6.000482254E+01
2.420000000E+07 4.469467403E+02 2.180134304E+02 4.423107713E+02 7.105477709E+01 5.954516053E+01
2.440000000E+07 4.436674968E+02 2.163930080E+02 4.389347150E+02 7.053037031E+01 5.909333158E+01
2.460000000E+07 4.404400964E+02 2.147989654E+02 4.356152033E+02 7.001464532E+01 5.864912911E+01
2.480000000E+07 4.372632785E+02 2.132306389E+02 4.323507749E+02 6.950737861E+01 5.821235389E+01
2.500000000E+07 4.341358242E+02 2.116873868E+02 4.291400191E+02 6.900835441E+01 5.778281363E+01
2.520000000E+07 4.310565537E+02 2.101685893E+02 4.259815738E+02 6.851736438E+01 5.736032276E+01
2.540000000E+07 4.280243254E+02 2.086736473E+02 4.228741231E+02 6.803420727E+01 5.694470209E+01
2.560000000E+07 4.250380342E+02 2.072019813E+02 4.198163959E+02 6.755868861E+01 5.653577853E+01
2.580000000E+07 4.220966098E+02 2.057530307E+02 4.168071634E+02 6.709062044E+01 5.613338488E+01
2.600000000E+07 4.191990154E+02 2.043262533E+02 4.138452377E+02 6.662982104E+01 5.573735952E+01
2.620000000E+07 4.163442467E+02 2.029211244E+02 4.109294701E+02 6.617611465E+01 5.534754623E+01
2.640000000E+07 4.135313303E+02 2.015371357E+02 4.080587493E+02 6.572933127E+01 5.496379393E+01
2.660000000E+07 4.107593224E+02 2.001737954E+02 4.052320000E+02 6.528930635E+01 5.458595648E+01
2.680000000E+07 4.080273081E+02 1.988306269E+02 4.024481816E+02 6.485588067E+01 5.421389249E+01
2.700000000E+07 4.053344001E+02 1.975071684E+02 3.997062862E+02 6.442890002E+01 5.384746510E+01
2.720000000E+07 4.026797373E+02 1.962029725E+02 3.970053381E+02 6.400821508E+01 5.348654182E+01
2.740000000E+07 4.000624846E+02 1.949176054E+02 3.943443922E+02 6.359368122E+01 5.313099439E+01
2.760000000E+07 3.974818311E+02 1.936506467E+02 3.917225325E+02 6.318515824E+01 5.278069853E+01
2.780000000E+07 3.949369896E+02 1.924016883E+02 3.891388714E+02 6.278251032E+01 5.243553383E+01
2.800000000E+07 3.924271960E+02 1.911703346E+02 3.865925486E+02 6.238560574E+01 5.209538362E+01
2.820000000E+07 3.899517078E+02 1.899562017E+02 3.840827294E+02 6.199431678E+01 5.176013480E+01
2.840000000E+07 3.875098040E+02 1.887589168E+02 3.816086047E+02 6.160851957E+01 5.142967770E+01
2.860000000E+07 3.851007837E+02 1.875781182E+02 3.791693893E+02 6.122809391E+01 5.110390595E+01
2.880000000E+07 3.827239662E+02 1.864134547E+02 3.767643214E+02 6.085292320E+01 5.078271639E+01
2.900000000E+07 3.803786890E+02 1.852645850E+02 3.743926615E+02 6.048289421E+01 5.046600889E+01
2.920000000E+07 3.780643089E+02 1.841311777E+02 3.720536918E+02 6.011789705E+01 5.015368631E+01
2.940000000E+07 3.757801997E+02 1.830129107E+02 3.697467150E+02 5.975782495E+01 4.984565429E+01
2.960000000E+07 3.735257526E+02 1.819094711E+02 3.674710543E+02 5.940257428E+01 4.954182127E+01
2.980000000E+07 3.713003752E+02 1.808205548E+02 3.652260521E+02 5.905204433E+01 4.924209832E+01
3.000000000E+07 3.691034910E+02 1.797458657E+02 3.630110690E+02 5.870613719E+01 4.894639899E+01
3.020000000E+07 3.669345392E+02 1.786851163E+02 3.608254840E+02 5.836475778E+01 4.865463935E+01
3.040000000E+07 3.647929732E+02 1.776380267E+02 3.586686933E+02 5.802781358E+01 4.836673781E+01
3.060000000E+07 3.626782617E+02 1.766043247E+02 3.565401098E+02 5.769521469E+01 4.808261506E+01
3.080000000E+07 3.605898867E+02 1.755837455E+02 3.544391627E+02 5.736687369E+01 4.780219400E+01
3.100000000E+07 3.585273439E+02 1.745760311E+02 3.523652964E+02 5.704270548E+01 4.752539964E+01
3.120000000E+07 3.564901420E+02 1.735809309E+02 3.503179711E+02 5.672262732E+01 4.725215907E+01
3.140000000E+07 3.544778021E+02 1.725982001E+02 3.482966606E+02 5.640655865E+01 4.698240132E+01
3.160000000E+07 3.524898575E+02 1.716276010E+02 3.463008533E+02 5.609442105E+01 4.671605735E+01
3.180000000E+07 3.505258537E+02 1.706689016E+02 3.443300513E+02 5.578613824E+01 4.645305999E+01
3.200000000E+07 3.485853475E+02 1.697218765E+02 3.423837695E+02 5.548163592E+01 4.619334384E+01
3.220000000E+07 3.466679062E+02 1.687863054E+02 3.404615357E+02 5.518084169E+01 4.593684523E+01
3.240000000E+07 3.447731086E+02 1.678619740E+02 3.385628899E+02 5.488368508E+01 4.568350215E+01
3.260000000E+07 3.429005434E+02 1.669486734E+02 3.366873840E+02 5.459009739E+01 4.543325421E+01
3.280000000E+07 3.410498097E+02 1.660461999E+02 3.348345815E+02 5.430001175E+01 4.518604262E+01
3.300000000E+07 3.392205159E+02 1.651543547E+02 3.330040566E+02 5.401336289E+01 4.494181003E+01
3.320000000E+07 3.374122802E+02 1.642729441E+02 3.311953948E+02 5.373008727E+01 4.470050061E+01
3.340000000E+07 3.356247299E+02 1.634017794E+02 3.294081918E+02 5.345012290E+01 4.446205993E+01
3.360000000E+07 3.338575012E+02 1.625406761E+02 3.276420534E+02 5.317340936E+01 4.422643492E+01
3.380000000E+07 3.321102390E+02 1.616894545E+02 3.258965952E+02 5.289988773E+01 4.399357385E+01
3.400000000E+07 3.303825962E+02 1.608479390E+02 3.241714421E+02 5.262950047E+01 4.376342627E+01
3.420000000E+07 3.286742346E+02 1.600159585E+02 3.224662287E+02 5.236219156E+01 4.353594300E+01
3.440000000E+07 3.269848228E+02 1.591933456E+02 3.207805977E+02 5.209790623E+01 4.331107601E+01
3.460000000E+07 3.253140381E+02 1.583799374E+02 3.191142014E+02 5.183659112E+01 4.308877851E+01
3.480000000E+07 3.236615646E+02 1.575755742E+02 3.174666995E+02 5.157819408E+01 4.286900479E+01
3.500000000E+07 3.220270936E+02 1.567801006E+02 3.158377605E+02 5.132266422E+01 4.265171026E+01
3.520000000E+07 3.204103240E+02 1.559933645E+02 3.142270605E+02 5.106995191E+01 4.243685143E+01
3.540000000E+07 3.188109608E+02 1.552152174E+02 3.126342833E+02 5.082000859E+01 4.222438577E+01
3.560000000E+07 3.172287159E+02 1.544455143E+02 3.110591199E+02 5.057278691E+01 4.201427181E+01
3.580000000E+07 3.156633079E+02 1.536841133E+02 3.095012689E+02 5.032824058E+01 4.180646904E+01
3.600000000E+07 3.141144612E+02 1.529308760E+02 3.079604357E+02 5.008632443E+01 4.160093791E+01
3.620000000E+07 3.125819066E+02 1.521856668E+02 3.064363322E+02 4.984699425E+01 4.139763974E+01
3.640000000E+07 3.110653805E+02 1.514483535E+02 3.049286773E+02 4.961020689E+01 4.119653679E+01
3.660000000E+07 3.095646253E+02 1.507188065E+02 3.034371960E+02 4.937592017E+01 4.099759218E+01
3.680000000E+07 3.080793890E+02 1.499968994E+02 3.019616198E+02 4.914409285E+01 4.080076983E+01
3.700000000E+07 3.066094247E+02 1.492825084E+02 3.005016858E+02 4.891468461E+01 4.060603452E+01
3.720000000E+07 3.051544913E+02 1.485755123E+02 2.990571374E+02 4.868765604E+01 4.041335179E+01
3.740000000E+07 3.037143526E+02 1.478757929E+02 2.976277237E+02 4.846296863E+01 4.022268800E+01
3.760000000E+07 3.022887772E+02 1.471832342E+02 2.962131989E+02 4.824058465E+01 4.003401020E+01
3.780000000E+07 3.008775386E+02 1.464977228E+02 2.948133228E+02 4.802046722E+01 3.984728618E+01
3.800000000E+07 2.994804156E+02 1.458191479E+02 2.934278608E+02 4.780258030E+01 3.966248447E+01
3.820000000E+07 2.980971908E+02 1.451474008E+02 2.920565828E+02 4.758688858E+01 3.947957426E+01
3.840000000E+07 2.967276521E+02 1.444823754E+02 2.906992641E+02 4.737335755E+01 3.929852542E+01
3.860000000E+07 2.953715913E+02 1.438239676E+02 2.893556848E+02 4.716195342E+01 3.911930848E+01
3.880000000E+07 2.940288043E+02 1.431720756E+02 2.880256292E+02 4.695264309E+01 3.894189456E+01
3.900000000E+07 2.926990916E+02 1.425265994E+02 2.867088868E+02 4.674539419E+01 3.876625545E+01
3.920000000E+07 2.913822576E+02 1.418874417E+02 2.854052512E+02 4.654017504E+01 3.859236351E+01
3.940000000E+07 2.900781107E+02 1.412545066E+02 2.841145204E+02 4.633695459E+01 3.842019169E+01
3.960000000E+07 2.887864628E+02 1.406277004E+02 2.828364965E+02 4.613570246E+01 3.824971350E+01
3.980000000E+07 2.875071298E+02 1.400069315E+02 2.815709858E+02 4.593638886E+01 3.808090301E+01
4.000000000E+07 2.862399318E+02 1.393921099E+02 2.803177990E+02 4.573898470E+01 3.791373485E+01
4.020000000E+07 2.849846913E+02 1.387831474E+02 2.790767498E+02 4.554346138E+01 3.774818412E+01
4.040000000E+07 2.837412352E+02 1.381799577E+02 2.778476564E+02 4.534979093E+01 3.758422648E+01
4.060000000E+07 2.825093935E+02 1.375824562E+02 2.766303405E+02 4.515794595E+01 3.742183807E+01
4.080000000E+07 2.812889996E+02 1.369905599E+02 2.754246273E+02 4.496789959E+01 3.726099552E+01
4.100000000E+07 2.800798898E+02 1.364041876E+02 2.742303456E+02 4.477962551E+01 3.710167591E+01
4.120000000E+07 2.788819039E+02 1.358232595E+02 2.730473277E+02 4.459309793E+01 3.694385683E+01
4.140000000E+07 2.776948847E+02 1.352476974E+02 2.718754091E+02 4.440829155E+01 3.678751625E+01
4.160000000E+07 2.765186781E+02 1.346774248E+02 2.707144286E+02 4.422518161E+01 3.663263264E+01
4.180000000E+07 2.753531324E+02 1.341123665E+02 2.695642280E+02 4.404374377E+01 3.647918485E+01
4.200000000E+07 2.741980994E+02 1.335524486E+02 2.684246524E+02 4.386395420E+01 3.632715217E+01
4.220000000E+07 2.730534333E+02 1.329975991E+02 2.672955500E+02 4.368578956E+01 3.617651431E+01
4.240000000E+07 2.719189912E+02 1.324477468E+02 2.661767717E+02 4.350922691E+01 3.602725134E+01
4.260000000E+07 2.707946330E+02 1.319028224E+02 2.650681715E+02 4.333424379E+01 3.587934374E+01
4.280000000E+07 2.696802206E+02 1.313627574E+02 2.639696059E+02 4.316081813E+01 3.573277235E+01
4.300000000E+07 2.685756191E+02 1.308274848E+02 2.628809344E+02 4.298892830E+01 3.558751838E+01
4.320000000E+07 2.674806958E+02 1.302969390E+02 2.618020190E+02 4.281855309E+01 3.544356343E+01
4.340000000E+07 2.663953203E+02 1.297710555E+02 2.607327244E+02 4.264967166E+01 3.530088939E+01
4.360000000E+07 2.653193649E+02 1.292497708E+02 2.596729178E+02 4.248226358E+01 3.515947855E+01
4.380000000E+07 2.642527039E+02 1.287330228E+02 2.586224690E+02 4.231630879E+01 3.501931350E+01
4.400000000E+07 2.631952138E+02 1.282207505E+02 2.575812499E+02 4.215178761E+01 3.488037715E+01
4.420000000E+07 2.621467738E+02 1.277128940E+02 2.565491352E+02 4.198868073E+01 3.474265278E+01
4.440000000E+07 2.611072647E+02 1.272093944E+02 2.555260016E+02 4.182696917E+01 3.460612389E+01
4.460000000E+07 2.600765697E+02 1.267101941E+02 2.545117282E+02 4.166663432E+01 3.447077438E+01
4.480000000E+07 2.590545742E+02 1.262152362E+02 2.535061962E+02 4.150765788E+01 3.433658838E+01
4.500000000E+07 2.580411651E+02 1.257244649E+02 2.525092889E+02 4.135002190E+01 3.420355033E+01
4.520000000E+07 2.570362317E+02 1.252378257E+02 2.515208921E+02 4.119370876E+01 3.407164495E+01
4.540000000E+07 2.560396652E+02 1.247552647E+02 2.505408931E+02 4.103870112E+01 3.394085723E+01
4.560000000E+07 2.550513584E+02 1.242767291E+02 2.495691815E+02 4.088498199E+01 3.381117245E+01
4.580000000E+07 2.540712064E+02 1.238021671E+02 2.486056491E+02 4.073253467E+01 3.368257615E+01
4.600000000E+07 2.530991058E+02 1.233315276E+02 2.476501892E+02 4.058134274E+01 3.355505409E+01
4.620000000E+07 2.521349551E+02 1.228647605E+02 2.467026971E+02 4.043139009E+01 3.342859235E+01
4.640000000E+07 2.511786542E+02 1.224018166E+02 2.457630701E+02 4.028266085E+01 3.330317719E+01
4.660000000E+07 2.502301051E+02 1.219426476E+02 2.448312071E+02 4.013513947E+01 3.317879513E+01
4.680000000E+07 2.492892112E+02 1.214872057E+02 2.439070087E+02 3.998881064E+01 3.305543294E+01
4.700000000E+07 2.483558778E+02 1.210354445E+02 2.429903777E+02 3.984365935E+01 3.293307764E+01
4.720000000E+07 2.474300115E+02 1.205873178E+02 2.420812181E+02 3.969967082E+01 3.281171642E+01
4.740000000E+07 2.465115204E+02 1.201427804E+02 2.411794354E+02 3.955683048E+01 3.269133671E+01
4.760000000E+07 2.456003146E+02 1.197017881E+02 2.402849374E+02 3.941512413E+01 3.257192620E+01
4.780000000E+07 2.446963051E+02 1.192642970E+02 2.393976328E+02 3.927453767E+01 3.245347272E+01
4.800000000E+07 2.437994047E+02 1.188302643E+02 2.385174322E+02 3.913505732E+01 3.233596436E+01
4.820000000E+07 2.429095276E+02 1.183996477E+02 2.376442477E+02 3.899666952E+01 3.221938938E+01
4.840000000E+07 2.420265893E+02 1.179724057E+02 2.367779926E+02 3.885936093E+01 3.210373628E+01
4.860000000E+07 2.411505067E+02 1.175484974E+02 2.359185819E+02 3.872311841E+01 3.198899368E+01
4.880000000E+07 2.402811982E+02 1.171278826E+02 2.350659320E+02 3.858792907E+01 3.187515047E+01
4.900000000E+07 2.394185831E+02 1.167105219E+02 2.342199606E+02 3.845378022E+01 3.176219567E+01
4.920000000E+07 2.385625826E+02 1.162963764E+02 2.333805868E+02 3.832065938E+01 3.165011850E+01
4.940000000E+07 2.377131185E+02 1.158854077E+02 2.325477310E+02 3.818855425E+01 3.153890837E+01
4.960000000E+07 2.368701143E+02 1.154775782E+02 2.317213149E+02 3.805745277E+01 3.142855484E+01
4.980000000E+07 2.360334948E+02 1.150728511E+02 2.309012616E+02 3.792734307E+01 3.131904766E+01
5.000000000E+07 2.352031853E+02 1.146711896E+02 2.300874950E+02 3.779821340E+01 3.121037672E+01
5.020000000E+07 2.343791131E+02 1.142725580E+02 2.292799409E+02 3.767005231E+01 3.110253211E+01
5.040000000E+07 2.335612061E+02 1.138769211E+02 2.284785259E+02 3.754284847E+01 3.099550407E+01
5.060000000E+07 2.327493934E+02 1.134842440E+02 2.276831776E+02 3.741659070E+01 3.088928295E+01
5.080000000E+07 2.319436055E+02 1.130944926E+02 2.268938253E+02 3.729126808E+01 3.078385934E+01
5.100000000E+07 2.311437735E+02 1.127076331E+02 2.261103988E+02 3.716686978E+01 3.067922389E+01
5.120000000E+07 2.303498301E+02 1.123236326E+02 2.253328295E+02 3.704338520E+01 3.057536747E+01
5.140000000E+07 2.295617086E+02 1.119424583E+02 2.245610497E+02 3.692080389E+01 3.047228106E+01
5.160000000E+07 2.287793434E+02 1.115640781E+02 2.237949925E+02 3.679911553E+01 3.036995577E+01
5.180000000E+07 2.280026701E+02 1.111884604E+02 2.230345925E+02 3.667830999E+01 3.026838288E+01
5.200000000E+07 2.272316248E+02 1.108155741E+02 2.222797850E+02 3.655837730E+01 3.016755378E+01
5.220000000E+07 2.264661453E+02 1.104453884E+02 2.215305066E+02 3.643930764E+01 3.006746002E+01
5.240000000E+07 2.257061698E+02 1.100778733E+02 2.207866944E+02 3.632109132E+01 2.996809326E+01
5.260000000E+07 2.249516374E+02 1.097129989E+02 2.200482869E+02 3.620371882E+01 2.986944529E+01
5.280000000E+07 2.242024885E+02 1.093507360E+02 2.193152234E+02 3.608718076E+01 2.977150803E+01
5.300000000E+07 2.234586639E+02 1.089910557E+02 2.185874440E+02 3.597146790E+01 2.967427353E+01
5.320000000E+07 2.227201056E+02 1.086339295E+02 2.178648899E+02 3.585657113E+01 2.957773394E+01
5.340000000E+07 2.219867564E+02 1.082793295E+02 2.171475031E+02 3.574248149E+01 2.948188155E+01
5.360000000E+07 2.212585598E+02 1.079272281E+02 2.164352264E+02 3.562919015E+01 2.938670876E+01
5.380000000E+07 2.205354604E+02 1.075775981E+02 2.157280035E+02 3.551668840E+01 2.929220808E+01
5.400000000E+07 2.198174033E+02 1.072304128E+02 2.150257792E+02 3.540496769E+01 2.919837214E+01
5.420000000E+07 2.191043346E+02 1.068856457E+02 2.143284986E+02 3.529401956E+01 2.910519368E+01
5.440000000E+07 2.183962011E+02 1.065432709E+02 2.136361081E+02 3.518383569E+01 2.901266552E+01
5.460000000E+07 2.176929503E+02 1.062032627E+02 2.129485546E+02 3.507440789E+01 2.892078063E+01
5.480000000E+07 2.169945306E+02 1.058655958E+02 2.122657858E+02 3.496572806E+01 2.882953205E+01
5.500000000E+07 2.163008910E+02 1.055302455E+02 2.115877504E+02 3.485778827E+01 2.873891296E+01
5.520000000E+07 2.156119813E+02 1.051971871E+02 2.109143976E+02 3.475058065E+01 2.864891657E+01
5.540000000E+07 2.149277522E+02 1.048663965E+02 2.102456774E+02 3.464409748E+01 2.855953627E+01
5.560000000E+07 2.142481545E+02 1.045378499E+02 2.095815405E+02 3.453833112E+01 2.847076548E+01
5.580000000E+07 2.135731404E+02 1.042115237E+02 2.089219385E+02 3.443327408E+01 2.838259777E+01
5.600000000E+07 2.129026624E+02 1.038873949E+02 2.082668234E+02 3.432891895E+01 2.829502677E+01
5.620000000E+07 2.122366736E+02 1.035654405E+02 2.076161481E+02 3.422525841E+01 2.820804619E+01
5.640000000E+07 2.115751280E+02 1.032456381E+02 2.069698660E+02 3.412228529E+01 2.812164987E+01
5.660000000E+07 2.109179800E+02 1.029279654E+02 2.063279314E+02 3.401999247E+01 2.803583170E+01
5.680000000E+07 2.102651847E+02 1.026124006E+02 2.056902990E+02 3.391837296E+01 2.795058566E+01
5.700000000E+07 2.096166981E+02 1.022989221E+02 2.050569244E+02 3.381741988E+01 2.786590586E+01
5.720000000E+07 2.089724763E+02 1.019875086E+02 2.044277634E+02 3.371712639E+01 2.778178642E+01
5.740000000E+07 2.083324763E+02 1.016781392E+02 2.038027730E+02 3.361748582E+01 2.769822161E+01
5.760000000E+07 2.076966559E+02 1.013707931E+02 2.031819103E+02 3.351849154E+01 2.761520575E+01
5.780000000E+07 2.070649729E+02 1.010654499E+02 2.025651332E+02 3.342013703E+01 2.753273324E+01
5.800000000E+07 2.064373860E+02 1.007620894E+02 2.019524001E+02 3.332241583E+01 2.745079853E+01
5.820000000E+07 2.058138546E+02 1.004606918E+02 2.013436701E+02 3.322532162E+01 2.736939620E+01
5.840000000E+07 2.051943385E+02 1.001612375E+02 2.007389029E+02 3.312884814E+01 2.728852087E+01
5.860000000E+07 2.045787979E+02 9.986370728E+01 2.001380585E+02 3.303298921E+01 2.720816726E+01
5.880000000E+07 2.039671937E+02 9.956808187E+01 1.995410975E+02 3.293773873E+01 2.712833012E+01
5.900000000E+07 2.033594872E+02 9.927434258E+01 1.989479814E+02 3.284309069E+01 2.704900430E+01
5.920000000E+07 2.027556405E+02 9.898247081E+01 1.983586717E+02 3.274903918E+01 2.697018474E+01
5.940000000E+07 2.021556158E+02 9.869244827E+01 1.977731309E+02 3.265557835E+01 2.689186640E+01
5.960000000E+07 2.015593759E+02 9.840425681E+01 1.971913214E+02 3.256270239E+01 2.681404433E+01
5.980000000E+07 2.009668844E+02 9.811787869E+01 1.966132068E+02 3.247040564E+01 2.673671366E+01
6.000000000E+07 2.003781050E+02 9.783329626E+01 1.960387507E+02 3.237868248E+01 2.665986957E+01
6.020000000E+07 1.997930020E+02 9.755049218E+01 1.954679175E+02 3.228752736E+01 2.658350731E+01
6.040000000E+07 1.992115404E+02 9.726944930E+01 1.949006717E+02 3.219693480E+01 2.650762219E+01
6.060000000E+07 1.986336851E+02 9.699015068E+01 1.943369786E+02 3.210689941E+01 2.643220958E+01
6.080000000E+07 1.980594019E+02 9.671257960E+01 1.937768037E+02 3.201741584E+01 2.635726491E+01
6.100000000E+07 1.974886571E+02 9.643671966E+01 1.932201134E+02 3.192847885E+01 2.628278368E+01
6.120000000E+07 1.969214170E+02 9.616255453E+01 1.926668738E+02 3.184008325E+01 2.620876144E+01
6.140000000E+07 1.963576487E+02 9.589006812E+01 1.921170521E+02 3.175222388E+01 2.613519378E+01
6.160000000E+07 1.957973196E+02 9.561924469E+01 1.915706157E+02 3.166489572E+01 2.606207641E+01
6.180000000E+07 1.952403976E+02 9.535006851E+01 1.910275324E+02 3.157809377E+01 2.598940502E+01
6.200000000E+07 1.946868507E+02 9.508252412E+01 1.904877704E+02 3.149181307E+01 2.591717539E+01
6.220000000E+07 1.941366477E+02 9.481659630E+01 1.899512983E+02 3.140604878E+01 2.584538337E+01
6.240000000E+07 1.935897576E+02 9.455226997E+01 1.894180852E+02 3.132079609E+01 2.577402484E+01
6.260000000E+07 1.930461496E+02 9.428953020E+01 1.888881004E+02 3.123605023E+01 2.570309572E+01
6.280000000E+07 1.925057937E+02 9.402836242E+01 1.883613138E+02 3.115180654E+01 2.563259202E+01
6.300000000E+07 1.919686600E+02 9.376875208E+01 1.878376957E+02 3.106806040E+01 2.556250979E+01
6.320000000E+07 1.914347190E+02 9.351068481E+01 1.873172165E+02 3.098480721E+01 2.549284509E+01
6.340000000E+07 1.909039416E+02 9.325414651E+01 1.867998473E+02 3.090204249E+01 2.542359409E+01
6.360000000E+07 1.903762990E+02 9.299912320E+01 1.862855593E+02 3.081976176E+01 2.535475295E+01
6.380000000E+07 1.898517629E+02 9.274560111E+01 1.857743242E+02 3.073796063E+01 2.528631793E+01
6.400000000E+07 1.893303052E+02 9.249356662E+01 1.852661141E+02 3.065663476E+01 2.521828531E+01
6.420000000E+07 1.888118981E+02 9.224300622E+01 1.847609012E+02 3.057577985E+01 2.515065141E+01
6.440000000E+07 1.882965143E+02 9.199390663E+01 1.842586583E+02 3.049539165E+01 2.508341261E+01
6.460000000E+07 1.877841268E+02 9.174625476E+01 1.837593584E+02 3.041546600E+01 2.501656533E+01
6.480000000E+07 1.872747089E+02 9.150003761E+01 1.832629750E+02 3.033599874E+01 2.495010604E+01
6.500000000E+07 1.867682339E+02 9.125524232E+01 1.827694817E+02 3.025698578E+01 2.488403123E+01
6.520000000E+07 1.862646761E+02 9.101185633E+01 1.822788525E+02 3.017842310E+01 2.481833746E+01
6.540000000E+07 1.857640095E+02 9.076986703E+01 1.817910618E+02 3.010030670E+01 2.475302131E+01
6.560000000E+07 1.852662087E+02 9.052926212E+01 1.813060842E+02 3.002263264E+01 2.468807944E+01
6.580000000E+07 1.847712486E+02 9.029002940E+01 1.808238947E+02 2.994539703E+01 2.462350849E+01
6.600000000E+07 1.842791044E+02 9.005215682E+01 1.803444686E+02 2.986859604E+01 2.455930522E+01
6.620000000E+07 1.837897513E+02 8.981563239E+01 1.798677814E+02 2.979222584E+01 2.449546634E+01
6.640000000E+07 1.833031651E+02 8.958044435E+01 1.793938089E+02 2.971628269E+01 2.443198865E+01
6.660000000E+07 1.828193220E+02 8.934658114E+01 1.789225273E+02 2.964076289E+01 2.436886900E+01
6.680000000E+07 1.823381979E+02 8.911403114E+01 1.784539130E+02 2.956566273E+01 2.430610423E+01
6.700000000E+07 1.818597697E+02 8.888278306E+01 1.779879427E+02 2.949097864E+01 2.424369128E+01
6.720000000E+07 1.813840141E+02 8.865282564E+01 1.775245934E+02 2.941670701E+01 2.418162707E+01
6.740000000E+07 1.809109082E+02 8.842414779E+01 1.770638423E+02 2.934284430E+01 2.411990858E+01
6.760000000E+07 1.804404295E+02 8.819673852E+01 1.766056670E+02 2.926938702E+01 2.405853282E+01
6.780000000E+07 1.799725555E+02 8.797058703E+01 1.761500453E+02 2.919633172E+01 2.399749687E+01
6.800000000E+07 1.795072640E+02 8.774568254E+01 1.756969550E+02 2.912367497E+01 2.393679777E+01
6.820000000E+07 1.790445332E+02 8.752201443E+01 1.752463746E+02 2.905141337E+01 2.387643265E+01
6.840000000E+07 1.785843417E+02 8.729957233E+01 1.747982827E+02 2.897954363E+01 2.381639868E+01
6.860000000E+07 1.781266678E+02 8.707834577E+01 1.743526578E+02 2.890806241E+01 2.375669302E+01
6.880000000E+07 1.776714906E+02 8.685832459E+01 1.739094793E+02 2.883696647E+01 2.369731291E+01
6.900000000E+07 1.772187891E+02 8.663949861E+01 1.734687262E+02 2.876625257E+01 2.363825557E+01
6.920000000E+07 1.767685427E+02 8.642185788E+01 1.730303782E+02 2.869591753E+01 2.357951831E+01
6.940000000E+07 1.763207310E+02 8.620539250E+01 1.725944150E+02 2.862595820E+01 2.352109842E+01
6.960000000E+07 1.758753338E+02 8.599009261E+01 1.721608164E+02 2.855637144E+01 2.346299325E+01
6.980000000E+07 1.754323311E+02 8.577594865E+01 1.717295629E+02 2.848715420E+01 2.340520017E+01
7.000000000E+07 1.749917030E+02 8.556295096E+01 1.713006347E+02 2.841830339E+01 2.334771657E+01
7.020000000E+07 1.745534303E+02 8.535109016E+01 1.708740126E+02 2.834981604E+01 2.329053990E+01
7.040000000E+07 1.741174936E+02 8.514035689E+01 1.704496775E+02 2.828168916E+01 2.323366762E+01
7.060000000E+07 1.736838737E+02 8.493074185E+01 1.700276103E+02 2.821391979E+01 2.317709720E+01
7.080000000E+07 1.732525519E+02 8.472223595E+01 1.696077925E+02 2.814650504E+01 2.312082618E+01
7.100000000E+07 1.728235093E+02 8.451483014E+01 1.691902055E+02 2.807944200E+01 2.306485208E+01
7.120000000E+07 1.723967274E+02 8.430851543E+01 1.687748309E+02 2.801272782E+01 2.300917249E+01
7.140000000E+07 1.719721883E+02 8.410328304E+01 1.683616509E+02 2.794635972E+01 2.295378500E+01
7.160000000E+07 1.715498735E+02 8.389912416E+01 1.679506473E+02 2.788033486E+01 2.289868723E+01
7.180000000E+07 1.711297654E+02 8.369603019E+01 1.675418027E+02 2.781465052E+01 2.284387685E+01
7.200000000E+07 1.707118462E+02 8.349399253E+01 1.671350994E+02 2.774930397E+01 2.278935152E+01
7.220000000E+07 1.702960985E+02 8.329300279E+01 1.667305203E+02 2.768429251E+01 2.273510895E+01
7.240000000E+07 1.698825050E+02 8.309305253E+01 1.663280481E+02 2.761961346E+01 2.268114687E+01
7.260000000E+07 1.694710484E+02 8.289413343E+01 1.659276658E+02 2.755526418E+01 2.262746301E+01
7.280000000E+07 1.690617120E+02 8.269623741E+01 1.655293570E+02 2.749124209E+01 2.257405519E+01
7.300000000E+07 1.686544790E+02 8.249935627E+01 1.651331049E+02 2.742754458E+01 2.252092118E+01
7.320000000E+07 1.682493327E+02 8.230348203E+01 1.647388930E+02 2.736416909E+01 2.246805881E+01
7.340000000E+07 1.678462568E+02 8.210860674E+01 1.643467054E+02 2.730111311E+01 2.241546592E+01
7.360000000E+07 1.674452351E+02 8.191472261E+01 1.639565260E+02 2.723837415E+01 2.236314041E+01
7.380000000E+07 1.670462515E+02 8.172182179E+01 1.635683387E+02 2.717594971E+01 2.231108015E+01
7.400000000E+07 1.666492901E+02 8.152989664E+01 1.631821280E+02 2.711383735E+01 2.225928306E+01
7.420000000E+07 1.662543352E+02 8.133893953E+01 1.627978784E+02 2.705203464E+01 2.220774708E+01
7.440000000E+07 1.658613713E+02 8.114894300E+01 1.624155744E+02 2.699053920E+01 2.215647017E+01
7.460000000E+07 1.654703830E+02 8.095989956E+01 1.620352011E+02 2.692934867E+01 2.210545032E+01
7.480000000E+07 1.650813551E+02 8.077180187E+01 1.616567432E+02 2.686846067E+01 2.205468553E+01
7.500000000E+07 1.646942724E+02 8.058464257E+01 1.612801858E+02 2.680787290E+01 2.200417382E+01
7.520000000E+07 1.643091201E+02 8.039841456E+01 1.609055143E+02 2.674758306E+01 2.195391324E+01
7.540000000E+07 1.639258834E+02 8.021311063E+01 1.605327141E+02 2.668758887E+01 2.190390186E+01
7.560000000E+07 1.635445478E+02 8.002872376E+01 1.601617709E+02 2.662788809E+01 2.185413776E+01
7.580000000E+07 1.631650987E+02 7.984524691E+01 1.597926703E+02 2.656847848E+01 2.180461904E+01
7.600000000E+07 1.627875218E+02 7.966267317E+01 1.594253981E+02 2.650935785E+01 2.175534384E+01
7.620000000E+07 1.624118030E+02 7.948099574E+01 1.590599406E+02 2.645052400E+01 2.170631029E+01
7.640000000E+07 1.620379282E+02 7.930020783E+01 1.586962838E+02 2.639197480E+01 2.165751658E+01
7.660000000E+07 1.616658837E+02 7.912030272E+01 1.583344141E+02 2.633370810E+01 2.160896087E+01
7.680000000E+07 1.612956555E+02 7.894127372E+01 1.579743178E+02 2.627572176E+01 2.156064136E+01
7.700000000E+07 1.609272303E+02 7.876311435E+01 1.576159817E+02 2.621801373E+01 2.151255629E+01
7.720000000E+07 1.605605944E+02 7.858581804E+01 1.572593923E+02 2.616058190E+01 2.146470388E+01
7.740000000E+07 1.601957346E+02 7.840937837E+01 1.569045368E+02 2.610342424E+01 2.141708240E+01
7.760000000E+07 1.598326378E+02 7.823378901E+01 1.565514019E+02 2.604653872E+01 2.136969012E+01
7.780000000E+07 1.594712906E+02 7.805904356E+01 1.561999749E+02 2.598992332E+01 2.132252532E+01
7.800000000E+07 1.591116805E+02 7.788513585E+01 1.558502430E+02 2.593357606E+01 2.127558633E+01
7.820000000E+07 1.587537944E+02 7.771205967E+01 1.555021937E+02 2.587749496E+01 2.122887146E+01
7.840000000E+07 1.583976197E+02 7.753980887E+01 1.551558143E+02 2.582167807E+01 2.118237906E+01
7.860000000E+07 1.580431440E+02 7.736837745E+01 1.548110927E+02 2.576612347E+01 2.113610749E+01
7.880000000E+07 1.576903547E+02 7.719775935E+01 1.544680165E+02 2.571082924E+01 2.109005513E+01
7.900000000E+07 1.573392395E+02 7.702794866E+01 1.541265737E+02 2.565579347E+01 2.104422035E+01
7.920000000E+07 1.569897864E+02 7.685893948E+01 1.537867522E+02 2.560101432E+01 2.099860159E+01
7.940000000E+07 1.566419831E+02 7.669072599E+01 1.534485402E+02 2.554648992E+01 2.095319725E+01
7.960000000E+07 1.562958179E+02 7.652330243E+01 1.531119260E+02 2.549221842E+01 2.090800578E+01
7.980000000E+07 1.559512787E+02 7.635666308E+01 1.527768978E+02 2.543819802E+01 2.086302563E+01
8.000000000E+07 1.556083541E+02 7.619080230E+01 1.524434443E+02 2.538442690E+01 2.081825528E+01
8.020000000E+07 1.552670323E+02 7.602571446E+01 1.521115539E+02 2.533090329E+01 2.077369321E+01
8.040000000E+07 1.549273020E+02 7.586139405E+01 1.517812155E+02 2.527762542E+01 2.072933791E+01
8.060000000E+07 1.545891515E+02 7.569783555E+01 1.514524177E+02 2.522459154E+01 2.068518791E+01
8.080000000E+07 1.542525698E+02 7.553503350E+01 1.511251495E+02 2.517179991E+01 2.064124173E+01
8.100000000E+07 1.539175457E+02 7.537298259E+01 1.507994001E+02 2.511924882E+01 2.059749792E+01
8.120000000E+07 1.535840682E+02 7.521167742E+01 1.504751584E+02 2.506693657E+01 2.055395503E+01
8.140000000E+07 1.532521262E+02 7.505111271E+01 1.501524137E+02 2.501486148E+01 2.051061164E+01
8.160000000E+07 1.529217090E+02 7.489128326E+01 1.498311555E+02 2.496302187E+01 2.046746632E+01
8.180000000E+07 1.525928058E+02 7.473218388E+01 1.495113731E+02 2.491141611E+01 2.042451769E+01
8.200000000E+07 1.522654059E+02 7.457380939E+01 1.491930560E+02 2.486004255E+01 2.038176435E+01
8.220000000E+07 1.519394989E+02 7.441615474E+01 1.488761940E+02 2.480889956E+01 2.033920492E+01
8.240000000E+07 1.516150743E+02 7.425921488E+01 1.485607768E+02 2.475798554E+01 2.029683804E+01
8.260000000E+07 1.512921218E+02 7.410298486E+01 1.482467942E+02 2.470729893E+01 2.025466238E+01
8.280000000E+07 1.509706312E+02 7.394745970E+01 1.479342363E+02 2.465683812E+01 2.021267659E+01
8.300000000E+07 1.506505924E+02 7.379263455E+01 1.476230930E+02 2.460660158E+01 2.017087935E+01
8.320000000E+07 1.503319950E+02 7.363850449E+01 1.473133544E+02 2.455658774E+01 2.012926935E+01
8.340000000E+07 1.500148294E+02 7.348506475E+01 1.470050107E+02 2.450679507E+01 2.008784528E+01
8.360000000E+07 1.496990858E+02 7.333231061E+01 1.466980525E+02 2.445722207E+01 2.004660588E+01
8.380000000E+07 1.493847541E+02 7.318023727E+01 1.463924698E+02 2.440786722E+01 2.000554985E+01
8.400000000E+07 1.490718249E+02 7.302884012E+01 1.460882535E+02 2.435872904E+01 1.996467594E+01
8.420000000E+07 1.487602884E+02 7.287811454E+01 1.457853939E+02 2.430980607E+01 1.992398291E+01
8.440000000E+07 1.484501353E+02 7.272805592E+01 1.454838818E+02 2.426109683E+01 1.988346950E+01
8.460000000E+07 1.481413560E+02 7.257865970E+01 1.451837080E+02 2.421259987E+01 1.984313450E+01
8.480000000E+07 1.478339414E+02 7.242992141E+01 1.448848632E+02 2.416431378E+01 1.980297669E+01
8.500000000E+07 1.475278819E+02 7.228183656E+01 1.445873384E+02 2.411623710E+01 1.976299485E+01
8.520000000E+07 1.472231688E+02 7.213440079E+01 1.442911247E+02 2.406836846E+01 1.972318782E+01
8.540000000E+07 1.469197927E+02 7.198760966E+01 1.439962131E+02 2.402070644E+01 1.968355439E+01
8.560000000E+07 1.466177447E+02 7.184145888E+01 1.437025949E+02 2.397324968E+01 1.964409340E+01
8.580000000E+07 1.463170159E+02 7.169594409E+01 1.434102612E+02 2.392599679E+01 1.960480369E+01
8.600000000E+07 1.460175974E+02 7.155106107E+01 1.431192034E+02 2.387894641E+01 1.956568409E+01
8.620000000E+07 1.457194806E+02 7.140680561E+01 1.428294131E+02 2.383209721E+01 1.952673349E+01
8.640000000E+07 1.454226567E+02 7.126317352E+01 1.425408815E+02 2.378544786E+01 1.948795075E+01
8.660000000E+07 1.451271172E+02 7.112016067E+01 1.422536004E+02 2.373899704E+01 1.944933475E+01
8.680000000E+07 1.448328535E+02 7.097776287E+01 1.419675613E+02 2.369274341E+01 1.941088437E+01
8.700000000E+07 1.445398572E+02 7.083597615E+01 1.416827560E+02 2.364668570E+01 1.937259853E+01
8.720000000E+07 1.442481199E+02 7.069479639E+01 1.413991763E+02 2.360082261E+01 1.933447612E+01
8.740000000E+07 1.439576334E+02 7.055421969E+01 1.411168142E+02 2.355515289E+01 1.929651608E+01
8.760000000E+07 1.436683893E+02 7.041424197E+01 1.408356613E+02 2.350967524E+01 1.925871733E+01
8.780000000E+07 1.433803796E+02 7.027485937E+01 1.405557100E+02 2.346438844E+01 1.922107881E+01
8.800000000E+07 1.430935963E+02 7.013606803E+01 1.402769522E+02 2.341929125E+01 1.918359948E+01
8.820000000E+07 1.428080313E+02 6.999786404E+01 1.399993802E+02 2.337438241E+01 1.914627829E+01
8.840000000E+07 1.425236765E+02 6.986024352E+01 1.397229859E+02 2.332966071E+01 1.910911420E+01
8.860000000E+07 1.422405244E+02 6.972320281E+01 1.394477620E+02 2.328512497E+01 1.907210621E+01
8.880000000E+07 1.419585669E+02 6.958673805E+01 1.391737006E+02 2.324077396E+01 1.903525328E+01
8.900000000E+07 1.416777965E+02 6.945084558E+01 1.389007944E+02 2.319660651E+01 1.899855442E+01
8.920000000E+07 1.413982053E+02 6.931552166E+01 1.386290356E+02 2.315262143E+01 1.896200863E+01
8.940000000E+07 1.411197859E+02 6.918076262E+01 1.383584169E+02 2.310881756E+01 1.892561492E+01
8.960000000E+07 1.408425308E+02 6.904656489E+01 1.380889310E+02 2.306519376E+01 1.888937233E+01
8.980000000E+07 1.405664324E+02 6.891292485E+01 1.378205705E+02 2.302174886E+01 1.885327986E+01
9.000000000E+07 1.402914833E+02 6.877983888E+01 1.375533281E+02 2.297848172E+01 1.881733657E+01
9.020000000E+07 1.400176763E+02 6.864730350E+01 1.372871969E+02 2.293539123E+01 1.878154149E+01
9.040000000E+07 1.397450041E+02 6.851531522E+01 1.370221695E+02 2.289247628E+01 1.874589370E+01
9.060000000E+07 1.394734594E+02 6.838387053E+01 1.367582390E+02 2.284973574E+01 1.871039224E+01
9.080000000E+07 1.392030352E+02 6.825296601E+01 1.364953984E+02 2.280716852E+01 1.867503618E+01
9.100000000E+07 1.389337242E+02 6.812259820E+01 1.362336406E+02 2.276477353E+01 1.863982462E+01
9.120000000E+07 1.386655197E+02 6.799276380E+01 1.359729590E+02 2.272254970E+01 1.860475663E+01
9.140000000E+07 1.383984143E+02 6.786345932E+01 1.357133466E+02 2.268049594E+01 1.856983130E+01
9.160000000E+07 1.381324016E+02 6.773468159E+01 1.354547967E+02 2.263861123E+01 1.853504776E+01
9.180000000E+07 1.378674743E+02 6.760642716E+01 1.351973026E+02 2.259689446E+01 1.850040508E+01
9.200000000E+07 1.376036260E+02 6.747869287E+01 1.349408577E+02 2.255534463E+01 1.846590242E+01
9.220000000E+07 1.373408496E+02 6.735147541E+01 1.346854553E+02 2.251396068E+01 1.843153887E+01
9.240000000E+07 1.370791387E+02 6.722477159E+01 1.344310890E+02 2.247274161E+01 1.839731359E+01
9.260000000E+07 1.368184865E+02 6.709857820E+01 1.341777522E+02 2.243168638E+01 1.836322570E+01
9.280000000E+07 1.365588866E+02 6.697289210E+01 1.339254386E+02 2.239079399E+01 1.832927435E+01
9.300000000E+07 1.363003324E+02 6.684771018E+01 1.336741419E+02 2.235006345E+01 1.829545871E+01
9.320000000E+07 1.360428175E+02 6.672302925E+01 1.334238556E+02 2.230949375E+01 1.826177793E+01
9.340000000E+07 1.357863354E+02 6.659884627E+01 1.331745736E+02 2.226908391E+01 1.822823117E+01
9.360000000E+07 1.355308797E+02 6.647515817E+01 1.329262895E+02 2.222883296E+01 1.819481762E+01
9.380000000E+07 1.352764444E+02 6.635196197E+01 1.326789975E+02 2.218873994E+01 1.816153646E+01
9.400000000E+07 1.350230231E+02 6.622925459E+01 1.324326911E+02 2.214880387E+01 1.812838688E+01
9.420000000E+07 1.347706095E+02 6.610703307E+01 1.321873645E+02 2.210902382E+01 1.809536806E+01
9.440000000E+07 1.345191975E+02 6.598529445E+01 1.319430116E+02 2.206939883E+01 1.806247922E+01
9.460000000E+07 1.342687812E+02 6.586403579E+01 1.316996265E+02 2.202992797E+01 1.802971957E+01
9.480000000E+07 1.340193543E+02 6.574325419E+01 1.314572032E+02 2.199061031E+01 1.799708832E+01
9.500000000E+07 1.337709110E+02 6.562294677E+01 1.312157360E+02 2.195144494E+01 1.796458468E+01
9.520000000E+07 1.335234452E+02 6.550311065E+01 1.309752190E+02 2.191243093E+01 1.793220790E+01
9.540000000E+07 1.332769511E+02 6.538374300E+01 1.307356465E+02 2.187356738E+01 1.789995720E+01
9.560000000E+07 1.330314230E+02 6.526484103E+01 1.304970127E+02 2.183485341E+01 1.786783183E+01
9.580000000E+07 1.327868548E+02 6.514640186E+01 1.302593120E+02 2.179628809E+01 1.783583103E+01
9.600000000E+07 1.325432410E+02 6.502842282E+01 1.300225388E+02 2.175787058E+01 1.780395406E+01
9.620000000E+07 1.323005757E+02 6.491090109E+01 1.297866875E+02 2.171959997E+01 1.777220017E+01
9.640000000E+07 1.320588534E+02 6.479383398E+01 1.295517526E+02 2.168147540E+01 1.774056864E+01
9.660000000E+07 1.318180683E+02 6.467721875E+01 1.293177285E+02 2.164349601E+01 1.770905873E+01
9.680000000E+07 1.315782151E+02 6.456105277E+01 1.290846099E+02 2.160566095E+01 1.767766972E+01
9.700000000E+07 1.313392880E+02 6.444533335E+01 1.288523914E+02 2.156796936E+01 1.764640089E+01
9.720000000E+07 1.311012818E+02 6.433005783E+01 1.286210676E+02 2.153042041E+01 1.761525154E+01
9.740000000E+07 1.308641908E+02 6.421522363E+01 1.283906333E+02 2.149301325E+01 1.758422096E+01
9.760000000E+07 1.306280098E+02 6.410082811E+01 1.281610830E+02 2.145574706E+01 1.755330844E+01
9.780000000E+07 1.303927334E+02 6.398686875E+01 1.279324117E+02 2.141862102E+01 1.752251329E+01
9.800000000E+07 1.301583562E+02 6.387334295E+01 1.277046142E+02 2.138163430E+01 1.749183483E+01
9.820000000E+07 1.299248730E+02 6.376024813E+01 1.274776852E+02 2.134478610E+01 1.746127237E+01
9.840000000E+07 1.296922786E+02 6.364758187E+01 1.272516197E+02 2.130807562E+01 1.743082523E+01
9.860000000E+07 1.294605678E+02 6.353534164E+01 1.270264128E+02 2.127150207E+01 1.740049276E+01
9.880000000E+07 1.292297355E+02 6.342352493E+01 1.268020592E+02 2.123506464E+01 1.737027425E+01
9.900000000E+07 1.289997764E+02 6.331212928E+01 1.265785541E+02 2.119876256E+01 1.734016907E+01
9.920000000E+07 1.287706858E+02 6.320115231E+01 1.263558925E+02 2.116259505E+01 1.731017656E+01
9.940000000E+07 1.285424583E+02 6.309059156E+01 1.261340696E+02 2.112656133E+01 1.728029606E+01
9.960000000E+07 1.283150892E+02 6.298044462E+01 1.259130803E+02 2.109066064E+01 1.725052693E+01
9.980000000E+07 1.280885734E+02 6.287070912E+01 1.256929201E+02 2.105489223E+01 1.722086853E+01
1.000000000E+08 1.278629060E+02 6.276138270E+01 1.254735839E+02 2.101925532E+01 1.719132021E+01
