1.100000000E+05 2.075328738E+05 3.852524243E+04 1.002969777E+05 1.029294334E+04 1.266328905E+04
1.200000000E+05 2.011456803E+05 4.043008385E+04 1.068149319E+05 1.119315083E+04 1.367874679E+04
1.300000000E+05 1.939310108E+05 4.170926527E+04 1.116173650E+05 1.193539837E+04 1.441703933E+04
1.400000000E+05 1.840899024E+05 4.124854847E+04 1.110267348E+05 1.248416827E+04 1.461680477E+04
1.500000000E+05 1.743287140E+05 4.046488574E+04 1.095078427E+05 1.291309223E+04 1.465793548E+04
1.600000000E+05 1.640146583E+05 3.899746567E+04 1.058532716E+05 1.322348376E+04 1.448487765E+04
1.700000000E+05 1.542459301E+05 3.745752745E+04 1.019824962E+05 1.344398780E+04 1.423983160E+04
1.800000000E+05 1.448181408E+05 3.575640111E+04 9.758726181E+04 1.358318450E+04 1.391967073E+04
1.900000000E+05 1.358818325E+05 3.400414915E+04 9.300325535E+04 1.365402984E+04 1.355750343E+04
2.000000000E+05 1.286781170E+05 3.278084233E+04 8.977571435E+04 1.371532181E+04 1.324785482E+04
3.000000000E+05 7.387954873E+04 2.046360808E+04 5.764258455E+04 1.214668266E+04 9.629726275E+03
4.000000000E+05 4.674018216E+04 1.324440204E+04 3.811747726E+04 9.842796080E+03 6.964324903E+03
5.000000000E+05 3.219032765E+04 9.178732769E+03 2.686698373E+04 7.890124154E+03 5.196595067E+03
6.000000000E+05 2.359689346E+04 6.722392386E+03 1.992637295E+04 6.387422922E+03 4.002881989E+03
7.000000000E+05 1.812826088E+04 5.141876268E+03 1.537874460E+04 5.249333824E+03 3.170624235E+03
8.000000000E+05 1.443867043E+04 4.069382904E+03 1.224458173E+04 4.381543521E+03 2.571641037E+03
9.000000000E+05 1.183374827E+04 3.310914006E+03 9.999369217E+03 3.710898086E+03 2.128204698E+03
1.000000000E+06 9.925371263E+03 2.755555320E+03 8.337845724E+03 3.184785553E+03 1.791772705E+03
1.200000000E+06 7.367802456E+03 2.013693788E+03 6.092127820E+03 2.427800729E+03 1.325184834E+03
1.400000000E+06 5.772423651E+03 1.554382900E+03 4.685601382E+03 1.922576729E+03 1.025500417E+03
1.600000000E+06 4.704916280E+03 1.249836599E+03 3.746371390E+03 1.569735192E+03 8.220760390E+02
1.800000000E+06 3.951445581E+03 1.036954908E+03 3.087258490E+03 1.313819419E+03 6.777669702E+02
2.000000000E+06 3.396895780E+03 8.818237540E+02 2.606170641E+03 1.122238533E+03 5.716524900E+02
2.200000000E+06 2.974739857E+03 7.648687907E+02 2.243494290E+03 9.749402224E+02 4.912687862E+02
2.400000000E+06 2.644363076E+03 6.742061795E+02 1.962718380E+03 8.590846467E+02 4.288355849E+02
2.600000000E+06 2.379762207E+03 6.022418003E+02 1.740345362E+03 7.661608423E+02 3.793014656E+02
2.800000000E+06 2.163671736E+03 5.439747994E+02 1.560822922E+03 6.903549110E+02 3.392749048E+02
3.000000000E+06 1.984225029E+03 4.959765961E+02 1.413443853E+03 6.275894015E+02 3.064120121E+02
3.200000000E+06 1.833047098E+03 4.558457437E+02 1.290687418E+03 5.749376496E+02 2.790516148E+02
3.400000000E+06 1.704078413E+03 4.218550234E+02 1.187133288E+03 5.302554338E+02 2.559900715E+02
3.600000000E+06 1.592842209E+03 3.927377369E+02 1.098801331E+03 4.919427980E+02 2.363380160E+02
3.800000000E+06 1.495958749E+03 3.675338895E+02 1.022671294E+03 4.587861790E+02 2.194267365E+02
4.000000000E+06 1.410848297E+03 3.455250374E+02 9.564841021E+02 4.298514047E+02 2.047455056E+02
4.200000000E+06 1.335498921E+03 3.261458399E+02 8.984609564E+02 4.044097005E+02 1.918987174E+02
4.400000000E+06 1.268328967E+03 3.089592979E+02 8.472285791E+02 3.818855810E+02 1.805759988E+02
4.600000000E+06 1.208075643E+03 2.936167725E+02 8.016920116E+02 3.618195411E+02 1.705309976E+02
4.800000000E+06 1.153720933E+03 2.798394288E+02 7.609766802E+02 3.438409346E+02 1.615660883E+02
5.000000000E+06 1.104433904E+03 2.673985797E+02 7.243657953E+02 3.276479850E+02 1.535211804E+02
5.200000000E+06 1.059532529E+03 2.561094640E+02 6.912815838E+02 3.129928618E+02 1.462654202E+02
5.400000000E+06 1.018450861E+03 2.458191255E+02 6.612464735E+02 2.996704075E+02 1.396909612E+02
5.600000000E+06 9.807153859E+02 2.363994077E+02 6.338608696E+02 2.875095290E+02 1.337082331E+02
5.800000000E+06 9.459277256E+02 2.277436632E+02 6.087930771E+02 2.763665556E+02 1.282423127E+02
6.000000000E+06 9.137500414E+02 2.197616211E+02 5.857628563E+02 2.661200679E+02 1.232301107E+02
6.200000000E+06 8.838941224E+02 2.123765869E+02 5.645326249E+02 2.566668335E+02 1.186181723E+02
6.400000000E+06 8.561126959E+02 2.055231150E+02 5.449001246E+02 2.479185892E+02 1.143609423E+02
6.600000000E+06 8.301923111E+02 1.991446690E+02 5.266909453E+02 2.397994712E+02 1.104193866E+02
6.800000000E+06 8.059479631E+02 1.931926718E+02 5.097556538E+02 2.322439496E+02 1.067598868E+02
7.000000000E+06 7.832184212E+02 1.876248674E+02 4.939645437E+02 2.251951562E+02 1.033533500E+02
7.200000000E+06 7.618625612E+02 1.824043967E+02 4.792047422E+02 2.186035219E+02 1.001744851E+02
7.400000000E+06 7.417563510E+02 1.774990035E+02 4.653777192E+02 2.124256598E+02 9.720121212E+01
7.600000000E+06 7.227903064E+02 1.728802277E+02 4.523967195E+02 2.066234449E+02 9.441417600E+01
7.800000000E+06 7.048674730E+02 1.685230205E+02 4.401855993E+02 2.011632506E+02 9.179634577E+01
8.000000000E+06 6.879016536E+02 1.644051559E+02 4.286769495E+02 1.960153131E+02 8.933268084E+01
8.200000000E+06 6.718159680E+02 1.605068696E+02 4.178109720E+02 1.911531991E+02 8.700985266E+01
8.400000000E+06 6.565416232E+02 1.568105259E+02 4.075344362E+02 1.865533583E+02 8.481601113E+01
8.600000000E+06 6.420168819E+02 1.533003494E+02 3.977998449E+02 1.821947449E+02 8.274058784E+01
8.800000000E+06 6.281861706E+02 1.499621556E+02 3.885645825E+02 1.780584971E+02 8.077412939E+01
9.000000000E+06 6.149993377E+02 1.467831970E+02 3.797904503E+02 1.741276632E+02 7.890815589E+01
9.200000000E+06 6.024110019E+02 1.437519609E+02 3.714430281E+02 1.703869684E+02 7.713504012E+01
9.400000000E+06 5.903799966E+02 1.408580285E+02 3.634912383E+02 1.668226143E+02 7.544790416E+01
9.600000000E+06 5.788688913E+02 1.380919490E+02 3.559069553E+02 1.634221057E+02 7.384053043E+01
9.800000000E+06 5.678435755E+02 1.354451286E+02 3.486646629E+02 1.601741018E+02 7.230728503E+01
1.000000000E+07 5.572728971E+02 1.329097378E+02 3.417411669E+02 1.570682864E+02 7.084305143E+01
1.020000000E+07 5.471283464E+02 1.304786211E+02 3.351153149E+02 1.540952558E+02 6.944317288E+01
1.040000000E+07 5.373837819E+02 1.281452353E+02 3.287678091E+02 1.512464206E+02 6.810340227E+01
1.060000000E+07 5.280151870E+02 1.259035793E+02 3.226809884E+02 1.485139195E+02 6.681985838E+01
1.080000000E+07 5.190004584E+02 1.237481406E+02 3.168386644E+02 1.458905444E+02 6.558898757E+01
1.100000000E+07 5.103192165E+02 1.216738457E+02 3.112259693E+02 1.433696742E+02 6.440753008E+01
1.120000000E+07 5.019526416E+02 1.196760176E+02 3.058292262E+02 1.409452162E+02 6.327249050E+01
1.140000000E+07 4.938833248E+02 1.177503377E+02 3.006358313E+02 1.386115547E+02 6.218111156E+01
1.160000000E+07 4.860951385E+02 1.158928118E+02 2.956341522E+02 1.363635055E+02 6.113085111E+01
1.180000000E+07 4.785731193E+02 1.140997389E+02 2.908134313E+02 1.341962747E+02 6.011936151E+01
1.200000000E+07 4.713033644E+02 1.123676869E+02 2.861637120E+02 1.321054236E+02 5.914447153E+01
1.220000000E+07 4.642729382E+02 1.106934665E+02 2.816757611E+02 1.300868354E+02 5.820417010E+01
1.240000000E+07 4.574697893E+02 1.090741111E+02 2.773410051E+02 1.281366874E+02 5.729659182E+01
1.260000000E+07 4.508826758E+02 1.075068570E+02 2.731514726E+02 1.262514248E+02 5.642000409E+01
1.280000000E+07 4.445010972E+02 1.059891262E+02 2.690997417E+02 1.244277374E+02 5.557279543E+01
1.300000000E+07 4.383152346E+02 1.045185113E+02 2.651788939E+02 1.226625395E+02 5.475346516E+01
1.320000000E+07 4.323158952E+02 1.030927612E+02 2.613824716E+02 1.209529505E+02 5.396061402E+01
1.340000000E+07 4.264944634E+02 1.017097690E+02 2.577044410E+02 1.192962787E+02 5.319293572E+01
1.360000000E+07 4.208428549E+02 1.003675595E+02 2.541391561E+02 1.176900054E+02 5.244920938E+01
1.380000000E+07 4.153534767E+02 9.906428016E+01 2.506813298E+02 1.161317717E+02 5.172829265E+01
1.400000000E+07 4.100191901E+02 9.779819096E+01 2.473260050E+02 1.146193658E+02 5.102911546E+01
1.420000000E+07 4.048332763E+02 9.656765608E+01 2.440685286E+02 1.131507116E+02 5.035067443E+01
1.440000000E+07 3.997894060E+02 9.537113618E+01 2.409045293E+02 1.117238585E+02 4.969202771E+01
1.460000000E+07 3.948816115E+02 9.420718122E+01 2.378298961E+02 1.103369719E+02 4.905229032E+01
1.480000000E+07 3.901042609E+02 9.307442413E+01 2.348407591E+02 1.089883250E+02 4.843062995E+01
1.500000000E+07 3.854520341E+02 9.197157481E+01 2.319334718E+02 1.076762904E+02 4.782626305E+01
1.520000000E+07 3.809199020E+02 9.089741478E+01 2.291045955E+02 1.063993334E+02 4.723845132E+01
1.540000000E+07 3.765031064E+02 8.985079221E+01 2.263508845E+02 1.051560055E+02 4.666649846E+01
1.560000000E+07 3.721971419E+02 8.883061766E+01 2.236692735E+02 1.039449382E+02 4.610974724E+01
1.580000000E+07 3.679977385E+02 8.783585908E+01 2.210568624E+02 1.027648374E+02 4.556757675E+01
1.600000000E+07 3.639008474E+02 8.686553877E+01 2.185109081E+02 1.016144789E+02 4.503939998E+01
1.620000000E+07 3.599026258E+02 8.591872962E+01 2.160288129E+02 1.004927030E+02 4.452466144E+01
1.640000000E+07 3.559994242E+02 8.499455176E+01 2.136081150E+02 9.939841100E+01 4.402283512E+01
1.660000000E+07 3.521877743E+02 8.409216968E+01 2.112464796E+02 9.833056058E+01 4.353342253E+01
1.680000000E+07 3.484643778E+02 8.321078930E+01 2.089416909E+02 9.728816263E+01 4.305595094E+01
1.700000000E+07 3.448260958E+02 8.234965552E+01 2.066916445E+02 9.627027769E+01 4.258997169E+01
1.720000000E+07 3.412699391E+02 8.150804973E+01 2.044943401E+02 9.527601286E+01 4.213505866E+01
1.740000000E+07 3.377930597E+02 8.068528767E+01 2.023478758E+02 9.430451895E+01 4.169080694E+01
1.760000000E+07 3.343927423E+02 7.988071739E+01 2.002504414E+02 9.335498783E+01 4.125683143E+01
1.780000000E+07 3.310663962E+02 7.909371728E+01 1.982003131E+02 9.242664992E+01 4.083276567E+01
1.800000000E+07 3.278115489E+02 7.832369437E+01 1.961958486E+02 9.151877192E+01 4.041826073E+01
1.820000000E+07 3.246258387E+02 7.757008270E+01 1.942354824E+02 9.063065467E+01 4.001298417E+01
1.840000000E+07 3.215070085E+02 7.683234156E+01 1.923177201E+02 8.976163117E+01 3.961661902E+01
1.860000000E+07 3.184529005E+02 7.610995435E+01 1.904411361E+02 8.891106470E+01 3.922886295E+01
1.880000000E+07 3.154614506E+02 7.540242715E+01 1.886043686E+02 8.807834721E+01 3.884942738E+01
1.900000000E+07 3.125306828E+02 7.470928741E+01 1.868061162E+02 8.726289756E+01 3.847803672E+01
1.920000000E+07 3.096587051E+02 7.403008289E+01 1.850451348E+02 8.646416014E+01 3.811442764E+01
1.940000000E+07 3.068437050E+02 7.336438047E+01 1.833202343E+02 8.568160345E+01 3.775834841E+01
1.960000000E+07 3.040839447E+02 7.271176522E+01 1.816302756E+02 8.491471872E+01 3.740955821E+01
1.980000000E+07 3.013777581E+02 7.207183939E+01 1.799741681E+02 8.416301884E+01 3.706782660E+01
2.000000000E+07 2.987235463E+02 7.144422151E+01 1.783508668E+02 8.342603703E+01 3.673293290E+01
2.020000000E+07 2.961197749E+02 7.082854563E+01 1.767593701E+02 8.270332593E+01 3.640466575E+01
2.040000000E+07 2.935649705E+02 7.022446046E+01 1.751987176E+02 8.199445651E+01 3.608282255E+01
2.060000000E+07 2.910577171E+02 6.963162863E+01 1.736679878E+02 8.129901713E+01 3.576720904E+01
2.080000000E+07 2.885966543E+02 6.904972604E+01 1.721662965E+02 8.061661271E+01 3.545763888E+01
2.100000000E+07 2.861804738E+02 6.847844120E+01 1.706927945E+02 7.994686382E+01 3.515393320E+01
2.120000000E+07 2.838079174E+02 6.791747458E+01 1.692466660E+02 7.928940599E+01 3.485592028E+01
2.140000000E+07 2.814777739E+02 6.736653805E+01 1.678271269E+02 7.864388888E+01 3.456343517E+01
2.160000000E+07 2.791888779E+02 6.682535433E+01 1.664334234E+02 7.800997566E+01 3.427631935E+01
2.180000000E+07 2.769401068E+02 6.629365653E+01 1.650648307E+02 7.738734236E+01 3.399442044E+01
2.200000000E+07 2.747303792E+02 6.577118759E+01 1.637206510E+02 7.677567720E+01 3.371759185E+01
2.220000000E+07 2.725586528E+02 6.525769985E+01 1.624002129E+02 7.617468005E+01 3.344569257E+01
2.240000000E+07 2.704239229E+02 6.475295464E+01 1.611028697E+02 7.558406191E+01 3.317858687E+01
2.260000000E+07 2.683252206E+02 6.425672185E+01 1.598279986E+02 7.500354431E+01 3.291614405E+01
2.280000000E+07 2.662616112E+02 6.376877955E+01 1.585749992E+02 7.443285895E+01 3.265823822E+01
2.300000000E+07 2.642321922E+02 6.328891362E+01 1.573432931E+02 7.387174710E+01 3.240474808E+01
2.320000000E+07 2.622360929E+02 6.281691739E+01 1.561323220E+02 7.331995926E+01 3.215555667E+01
2.340000000E+07 2.602724723E+02 6.235259138E+01 1.549415477E+02 7.277725476E+01 3.191055126E+01
2.360000000E+07 2.583405178E+02 6.189574290E+01 1.537704507E+02 7.224340130E+01 3.166962306E+01
2.380000000E+07 2.564394443E+02 6.144618580E+01 1.526185295E+02 7.171817459E+01 3.143266712E+01
2.400000000E+07 2.545684930E+02 6.100374021E+01 1.514852999E+02 7.120135810E+01 3.119958213E+01
2.420000000E+07 2.527269301E+02 6.056823224E+01 1.503702942E+02 7.069274259E+01 3.097027026E+01
2.440000000E+07 2.509140458E+02 6.013949375E+01 1.492730603E+02 7.019212589E+01 3.074463703E+01
2.460000000E+07 2.491291537E+02 5.971736210E+01 1.481931614E+02 6.969931258E+01 3.052259113E+01
2.480000000E+07 2.473715891E+02 5.930167994E+01 1.471301751E+02 6.921411370E+01 3.030404433E+01
2.500000000E+07 2.456407089E+02 5.889229496E+01 1.460836929E+02 6.873634647E+01 3.008891132E+01
2.520000000E+07 2.439358902E+02 5.848905972E+01 1.450533196E+02 6.826583405E+01 2.987710961E+01
2.540000000E+07 2.422565297E+02 5.809183146E+01 1.440386728E+02 6.780240532E+01 2.966855937E+01
2.560000000E+07 2.406020431E+02 5.770047188E+01 1.430393822E+02 6.734589460E+01 2.946318340E+01
2.580000000E+07 2.389718639E+02 5.731484699E+01 1.420550895E+02 6.689614146E+01 2.926090693E+01
2.600000000E+07 2.373654432E+02 5.693482692E+01 1.410854475E+02 6.645299052E+01 2.906165759E+01
2.620000000E+07 2.357822486E+02 5.656028580E+01 1.401301198E+02 6.601629124E+01 2.886536530E+01
2.640000000E+07 2.342217640E+02 5.619110157E+01 1.391887807E+02 6.558589771E+01 2.867196216E+01
2.660000000E+07 2.326834885E+02 5.582715582E+01 1.382611141E+02 6.516166849E+01 2.848138237E+01
2.680000000E+07 2.311669364E+02 5.546833372E+01 1.373468139E+02 6.474346646E+01 2.829356216E+01
2.700000000E+07 2.296716359E+02 5.511452380E+01 1.364455831E+02 6.433115862E+01 2.810843972E+01
2.720000000E+07 2.281971293E+02 5.476561789E+01 1.355571335E+02 6.392461591E+01 2.792595509E+01
2.740000000E+07 2.267429721E+02 5.442151098E+01 1.346811856E+02 6.352371317E+01 2.774605013E+01
2.760000000E+07 2.253087328E+02 5.408210109E+01 1.338174682E+02 6.312832886E+01 2.756866840E+01
2.780000000E+07 2.238939918E+02 5.374728916E+01 1.329657179E+02 6.273834502E+01 2.739375517E+01
2.800000000E+07 2.224983417E+02 5.341697898E+01 1.321256791E+02 6.235364708E+01 2.722125728E+01
2.820000000E+07 2.211213866E+02 5.309107701E+01 1.312971033E+02 6.197412378E+01 2.705112313E+01
2.840000000E+07 2.197627416E+02 5.276949240E+01 1.304797495E+02 6.159966705E+01 2.688330263E+01
2.860000000E+07 2.184220323E+02 5.245213679E+01 1.296733832E+02 6.123017184E+01 2.671774708E+01
2.880000000E+07 2.170988951E+02 5.213892430E+01 1.288777768E+02 6.086553608E+01 2.655440921E+01
2.900000000E+07 2.157929756E+02 5.182977133E+01 1.280927088E+02 6.050566054E+01 2.639324306E+01
2.920000000E+07 2.145039298E+02 5.152459667E+01 1.273179641E+02 6.015044872E+01 2.623420396E+01
2.940000000E+07 2.132314224E+02 5.122332120E+01 1.265533332E+02 5.979980678E+01 2.607724847E+01
2.960000000E+07 2.119751274E+02 5.092586800E+01 1.257986127E+02 5.945364345E+01 2.592233439E+01
2.980000000E+07 2.107347274E+02 5.063216219E+01 1.250536046E+02 5.911186994E+01 2.576942064E+01
3.000000000E+07 2.095099131E+02 5.034213081E+01 1.243181161E+02 5.877439979E+01 2.561846726E+01
3.020000000E+07 2.083003837E+02 5.005570293E+01 1.235919597E+02 5.844114891E+01 2.546943538E+01
3.040000000E+07 2.071058460E+02 4.977280935E+01 1.228749528E+02 5.811203540E+01 2.532228717E+01
3.060000000E+07 2.059260145E+02 4.949338276E+01 1.221669178E+02 5.778697952E+01 2.517698580E+01
3.080000000E+07 2.047606108E+02 4.921735756E+01 1.214676816E+02 5.746590366E+01 2.503349543E+01
3.100000000E+07 2.036093640E+02 4.894466978E+01 1.207770756E+02 5.714873213E+01 2.489178114E+01
3.120000000E+07 2.024720098E+02 4.867525717E+01 1.200949356E+02 5.683539129E+01 2.475180895E+01
3.140000000E+07 2.013482904E+02 4.840905893E+01 1.194211017E+02 5.652580931E+01 2.461354571E+01
3.160000000E+07 2.002379547E+02 4.814601587E+01 1.187554180E+02 5.621991619E+01 2.447695917E+01
3.180000000E+07 1.991407577E+02 4.788607025E+01 1.180977324E+02 5.591764374E+01 2.434201787E+01
3.200000000E+07 1.980564607E+02 4.762916578E+01 1.174478969E+02 5.561892548E+01 2.420869119E+01
3.220000000E+07 1.969848305E+02 4.737524750E+01 1.168057672E+02 5.532369653E+01 2.407694924E+01
3.240000000E+07 1.959256397E+02 4.712426185E+01 1.161712022E+02 5.503189365E+01 2.394676289E+01
3.260000000E+07 1.948786665E+02 4.687615652E+01 1.155440648E+02 5.474345515E+01 2.381810374E+01
3.280000000E+07 1.938436944E+02 4.663088053E+01 1.149242209E+02 5.445832088E+01 2.369094410E+01
3.300000000E+07 1.928205118E+02 4.638838402E+01 1.143115397E+02 5.417643206E+01 2.356525692E+01
3.320000000E+07 1.918089126E+02 4.614861840E+01 1.137058938E+02 5.389773141E+01 2.344101587E+01
3.340000000E+07 1.908086953E+02 4.591153619E+01 1.131071587E+02 5.362216299E+01 2.331819520E+01
3.360000000E+07 1.898196630E+02 4.567709104E+01 1.125152128E+02 5.334967219E+01 2.319676982E+01
3.380000000E+07 1.888416237E+02 4.544523768E+01 1.119299374E+02 5.308020570E+01 2.307671523E+01
3.400000000E+07 1.878743894E+02 4.521593188E+01 1.113512168E+02 5.281371142E+01 2.295800748E+01
3.420000000E+07 1.869177772E+02 4.498913047E+01 1.107789380E+02 5.255013857E+01 2.284062324E+01
3.440000000E+07 1.859716073E+02 4.476479118E+01 1.102129902E+02 5.228943740E+01 2.272453968E+01
3.460000000E+07 1.850357051E+02 4.454287284E+01 1.096532657E+02 5.203155945E+01 2.260973453E+01
3.480000000E+07 1.841098990E+02 4.432333506E+01 1.090996591E+02 5.177645726E+01 2.249618603E+01
3.500000000E+07 1.831940219E+02 4.410613846E+01 1.085520672E+02 5.152408451E+01 2.238387291E+01
3.520000000E+07 1.822879103E+02 4.389124454E+01 1.080103894E+02 5.127439594E+01 2.227277440E+01
3.540000000E+07 1.813914041E+02 4.367861559E+01 1.074745274E+02 5.102734724E+01 2.216287021E+01
3.560000000E+07 1.805043469E+02 4.346821479E+01 1.069443848E+02 5.078289515E+01 2.205414047E+01
3.580000000E+07 1.796265857E+02 4.326000612E+01 1.064198678E+02 5.054099735E+01 2.194656580E+01
3.600000000E+07 1.787579709E+02 4.305395434E+01 1.059008842E+02 5.030161248E+01 2.184012725E+01
3.620000000E+07 1.778983561E+02 4.285002497E+01 1.053873443E+02 5.006470005E+01 2.173480625E+01
3.640000000E+07 1.770475980E+02 4.264818428E+01 1.048791600E+02 4.983022045E+01 2.163058468E+01
3.660000000E+07 1.762055565E+02 4.244839928E+01 1.043762453E+02 4.959813500E+01 2.152744482E+01
3.680000000E+07 1.753720943E+02 4.225063765E+01 1.038785160E+02 4.936840577E+01 2.142536929E+01
3.700000000E+07 1.745470773E+02 4.205486779E+01 1.033858898E+02 4.914099567E+01 2.132434114E+01
3.720000000E+07 1.737303739E+02 4.186105875E+01 1.028982861E+02 4.891586844E+01 2.122434376E+01
3.740000000E+07 1.729218557E+02 4.166918025E+01 1.024156260E+02 4.869298856E+01 2.112536091E+01
3.760000000E+07 1.721213964E+02 4.147920261E+01 1.019378324E+02 4.847232124E+01 2.102737667E+01
3.780000000E+07 1.713288727E+02 4.129109677E+01 1.014648297E+02 4.825383245E+01 2.093037549E+01
3.800000000E+07 1.705441639E+02 4.110483432E+01 1.009965438E+02 4.803748885E+01 2.083434212E+01
3.820000000E+07 1.697671514E+02 4.092038736E+01 1.005329024E+02 4.782325779E+01 2.073926164E+01
3.840000000E+07 1.689977196E+02 4.073772862E+01 1.000738345E+02 4.761110734E+01 2.064511946E+01
3.860000000E+07 1.682357547E+02 4.055683137E+01 9.961927069E+01 4.740100617E+01 2.055190128E+01
3.880000000E+07 1.674811454E+02 4.037766938E+01 9.916914284E+01 4.719292359E+01 2.045959306E+01
3.900000000E+07 1.667337826E+02 4.020021699E+01 9.872338433E+01 4.698682958E+01 2.036818111E+01
3.920000000E+07 1.659935597E+02 4.002444906E+01 9.828192986E+01 4.678269467E+01 2.027765198E+01
3.940000000E+07 1.652603717E+02 3.985034091E+01 9.784471542E+01 4.658049002E+01 2.018799249E+01
3.960000000E+07 1.645341160E+02 3.967786838E+01 9.741167832E+01 4.638018735E+01 2.009918975E+01
3.980000000E+07 1.638146919E+02 3.950700775E+01 9.698275707E+01 4.618175892E+01 2.001123110E+01
4.000000000E+07 1.631020009E+02 3.933773585E+01 9.655789154E+01 4.598517763E+01 1.992410417E+01
4.020000000E+07 1.623959460E+02 3.917002984E+01 9.613702259E+01 4.579041678E+01 1.983779680E+01
4.040000000E+07 1.616964324E+02 3.900386741E+01 9.572009237E+01 4.559745028E+01 1.975229709E+01
4.060000000E+07 1.610033670E+02 3.883922665E+01 9.530704414E+01 4.540625253E+01 1.966759338E+01
4.080000000E+07 1.603166587E+02 3.867608609E+01 9.489782226E+01 4.521679841E+01 1.958367420E+01
4.100000000E+07 1.596362177E+02 3.851442462E+01 9.449237215E+01 4.502906329E+01 1.950052834E+01
4.120000000E+07 1.589619563E+02 3.835422159E+01 9.409064032E+01 4.484302303E+01 1.941814481E+01
4.140000000E+07 1.582937884E+02 3.819545671E+01 9.369257425E+01 4.465865391E+01 1.933651281E+01
4.160000000E+07 1.576316295E+02 3.803811008E+01 9.329812248E+01 4.447593272E+01 1.925562175E+01
4.180000000E+07 1.569753963E+02 3.788216216E+01 9.290723447E+01 4.429483661E+01 1.917546125E+01
4.200000000E+07 1.563250076E+02 3.772759377E+01 9.251986065E+01 4.411534321E+01 1.909602111E+01
4.220000000E+07 1.556803835E+02 3.757438611E+01 9.213595243E+01 4.393743059E+01 1.901729137E+01
4.240000000E+07 1.550414455E+02 3.742252073E+01 9.175546206E+01 4.376107715E+01 1.893926219E+01
4.260000000E+07 1.544081166E+02 3.727197950E+01 9.137834275E+01 4.358626177E+01 1.886192396E+01
4.280000000E+07 1.537803212E+02 3.712274459E+01 9.100454849E+01 4.341296365E+01 1.878526724E+01
4.300000000E+07 1.531579851E+02 3.697479856E+01 9.063403417E+01 4.324116243E+01 1.870928275E+01
4.320000000E+07 1.525410353E+02 3.682812423E+01 9.026675550E+01 4.307083808E+01 1.863396139E+01
4.340000000E+07 1.519294004E+02 3.668270476E+01 8.990266899E+01 4.290197094E+01 1.855929423E+01
4.360000000E+07 1.513230099E+02 3.653852360E+01 8.954173196E+01 4.273454172E+01 1.848527251E+01
4.380000000E+07 1.507217950E+02 3.639556451E+01 8.918390247E+01 4.256853146E+01 1.841188760E+01
4.400000000E+07 1.501256876E+02 3.625381150E+01 8.882913933E+01 4.240392155E+01 1.833913106E+01
4.420000000E+07 1.495346214E+02 3.611324892E+01 8.847740216E+01 4.224069372E+01 1.826699458E+01
4.440000000E+07 1.489485307E+02 3.597386133E+01 8.812865120E+01 4.207882999E+01 1.819546999E+01
4.460000000E+07 1.483673514E+02 3.583563363E+01 8.778284747E+01 4.191831273E+01 1.812454931E+01
4.480000000E+07 1.477910202E+02 3.569855093E+01 8.743995264E+01 4.175912461E+01 1.805422466E+01
4.500000000E+07 1.472194750E+02 3.556259858E+01 8.709992903E+01 4.160124857E+01 1.798448830E+01
4.520000000E+07 1.466526548E+02 3.542776227E+01 8.676273967E+01 4.144466790E+01 1.791533264E+01
4.540000000E+07 1.460904997E+02 3.529402784E+01 8.642834821E+01 4.128936614E+01 1.784675022E+01
4.560000000E+07 1.455329507E+02 3.516138144E+01 8.609671892E+01 4.113532713E+01 1.777873371E+01
4.580000000E+07 1.449799499E+02 3.502980941E+01 8.576781673E+01 4.098253500E+01 1.771127590E+01
4.600000000E+07 1.444314404E+02 3.489929837E+01 8.544160712E+01 4.083097410E+01 1.764436972E+01
4.620000000E+07 1.438873661E+02 3.476983513E+01 8.511805620E+01 4.068062912E+01 1.757800820E+01
4.640000000E+07 1.433476720E+02 3.464140670E+01 8.479713059E+01 4.053148493E+01 1.751218451E+01
4.660000000E+07 1.428123040E+02 3.451400036E+01 8.447879753E+01 4.038352671E+01 1.744689191E+01
4.680000000E+07 1.422812088E+02 3.438760355E+01 8.416302481E+01 4.023673985E+01 1.738212379E+01
4.700000000E+07 1.417543341E+02 3.426220400E+01 8.384978079E+01 4.009111004E+01 1.731787367E+01
4.720000000E+07 1.412316285E+02 3.413778954E+01 8.353903429E+01 3.994662316E+01 1.725413515E+01
4.740000000E+07 1.407130412E+02 3.401434825E+01 8.323075463E+01 3.980326530E+01 1.719090193E+01
4.760000000E+07 1.401985226E+02 3.389186844E+01 8.292491180E+01 3.966102287E+01 1.712816785E+01
4.780000000E+07 1.396880234E+02 3.377033852E+01 8.262147608E+01 3.951988239E+01 1.706592683E+01
4.800000000E+07 1.391814957E+02 3.364974718E+01 8.232041835E+01 3.937983069E+01 1.700417288E+01
4.820000000E+07 1.386788920E+02 3.353008324E+01 8.202170997E+01 3.924085477E+01 1.694290014E+01
4.840000000E+07 1.381801656E+02 3.341133572E+01 8.172532273E+01 3.910294185E+01 1.688210281E+01
4.860000000E+07 1.376852707E+02 3.329349380E+01 8.143122889E+01 3.896607936E+01 1.682177521E+01
4.880000000E+07 1.371941619E+02 3.317654684E+01 8.113940116E+01 3.883025492E+01 1.676191174E+01
4.900000000E+07 1.367067949E+02 3.306048438E+01 8.084981268E+01 3.869545635E+01 1.670250689E+01
4.920000000E+07 1.362231260E+02 3.294529611E+01 8.056243703E+01 3.856167169E+01 1.664355525E+01
4.940000000E+07 1.357431121E+02 3.283097189E+01 8.027724821E+01 3.842888912E+01 1.658505148E+01
4.960000000E+07 1.352667107E+02 3.271750173E+01 7.999422062E+01 3.829709705E+01 1.652699034E+01
4.980000000E+07 1.347938803E+02 3.260487583E+01 7.971332911E+01 3.816628406E+01 1.646936666E+01
5.000000000E+07 1.343245795E+02 3.249308445E+01 7.943454880E+01 3.803643887E+01 1.641217535E+01
5.020000000E+07 1.338587681E+02 3.238211814E+01 7.915785538E+01 3.790755045E+01 1.635541143E+01
5.040000000E+07 1.333964063E+02 3.227196749E+01 7.888322482E+01 3.777960789E+01 1.629906996E+01
5.060000000E+07 1.329374547E+02 3.216262324E+01 7.861063339E+01 3.765260044E+01 1.624314609E+01
5.080000000E+07 1.324818750E+02 3.205407636E+01 7.834005791E+01 3.752651755E+01 1.618763505E+01
5.100000000E+07 1.320296289E+02 3.194631782E+01 7.807147538E+01 3.740134880E+01 1.613253214E+01
5.120000000E+07 1.315806791E+02 3.183933886E+01 7.780486327E+01 3.727708396E+01 1.607783274E+01
5.140000000E+07 1.311349887E+02 3.173313079E+01 7.754019938E+01 3.715371295E+01 1.602353230E+01
5.160000000E+07 1.306925214E+02 3.162768503E+01 7.727746177E+01 3.703122580E+01 1.596962632E+01
5.180000000E+07 1.302532415E+02 3.152299316E+01 7.701662889E+01 3.690961273E+01 1.591611039E+01
5.200000000E+07 1.298171136E+02 3.141904687E+01 7.675767951E+01 3.678886410E+01 1.586298015E+01
5.220000000E+07 1.293841032E+02 3.131583802E+01 7.650059276E+01 3.666897044E+01 1.581023133E+01
5.240000000E+07 1.289541760E+02 3.121335853E+01 7.624534802E+01 3.654992237E+01 1.575785970E+01
5.260000000E+07 1.285272983E+02 3.111160046E+01 7.599192498E+01 3.643171066E+01 1.570586110E+01
5.280000000E+07 1.281034369E+02 3.101055600E+01 7.574030368E+01 3.631432625E+01 1.565423143E+01
5.300000000E+07 1.276825592E+02 3.091021745E+01 7.549046442E+01 3.619776019E+01 1.560296668E+01
5.320000000E+07 1.272646328E+02 3.081057718E+01 7.524238778E+01 3.608200365E+01 1.555206285E+01
5.340000000E+07 1.268496262E+02 3.071162776E+01 7.499605468E+01 3.596704796E+01 1.550151603E+01
5.360000000E+07 1.264375078E+02 3.061336177E+01 7.475144625E+01 3.585288454E+01 1.545132237E+01
5.380000000E+07 1.260282470E+02 3.051577197E+01 7.450854393E+01 3.573950496E+01 1.540147805E+01
5.400000000E+07 1.256218132E+02 3.041885118E+01 7.426732946E+01 3.562690091E+01 1.535197933E+01
5.420000000E+07 1.252181767E+02 3.032259235E+01 7.402778479E+01 3.551506418E+01 1.530282253E+01
5.440000000E+07 1.248173078E+02 3.022698852E+01 7.378989216E+01 3.540398671E+01 1.525400400E+01
5.460000000E+07 1.244191773E+02 3.013203282E+01 7.355363405E+01 3.529366051E+01 1.520552014E+01
5.480000000E+07 1.240237566E+02 3.003771848E+01 7.331899319E+01 3.518407775E+01 1.515736743E+01
5.500000000E+07 1.236310175E+02 2.994403886E+01 7.308595260E+01 3.507523069E+01 1.510954239E+01
5.520000000E+07 1.232409319E+02 2.985098734E+01 7.285449545E+01 3.496711167E+01 1.506204157E+01
5.540000000E+07 1.228534725E+02 2.975855748E+01 7.262460527E+01 3.485971321E+01 1.501486159E+01
5.560000000E+07 1.224686120E+02 2.966674285E+01 7.239626570E+01 3.475302785E+01 1.496799910E+01
5.580000000E+07 1.220863237E+02 2.957553718E+01 7.216946071E+01 3.464704831E+01 1.492145083E+01
5.600000000E+07 1.217065813E+02 2.948493422E+01 7.194417441E+01 3.454176736E+01 1.487521352E+01
5.620000000E+07 1.213293587E+02 2.939492786E+01 7.172039120E+01 3.443717789E+01 1.482928396E+01
5.640000000E+07 1.209546304E+02 2.930551205E+01 7.149809566E+01 3.433327288E+01 1.478365901E+01
5.660000000E+07 1.205823709E+02 2.921668082E+01 7.127727260E+01 3.423004541E+01 1.473833556E+01
5.680000000E+07 1.202125553E+02 2.912842828E+01 7.105790699E+01 3.412748865E+01 1.469331052E+01
5.700000000E+07 1.198451591E+02 2.904074865E+01 7.083998412E+01 3.402559590E+01 1.464858088E+01
5.720000000E+07 1.194801579E+02 2.895363619E+01 7.062348934E+01 3.392436048E+01 1.460414365E+01
5.740000000E+07 1.191175278E+02 2.886708525E+01 7.040840832E+01 3.382377587E+01 1.455999588E+01
5.760000000E+07 1.187572452E+02 2.878109028E+01 7.019472686E+01 3.372383560E+01 1.451613468E+01
5.780000000E+07 1.183992867E+02 2.869564576E+01 6.998243095E+01 3.362453329E+01 1.447255717E+01
5.800000000E+07 1.180436294E+02 2.861074627E+01 6.977150679E+01 3.352586264E+01 1.442926052E+01
5.820000000E+07 1.176902505E+02 2.852638646E+01 6.956194076E+01 3.342781746E+01 1.438624195E+01
5.840000000E+07 1.173391277E+02 2.844256106E+01 6.935371944E+01 3.333039163E+01 1.434349872E+01
5.860000000E+07 1.169902390E+02 2.835926486E+01 6.914682958E+01 3.323357911E+01 1.430102810E+01
5.880000000E+07 1.166435624E+02 2.827649270E+01 6.894125805E+01 3.313737392E+01 1.425882742E+01
5.900000000E+07 1.162990764E+02 2.819423952E+01 6.873699197E+01 3.304177019E+01 1.421689402E+01
5.920000000E+07 1.159567599E+02 2.811250031E+01 6.853401862E+01 3.294676212E+01 1.417522532E+01
5.940000000E+07 1.156165919E+02 2.803127013E+01 6.833232544E+01 3.285234397E+01 1.413381873E+01
5.960000000E+07 1.152785516E+02 2.795054409E+01 6.813189996E+01 3.275851007E+01 1.409267170E+01
5.980000000E+07 1.149426187E+02 2.787031740E+01 6.793273000E+01 3.266525486E+01 1.405178175E+01
6.000000000E+07 1.146087730E+02 2.779058528E+01 6.773480346E+01 3.257257283E+01 1.401114639E+01
6.020000000E+07 1.142769947E+02 2.771134305E+01 6.753810842E+01 3.248045853E+01 1.397076319E+01
6.040000000E+07 1.139472641E+02 2.763258608E+01 6.734263310E+01 3.238890660E+01 1.393062972E+01
6.060000000E+07 1.136195618E+02 2.755430979E+01 6.714836588E+01 3.229791172E+01 1.389074362E+01
6.080000000E+07 1.132938686E+02 2.747650967E+01 6.695529527E+01 3.220746868E+01 1.385110254E+01
6.100000000E+07 1.129701657E+02 2.739918127E+01 6.676341001E+01 3.211757231E+01 1.381170416E+01
6.120000000E+07 1.126484345E+02 2.732232017E+01 6.657269886E+01 3.202821750E+01 1.377254618E+01
6.140000000E+07 1.123286564E+02 2.724592203E+01 6.638315078E+01 3.193939920E+01 1.373362636E+01
6.160000000E+07 1.120108134E+02 2.716998258E+01 6.619475493E+01 3.185111247E+01 1.369494246E+01
6.180000000E+07 1.116948875E+02 2.709449757E+01 6.600750053E+01 3.176335239E+01 1.365649228E+01
6.200000000E+07 1.113808609E+02 2.701946280E+01 6.582137693E+01 3.167611410E+01 1.361827364E+01
6.220000000E+07 1.110687161E+02 2.694487416E+01 6.563637366E+01 3.158939281E+01 1.358028440E+01
6.240000000E+07 1.107584359E+02 2.687072756E+01 6.545248036E+01 3.150318381E+01 1.354252244E+01
6.260000000E+07 1.104500030E+02 2.679701896E+01 6.526968679E+01 3.141748239E+01 1.350498566E+01
6.280000000E+07 1.101434007E+02 2.672374439E+01 6.508798287E+01 3.133228398E+01 1.346767200E+01
6.300000000E+07 1.098386124E+02 2.665089994E+01 6.490735863E+01 3.124758402E+01 1.343057942E+01
6.320000000E+07 1.095356215E+02 2.657848168E+01 6.472780417E+01 3.116337797E+01 1.339370590E+01
6.340000000E+07 1.092344118E+02 2.650648579E+01 6.454930981E+01 3.107966143E+01 1.335704944E+01
6.360000000E+07 1.089349672E+02 2.643490850E+01 6.437186591E+01 3.099642998E+01 1.332060808E+01
6.380000000E+07 1.086372719E+02 2.636374605E+01 6.419546298E+01 3.091367929E+01 1.328437988E+01
6.400000000E+07 1.083413103E+02 2.629299475E+01 6.402009165E+01 3.083140508E+01 1.324836291E+01
6.420000000E+07 1.080470667E+02 2.622265093E+01 6.384574264E+01 3.074960311E+01 1.321255529E+01
6.440000000E+07 1.077545260E+02 2.615271098E+01 6.367240680E+01 3.066826920E+01 1.317695514E+01
6.460000000E+07 1.074636730E+02 2.608317135E+01 6.350007511E+01 3.058739922E+01 1.314156060E+01
6.480000000E+07 1.071744928E+02 2.601402851E+01 6.332873862E+01 3.050698908E+01 1.310636985E+01
6.500000000E+07 1.068869705E+02 2.594527896E+01 6.315838848E+01 3.042703474E+01 1.307138109E+01
6.520000000E+07 1.066010918E+02 2.587691928E+01 6.298901602E+01 3.034753223E+01 1.303659253E+01
6.540000000E+07 1.063168421E+02 2.580894605E+01 6.282061257E+01 3.026847760E+01 1.300200240E+01
6.560000000E+07 1.060342071E+02 2.574135593E+01 6.265316966E+01 3.018986695E+01 1.296760896E+01
6.580000000E+07 1.057531730E+02 2.567414558E+01 6.248667885E+01 3.011169644E+01 1.293341050E+01
6.600000000E+07 1.054737257E+02 2.560731174E+01 6.232113186E+01 3.003396229E+01 1.289940531E+01
6.620000000E+07 1.051958515E+02 2.554085114E+01 6.215652043E+01 2.995666071E+01 1.286559170E+01
6.640000000E+07 1.049195368E+02 2.547476059E+01 6.199283646E+01 2.987978799E+01 1.283196803E+01
6.660000000E+07 1.046447682E+02 2.540903692E+01 6.183007196E+01 2.980334048E+01 1.279853265E+01
6.680000000E+07 1.043715324E+02 2.534367698E+01 6.166821892E+01 2.972731452E+01 1.276528392E+01
6.700000000E+07 1.040998164E+02 2.527867770E+01 6.150726958E+01 2.965170655E+01 1.273222026E+01
6.720000000E+07 1.038296071E+02 2.521403600E+01 6.134721616E+01 2.957651302E+01 1.269934007E+01
6.740000000E+07 1.035608918E+02 2.514974886E+01 6.118805100E+01 2.950173042E+01 1.266664179E+01
6.760000000E+07 1.032936578E+02 2.508581329E+01 6.102976654E+01 2.942735528E+01 1.263412386E+01
6.780000000E+07 1.030278925E+02 2.502222634E+01 6.087235531E+01 2.935338421E+01 1.260178478E+01
6.800000000E+07 1.027635837E+02 2.495898508E+01 6.071580990E+01 2.927981378E+01 1.256962300E+01
6.820000000E+07 1.025007189E+02 2.489608660E+01 6.056012296E+01 2.920664065E+01 1.253763704E+01
6.840000000E+07 1.022392863E+02 2.483352808E+01 6.040528734E+01 2.913386153E+01 1.250582542E+01
6.860000000E+07 1.019792737E+02 2.477130666E+01 6.025129582E+01 2.906147313E+01 1.247418668E+01
6.880000000E+07 1.017206694E+02 2.470941957E+01 6.009814139E+01 2.898947223E+01 1.244271937E+01
6.900000000E+07 1.014634616E+02 2.464786402E+01 5.994581701E+01 2.891785562E+01 1.241142206E+01
6.920000000E+07 1.012076389E+02 2.458663732E+01 5.979431584E+01 2.884662014E+01 1.238029335E+01
6.940000000E+07 1.009531897E+02 2.452573674E+01 5.964363101E+01 2.877576266E+01 1.234933182E+01
6.960000000E+07 1.007001028E+02 2.446515960E+01 5.949375574E+01 2.870528009E+01 1.231853611E+01
6.980000000E+07 1.004483670E+02 2.440490328E+01 5.934468341E+01 2.863516936E+01 1.228790484E+01
7.000000000E+07 1.001979711E+02 2.434496515E+01 5.919640737E+01 2.856542745E+01 1.225743666E+01
7.020000000E+07 9.994890437E+01 2.428534264E+01 5.904892113E+01 2.849605138E+01 1.222713024E+01
7.040000000E+07 9.970115594E+01 2.422603320E+01 5.890221821E+01 2.842703818E+01 1.219698426E+01
7.060000000E+07 9.945471504E+01 2.416703428E+01 5.875629222E+01 2.835838492E+01 1.216699740E+01
7.080000000E+07 9.920957118E+01 2.410834340E+01 5.861113686E+01 2.829008872E+01 1.213716839E+01
7.100000000E+07 9.896571384E+01 2.404995807E+01 5.846674587E+01 2.822214670E+01 1.210749593E+01
7.120000000E+07 9.872313259E+01 2.399187585E+01 5.832311306E+01 2.815455602E+01 1.207797877E+01
7.140000000E+07 9.848181736E+01 2.393409433E+01 5.818023235E+01 2.808731390E+01 1.204861565E+01
7.160000000E+07 9.824175790E+01 2.387661109E+01 5.803809766E+01 2.802041755E+01 1.201940533E+01
7.180000000E+07 9.800294424E+01 2.381942379E+01 5.789670304E+01 2.795386425E+01 1.199034661E+01
7.200000000E+07 9.776536643E+01 2.376253008E+01 5.775604256E+01 2.788765127E+01 1.196143825E+01
7.220000000E+07 9.752901476E+01 2.370592764E+01 5.761611038E+01 2.782177594E+01 1.193267908E+01
7.240000000E+07 9.729387943E+01 2.364961418E+01 5.747690071E+01 2.775623559E+01 1.190406790E+01
7.260000000E+07 9.705995084E+01 2.359358742E+01 5.733840779E+01 2.769102759E+01 1.187560353E+01
7.280000000E+07 9.682721959E+01 2.353784513E+01 5.720062602E+01 2.762614937E+01 1.184728484E+01
7.300000000E+07 9.659567618E+01 2.348238508E+01 5.706354975E+01 2.756159833E+01 1.181911065E+01
7.320000000E+07 9.636531137E+01 2.342720508E+01 5.692717343E+01 2.749737194E+01 1.179107985E+01
7.340000000E+07 9.613611595E+01 2.337230294E+01 5.679149160E+01 2.743346767E+01 1.176319131E+01
7.360000000E+07 9.590808088E+01 2.331767654E+01 5.665649884E+01 2.736988305E+01 1.173544392E+01
7.380000000E+07 9.568119705E+01 2.326332372E+01 5.652218973E+01 2.730661561E+01 1.170783658E+01
7.400000000E+07 9.545545557E+01 2.320924238E+01 5.638855900E+01 2.724366289E+01 1.168036819E+01
7.420000000E+07 9.523084767E+01 2.315543044E+01 5.625560137E+01 2.718102249E+01 1.165303770E+01
7.440000000E+07 9.500736463E+01 2.310188584E+01 5.612331164E+01 2.711869202E+01 1.162584403E+01
7.460000000E+07 9.478499779E+01 2.304860653E+01 5.599168469E+01 2.705666913E+01 1.159878613E+01
7.480000000E+07 9.456373861E+01 2.299559051E+01 5.586071539E+01 2.699495146E+01 1.157186295E+01
7.500000000E+07 9.434357856E+01 2.294283574E+01 5.573039868E+01 2.693353670E+01 1.154507347E+01
7.520000000E+07 9.412450942E+01 2.289034027E+01 5.560072963E+01 2.687242257E+01 1.151841666E+01
7.540000000E+07 9.390652278E+01 2.283810214E+01 5.547170324E+01 2.681160679E+01 1.149189152E+01
7.560000000E+07 9.368961051E+01 2.278611941E+01 5.534331468E+01 2.675108712E+01 1.146549704E+01
7.580000000E+07 9.347376443E+01 2.273439015E+01 5.521555906E+01 2.669086133E+01 1.143923223E+01
7.600000000E+07 9.325897655E+01 2.268291246E+01 5.508843160E+01 2.663092722E+01 1.141309611E+01
7.620000000E+07 9.304523892E+01 2.263168447E+01 5.496192758E+01 2.657128262E+01 1.138708772E+01
7.640000000E+07 9.283254366E+01 2.258070432E+01 5.483604232E+01 2.651192539E+01 1.136120609E+01
7.660000000E+07 9.262088299E+01 2.252997015E+01 5.471077115E+01 2.645285337E+01 1.133545028E+01
7.680000000E+07 9.241024910E+01 2.247948014E+01 5.458610945E+01 2.639406444E+01 1.130981934E+01
7.700000000E+07 9.220063453E+01 2.242923250E+01 5.446205273E+01 2.633555654E+01 1.128431234E+01
7.720000000E+07 9.199203158E+01 2.237922542E+01 5.433859643E+01 2.627732758E+01 1.125892836E+01
7.740000000E+07 9.178443281E+01 2.232945715E+01 5.421573613E+01 2.621937551E+01 1.123366649E+01
7.760000000E+07 9.157783087E+01 2.227992592E+01 5.409346740E+01 2.616169832E+01 1.120852583E+01
7.780000000E+07 9.137221828E+01 2.223063000E+01 5.397178586E+01 2.610429398E+01 1.118350548E+01
7.800000000E+07 9.116758792E+01 2.218156768E+01 5.385068720E+01 2.604716051E+01 1.115860455E+01
7.820000000E+07 9.096393255E+01 2.213273725E+01 5.373016713E+01 2.599029593E+01 1.113382217E+01
7.840000000E+07 9.076124496E+01 2.208413701E+01 5.361022138E+01 2.593369830E+01 1.110915747E+01
7.860000000E+07 9.055951828E+01 2.203576533E+01 5.349084581E+01 2.587736569E+01 1.108460960E+01
7.880000000E+07 9.035874538E+01 2.198762052E+01 5.337203621E+01 2.582129619E+01 1.106017770E+01
7.900000000E+07 9.015891941E+01 2.193970097E+01 5.325378847E+01 2.576548788E+01 1.103586092E+01
7.920000000E+07 8.996003352E+01 2.189200504E+01 5.313609854E+01 2.570993892E+01 1.101165845E+01
7.940000000E+07 8.976208090E+01 2.184453114E+01 5.301896236E+01 2.565464743E+01 1.098756944E+01
7.960000000E+07 8.956505489E+01 2.179727768E+01 5.290237594E+01 2.559961158E+01 1.096359308E+01
7.980000000E+07 8.936894876E+01 2.175024309E+01 5.278633531E+01 2.554482955E+01 1.093972856E+01
8.000000000E+07 8.917375605E+01 2.170342580E+01 5.267083658E+01 2.549029953E+01 1.091597508E+01
8.020000000E+07 8.897947013E+01 2.165682427E+01 5.255587583E+01 2.543601974E+01 1.089233185E+01
8.040000000E+07 8.878608464E+01 2.161043699E+01 5.244144925E+01 2.538198841E+01 1.086879808E+01
8.060000000E+07 8.859359310E+01 2.156426242E+01 5.232755300E+01 2.532820379E+01 1.084537298E+01
8.080000000E+07 8.840198916E+01 2.151829907E+01 5.221418332E+01 2.527466413E+01 1.082205579E+01
8.100000000E+07 8.821126665E+01 2.147254546E+01 5.210133649E+01 2.522136773E+01 1.079884575E+01
8.120000000E+07 8.802141929E+01 2.142700012E+01 5.198900880E+01 2.516831287E+01 1.077574209E+01
8.140000000E+07 8.783244090E+01 2.138166158E+01 5.187719658E+01 2.511549788E+01 1.075274407E+01
8.160000000E+07 8.764432546E+01 2.133652841E+01 5.176589621E+01 2.506292107E+01 1.072985095E+01
8.180000000E+07 8.745706689E+01 2.129159918E+01 5.165510410E+01 2.501058081E+01 1.070706198E+01
8.200000000E+07 8.727065919E+01 2.124687247E+01 5.154481667E+01 2.495847544E+01 1.068437644E+01
8.220000000E+07 8.708509644E+01 2.120234686E+01 5.143503040E+01 2.490660333E+01 1.066179362E+01
8.240000000E+07 8.690037275E+01 2.115802099E+01 5.132574179E+01 2.485496289E+01 1.063931278E+01
8.260000000E+07 8.671648239E+01 2.111389347E+01 5.121694741E+01 2.480355252E+01 1.061693323E+01
8.280000000E+07 8.653341952E+01 2.106996293E+01 5.110864381E+01 2.475237065E+01 1.059465427E+01
8.300000000E+07 8.635117854E+01 2.102622804E+01 5.100082760E+01 2.470141570E+01 1.057247521E+01
8.320000000E+07 8.616975363E+01 2.098268743E+01 5.089349540E+01 2.465068612E+01 1.055039534E+01
8.340000000E+07 8.598913927E+01 2.093933980E+01 5.078664389E+01 2.460018039E+01 1.052841398E+01
8.360000000E+07 8.580932999E+01 2.089618382E+01 5.068026978E+01 2.454989698E+01 1.050653048E+01
8.380000000E+07 8.563032015E+01 2.085321819E+01 5.057436976E+01 2.449983436E+01 1.048474415E+01
8.400000000E+07 8.545210439E+01 2.081044162E+01 5.046894062E+01 2.444999107E+01 1.046305432E+01
8.420000000E+07 8.527467729E+01 2.076785284E+01 5.036397915E+01 2.440036563E+01 1.044146036E+01
8.440000000E+07 8.509803352E+01 2.072545058E+01 5.025948215E+01 2.435095655E+01 1.041996160E+01
8.460000000E+07 8.492216771E+01 2.068323358E+01 5.015544648E+01 2.430176238E+01 1.039855739E+01
8.480000000E+07 8.474707472E+01 2.064120059E+01 5.005186901E+01 2.425278170E+01 1.037724710E+01
8.500000000E+07 8.457274923E+01 2.059935039E+01 4.994874662E+01 2.420401306E+01 1.035603010E+01
8.520000000E+07 8.439918619E+01 2.055768176E+01 4.984607631E+01 2.415545507E+01 1.033490576E+01
8.540000000E+07 8.422638042E+01 2.051619348E+01 4.974385498E+01 2.410710630E+01 1.031387345E+01
8.560000000E+07 8.405432690E+01 2.047488436E+01 4.964207965E+01 2.405896539E+01 1.029293256E+01
8.580000000E+07 8.388302058E+01 2.043375319E+01 4.954074731E+01 2.401103095E+01 1.027208248E+01
8.600000000E+07 8.371245648E+01 2.039279881E+01 4.943985500E+01 2.396330160E+01 1.025132261E+01
8.620000000E+07 8.354262968E+01 2.035202005E+01 4.933939983E+01 2.391577602E+01 1.023065233E+01
8.640000000E+07 8.337353535E+01 2.031141577E+01 4.923937886E+01 2.386845285E+01 1.021007107E+01
8.660000000E+07 8.320516862E+01 2.027098480E+01 4.913978925E+01 2.382133078E+01 1.018957824E+01
8.680000000E+07 8.303752461E+01 2.023072600E+01 4.904062808E+01 2.377440847E+01 1.016917323E+01
8.700000000E+07 8.287059870E+01 2.019063825E+01 4.894189259E+01 2.372768463E+01 1.014885549E+01
8.720000000E+07 8.270438606E+01 2.015072044E+01 4.884357992E+01 2.368115796E+01 1.012862443E+01
8.740000000E+07 8.253888212E+01 2.011097147E+01 4.874568735E+01 2.363482719E+01 1.010847948E+01
8.760000000E+07 8.237408212E+01 2.007139021E+01 4.864821207E+01 2.358869104E+01 1.008842009E+01
8.780000000E+07 8.220998161E+01 2.003197560E+01 4.855115139E+01 2.354274825E+01 1.006844570E+01
8.800000000E+07 8.204657601E+01 1.999272657E+01 4.845450261E+01 2.349699759E+01 1.004855575E+01
8.820000000E+07 8.188386076E+01 1.995364203E+01 4.835826303E+01 2.345143779E+01 1.002874969E+01
8.840000000E+07 8.172183136E+01 1.991472091E+01 4.826242998E+01 2.340606765E+01 1.000902698E+01
8.860000000E+07 8.156048351E+01 1.987596220E+01 4.816700086E+01 2.336088594E+01 9.989387081E+00
8.880000000E+07 8.139981269E+01 1.983736483E+01 4.807197304E+01 2.331589147E+01 9.969829457E+00
8.900000000E+07 8.123981465E+01 1.979892778E+01 4.797734394E+01 2.327108304E+01 9.950353583E+00
8.920000000E+07 8.108048500E+01 1.976065002E+01 4.788311099E+01 2.322645945E+01 9.930958928E+00
8.940000000E+07 8.092181943E+01 1.972253053E+01 4.778927163E+01 2.318201954E+01 9.911644973E+00
8.960000000E+07 8.076381384E+01 1.968456832E+01 4.769582337E+01 2.313776215E+01 9.892411207E+00
8.980000000E+07 8.060646391E+01 1.964676239E+01 4.760276370E+01 2.309368612E+01 9.873257113E+00
9.000000000E+07 8.044976547E+01 1.960911174E+01 4.751009012E+01 2.304979029E+01 9.854182185E+00
9.020000000E+07 8.029371440E+01 1.957161539E+01 4.741780020E+01 2.300607355E+01 9.835185921E+00
9.040000000E+07 8.013830665E+01 1.953427239E+01 4.732589149E+01 2.296253477E+01 9.816267825E+00
9.060000000E+07 7.998353815E+01 1.949708175E+01 4.723436159E+01 2.291917283E+01 9.797427400E+00
9.080000000E+07 7.982940482E+01 1.946004254E+01 4.714320810E+01 2.287598662E+01 9.778664156E+00
9.100000000E+07 7.967590268E+01 1.942315379E+01 4.705242863E+01 2.283297505E+01 9.759977606E+00
9.120000000E+07 7.952302783E+01 1.938641458E+01 4.696202086E+01 2.279013703E+01 9.741367274E+00
9.140000000E+07 7.937077621E+01 1.934982395E+01 4.687198241E+01 2.274747148E+01 9.722832673E+00
9.160000000E+07 7.921914412E+01 1.931338103E+01 4.678231102E+01 2.270497734E+01 9.704373343E+00
9.180000000E+07 7.906812748E+01 1.927708484E+01 4.669300434E+01 2.266265353E+01 9.685988800E+00
9.200000000E+07 7.891772264E+01 1.924093452E+01 4.660406014E+01 2.262049902E+01 9.667678589E+00
9.220000000E+07 7.876792569E+01 1.920492914E+01 4.651547614E+01 2.257851275E+01 9.649442240E+00
9.240000000E+07 7.861873294E+01 1.916906783E+01 4.642725011E+01 2.253669371E+01 9.631279303E+00
9.260000000E+07 7.847014059E+01 1.913334968E+01 4.633937983E+01 2.249504085E+01 9.613189319E+00
9.280000000E+07 7.832214498E+01 1.909777383E+01 4.625186310E+01 2.245355316E+01 9.595171840E+00
9.300000000E+07 7.817474250E+01 1.906233942E+01 4.616469776E+01 2.241222964E+01 9.577226421E+00
9.320000000E+07 7.802792936E+01 1.902704556E+01 4.607788161E+01 2.237106929E+01 9.559352615E+00
9.340000000E+07 7.788170205E+01 1.899189141E+01 4.599141252E+01 2.233007110E+01 9.541549985E+00
9.360000000E+07 7.773605694E+01 1.895687611E+01 4.590528837E+01 2.228923410E+01 9.523818095E+00
9.380000000E+07 7.759099056E+01 1.892199883E+01 4.581950706E+01 2.224855733E+01 9.506156519E+00
9.400000000E+07 7.744649933E+01 1.888725872E+01 4.573406647E+01 2.220803979E+01 9.488564821E+00
9.420000000E+07 7.730257976E+01 1.885265496E+01 4.564896455E+01 2.216768055E+01 9.471042580E+00
9.440000000E+07 7.715922833E+01 1.881818673E+01 4.556419922E+01 2.212747863E+01 9.453589372E+00
9.460000000E+07 7.701644172E+01 1.878385321E+01 4.547976845E+01 2.208743311E+01 9.436204783E+00
9.480000000E+07 7.687421642E+01 1.874965359E+01 4.539567021E+01 2.204754304E+01 9.418888397E+00
9.500000000E+07 7.673254909E+01 1.871558707E+01 4.531190250E+01 2.200780749E+01 9.401639801E+00
9.520000000E+07 7.659143639E+01 1.868165285E+01 4.522846332E+01 2.196822554E+01 9.384458589E+00
9.540000000E+07 7.645087498E+01 1.864785016E+01 4.514535070E+01 2.192879629E+01 9.367344358E+00
9.560000000E+07 7.631086158E+01 1.861417820E+01 4.506256271E+01 2.188951883E+01 9.350296709E+00
9.580000000E+07 7.617139283E+01 1.858063618E+01 4.498009733E+01 2.185039223E+01 9.333315235E+00
9.600000000E+07 7.603246564E+01 1.854722336E+01 4.489795271E+01 2.181141564E+01 9.316399553E+00
9.620000000E+07 7.589407663E+01 1.851393895E+01 4.481612689E+01 2.177258815E+01 9.299549262E+00
9.640000000E+07 7.575622271E+01 1.848078221E+01 4.473461799E+01 2.173390889E+01 9.282763979E+00
9.660000000E+07 7.561890063E+01 1.844775238E+01 4.465342413E+01 2.169537698E+01 9.266043316E+00
9.680000000E+07 7.548210734E+01 1.841484872E+01 4.457254344E+01 2.165699157E+01 9.249386894E+00
9.700000000E+07 7.534583964E+01 1.838207048E+01 4.449197407E+01 2.161875180E+01 9.232794332E+00
9.720000000E+07 7.521009448E+01 1.834941693E+01 4.441171418E+01 2.158065681E+01 9.216265254E+00
9.740000000E+07 7.507486879E+01 1.831688734E+01 4.433176194E+01 2.154270576E+01 9.199799288E+00
9.760000000E+07 7.494015951E+01 1.828448099E+01 4.425211555E+01 2.150489782E+01 9.183396062E+00
9.780000000E+07 7.480596363E+01 1.825219717E+01 4.417277324E+01 2.146723215E+01 9.167055212E+00
9.800000000E+07 7.467227814E+01 1.822003515E+01 4.409373319E+01 2.142970793E+01 9.150776371E+00
9.820000000E+07 7.453910004E+01 1.818799423E+01 4.401499364E+01 2.139232434E+01 9.134559175E+00
9.840000000E+07 7.440642643E+01 1.815607373E+01 4.393655287E+01 2.135508058E+01 9.118403272E+00
9.860000000E+07 7.427425441E+01 1.812427293E+01 4.385840913E+01 2.131797583E+01 9.102308305E+00
9.880000000E+07 7.414258097E+01 1.809259116E+01 4.378056067E+01 2.128100930E+01 9.086273916E+00
9.900000000E+07 7.401140330E+01 1.806102771E+01 4.370300580E+01 2.124418019E+01 9.070299757E+00
9.920000000E+07 7.388071855E+01 1.802958193E+01 4.362574283E+01 2.120748773E+01 9.054385485E+00
9.940000000E+07 7.375052386E+01 1.799825313E+01 4.354877006E+01 2.117093113E+01 9.038530751E+00
9.960000000E+07 7.362081642E+01 1.796704064E+01 4.347208582E+01 2.113450961E+01 9.022735213E+00
9.980000000E+07 7.349159340E+01 1.793594380E+01 4.339568847E+01 2.109822241E+01 9.006998533E+00
1.000000000E+08 7.336285207E+01 1.790496196E+01 4.331957634E+01 2.106206876E+01 8.991320372E+00
