1.100000000E+05 5.972192573E+05 2.909143600E+05 5.999802880E+04 0.000000000E+00 0.000000000E+00
1.200000000E+05 6.830086269E+05 3.577899018E+05 9.480104111E+04 0.000000000E+00 0.000000000E+00
1.300000000E+05 7.643856082E+05 4.232073907E+05 1.302476462E+05 0.000000000E+00 0.000000000E+00
1.400000000E+05 8.098580146E+05 4.615091897E+05 1.508915108E+05 0.000000000E+00 0.000000000E+00
1.500000000E+05 8.473514341E+05 4.947099444E+05 1.695304930E+05 0.000000000E+00 0.000000000E+00
1.600000000E+05 8.645107677E+05 5.123939047E+05 1.797040906E+05 0.000000000E+00 0.000000000E+00
1.700000000E+05 8.756942804E+05 5.260934973E+05 1.881887456E+05 0.000000000E+00 0.000000000E+00
1.800000000E+05 8.765805507E+05 5.319933557E+05 1.925085470E+05 2.033753573E+03 0.000000000E+00
1.900000000E+05 8.695897904E+05 5.318765007E+05 1.935925812E+05 6.979839648E+03 0.000000000E+00
2.000000000E+05 8.682108696E+05 5.391260198E+05 2.002364780E+05 2.054138430E+04 0.000000000E+00
3.000000000E+05 7.406455128E+05 5.037027113E+05 2.029273351E+05 9.934042473E+04 0.000000000E+00
4.000000000E+05 5.677320778E+05 4.144812438E+05 1.758361534E+05 1.133908505E+05 0.000000000E+00
5.000000000E+05 4.332830973E+05 3.341355037E+05 1.495685576E+05 1.143556922E+05 0.000000000E+00
6.000000000E+05 3.364148185E+05 2.701520130E+05 1.269352875E+05 1.103071276E+05 0.000000000E+00
7.000000000E+05 2.670094900E+05 2.210331687E+05 1.082117354E+05 1.042082970E+05 0.000000000E+00
8.000000000E+05 2.163510691E+05 1.833297972E+05 9.285266950E+04 9.706827980E+04 0.000000000E+00
9.000000000E+05 1.786541345E+05 1.542107962E+05 8.035065534E+04 8.985467112E+04 0.000000000E+00
1.000000000E+06 1.499946721E+05 1.314233284E+05 7.013537923E+04 8.293537735E+04 0.000000000E+00
1.200000000E+06 1.102032790E+05 9.876450603E+04 5.474641875E+04 7.053548163E+04 0.000000000E+00
1.400000000E+06 8.468359736E+04 7.712942097E+04 4.400817021E+04 6.036633666E+04 0.000000000E+00
1.600000000E+06 6.739838247E+04 6.212723643E+04 3.626547188E+04 5.215464663E+04 0.000000000E+00
1.800000000E+06 5.515749498E+04 5.131154322E+04 3.050802428E+04 4.549938150E+04 0.000000000E+00
2.000000000E+06 4.618094098E+04 4.326952986E+04 2.612082645E+04 4.009229579E+04 0.000000000E+00
2.200000000E+06 3.939459940E+04 3.712139800E+04 2.269680462E+04 3.564138638E+04 0.000000000E+00
2.400000000E+06 3.414462845E+04 3.232274590E+04 1.997991486E+04 3.196916579E+04 0.000000000E+00
2.600000000E+06 2.998782237E+04 2.849452004E+04 1.777975773E+04 2.888350166E+04 0.000000000E+00
2.800000000E+06 2.664320668E+04 2.539551464E+04 1.597717148E+04 2.628713918E+04 0.000000000E+00
3.000000000E+06 2.390320020E+04 2.284316409E+04 1.447555061E+04 2.406494843E+04 0.000000000E+00
3.200000000E+06 2.162674132E+04 2.071295359E+04 1.320951557E+04 2.214622787E+04 0.000000000E+00
3.400000000E+06 1.971416916E+04 1.891645211E+04 1.213258719E+04 2.048305929E+04 0.000000000E+00
3.600000000E+06 1.809968084E+04 1.739588086E+04 1.121629955E+04 1.906110659E+04 1.050727141E+01
3.800000000E+06 1.670715288E+04 1.607998802E+04 1.041604793E+04 1.778770316E+04 1.061234876E+01
4.000000000E+06 1.551145036E+04 1.494810558E+04 9.725398609E+03 1.668956658E+04 3.040722082E+01
4.200000000E+06 1.446136429E+04 1.395135842E+04 9.112099423E+03 1.569086152E+04 3.078044365E+01
4.400000000E+06 1.353902582E+04 1.307425982E+04 8.569609799E+03 1.479841447E+04 3.116244712E+01
4.600000000E+06 1.272358844E+04 1.229757437E+04 8.086934595E+03 1.399709618E+04 3.153684995E+01
4.800000000E+06 1.200470518E+04 1.161240071E+04 7.660621638E+03 1.329401795E+04 4.571192358E+01
5.000000000E+06 1.135639500E+04 1.099330219E+04 7.272697645E+03 1.264049293E+04 4.620972685E+01
5.200000000E+06 1.077366374E+04 1.043622554E+04 6.922324134E+03 1.204627616E+04 4.666376139E+01
5.400000000E+06 1.025159837E+04 9.936988186E+03 6.608096456E+03 1.151692155E+04 5.667942791E+01
5.600000000E+06 9.774528531E+03 9.480124009E+03 6.318858244E+03 1.102111028E+04 5.715922564E+01
5.800000000E+06 9.340103307E+03 9.063790151E+03 6.054477538E+03 1.056565358E+04 5.757672173E+01
6.000000000E+06 8.943036968E+03 8.683010500E+03 5.811986029E+03 1.014602282E+04 5.793078956E+01
6.200000000E+06 8.578857308E+03 8.333566662E+03 5.588855933E+03 9.758320439E+03 5.822151787E+01
6.400000000E+06 8.246694825E+03 8.014901022E+03 5.385458214E+03 9.408364905E+03 6.533297451E+01
6.600000000E+06 7.937522582E+03 7.717962374E+03 5.194953850E+03 9.075219070E+03 6.559428145E+01
6.800000000E+06 7.651354480E+03 7.443006290E+03 5.018157638E+03 8.765093239E+03 6.579329181E+01
7.000000000E+06 7.385773206E+03 7.187738548E+03 4.853673692E+03 8.475760775E+03 6.593288069E+01
7.200000000E+06 7.138679049E+03 6.950163707E+03 4.700283428E+03 8.205260099E+03 6.601617519E+01
7.400000000E+06 6.910272870E+03 6.730643443E+03 4.558677671E+03 7.958256641E+03 7.097901083E+01
7.600000000E+06 6.694959202E+03 6.523518352E+03 4.424465953E+03 7.720672850E+03 7.102677412E+01
7.800000000E+06 6.493285497E+03 6.329469516E+03 4.298510391E+03 7.497282260E+03 7.102469374E+01
8.000000000E+06 6.304011375E+03 6.147313374E+03 4.180079716E+03 7.286877512E+03 7.097619058E+01
8.200000000E+06 6.126040779E+03 5.976003345E+03 4.068525958E+03 7.088385578E+03 7.088459892E+01
8.400000000E+06 5.958399810E+03 5.814608708E+03 3.963271213E+03 6.900842476E+03 7.075315193E+01
8.600000000E+06 5.801648737E+03 5.663778990E+03 3.865037304E+03 6.727903291E+03 7.416541015E+01
8.800000000E+06 5.652201312E+03 5.519860722E+03 3.770924869E+03 6.559898702E+03 7.401125315E+01
9.000000000E+06 5.510744149E+03 5.383619035E+03 3.681714336E+03 6.400484549E+03 7.382354252E+01
9.200000000E+06 5.376655315E+03 5.254458177E+03 3.597032706E+03 6.249028627E+03 7.360502462E+01
9.400000000E+06 5.249374481E+03 5.131841101E+03 3.516542974E+03 6.104956652E+03 7.335829101E+01
9.600000000E+06 5.128396458E+03 5.015283439E+03 3.439940737E+03 5.967748933E+03 7.308578292E+01
9.800000000E+06 5.013264003E+03 4.904346589E+03 3.366949808E+03 5.836931818E+03 7.278979606E+01
1.000000000E+07 4.904576171E+03 4.799683389E+03 3.298200035E+03 5.715299658E+03 7.509793142E+01
1.020000000E+07 4.799955074E+03 4.698858288E+03 3.231724787E+03 5.596095658E+03 7.479522860E+01
1.040000000E+07 4.700042277E+03 4.602562119E+03 3.168170414E+03 5.482085863E+03 7.447329339E+01
1.060000000E+07 4.604524996E+03 4.510494459E+03 3.107346524E+03 5.372939824E+03 7.413391922E+01
1.080000000E+07 4.513117520E+03 4.422380835E+03 3.049078960E+03 5.268354818E+03 7.377877723E+01
1.100000000E+07 4.425557889E+03 4.337969505E+03 2.993207688E+03 5.168051368E+03 7.340942338E+01
1.120000000E+07 4.341605960E+03 4.257029660E+03 2.939585822E+03 5.071772659E+03 7.302730526E+01
1.140000000E+07 4.261041175E+03 4.179349282E+03 2.888078288E+03 4.979282224E+03 7.263376857E+01
1.160000000E+07 4.184384590E+03 4.105484016E+03 2.839190764E+03 4.892675810E+03 7.416861719E+01
1.180000000E+07 4.110016805E+03 4.033768900E+03 2.791562172E+03 4.807177352E+03 7.378009888E+01
1.200000000E+07 4.038470994E+03 3.964769630E+03 2.745700292E+03 4.724852507E+03 7.338244587E+01
1.220000000E+07 3.969587194E+03 3.898332337E+03 2.701506582E+03 4.645527044E+03 7.297667556E+01
1.240000000E+07 3.903217314E+03 3.834314553E+03 2.658889714E+03 4.569039269E+03 7.256373118E+01
1.260000000E+07 3.839224083E+03 3.772584211E+03 2.617764948E+03 4.495239005E+03 7.214448683E+01
1.280000000E+07 3.777480026E+03 3.713018664E+03 2.578053503E+03 4.423986402E+03 7.171975219E+01
1.300000000E+07 3.717866551E+03 3.655503789E+03 2.539681989E+03 4.355150846E+03 7.129027701E+01
1.320000000E+07 3.660273303E+03 3.599933395E+03 2.502582056E+03 4.288610613E+03 7.085675528E+01
1.340000000E+07 3.605115871E+03 3.546746268E+03 2.467141736E+03 4.225914547E+03 7.185623349E+01
1.360000000E+07 3.551272428E+03 3.494786047E+03 2.432407713E+03 4.163668601E+03 7.143396353E+01
1.380000000E+07 3.499159721E+03 3.444491626E+03 2.398765387E+03 4.103395216E+03 7.100864836E+01
1.400000000E+07 3.448693882E+03 3.395782286E+03 2.366162616E+03 4.045001038E+03 7.058080709E+01
1.420000000E+07 3.399796394E+03 3.348582452E+03 2.334550540E+03 3.988398496E+03 7.015092062E+01
1.440000000E+07 3.352393667E+03 3.302821294E+03 2.303883328E+03 3.933505369E+03 6.971943435E+01
1.460000000E+07 3.306416662E+03 3.258432360E+03 2.274117950E+03 3.880244380E+03 6.928676085E+01
1.480000000E+07 3.261800547E+03 3.215353247E+03 2.245213965E+03 3.828542836E+03 6.885328221E+01
1.500000000E+07 3.218484377E+03 3.173525294E+03 2.217133331E+03 3.778332293E+03 6.841935235E+01
1.520000000E+07 3.176410810E+03 3.132893307E+03 2.189840225E+03 3.729548250E+03 6.798529906E+01
1.540000000E+07 3.135525845E+03 3.093405311E+03 2.163300889E+03 3.682129869E+03 6.755142601E+01
1.560000000E+07 3.096156761E+03 3.055404736E+03 2.137813505E+03 3.637236813E+03 6.819739553E+01
1.580000000E+07 3.057506844E+03 3.018068526E+03 2.112694788E+03 3.592406529E+03 6.777954559E+01
1.600000000E+07 3.019900724E+03 2.981736888E+03 2.088239064E+03 3.548777178E+03 6.736208116E+01
1.620000000E+07 2.983295582E+03 2.946368611E+03 2.064419494E+03 3.506300284E+03 6.694528457E+01
1.640000000E+07 2.947650923E+03 2.911924722E+03 2.041210686E+03 3.464929944E+03 6.652941043E+01
1.660000000E+07 2.912928426E+03 2.878368341E+03 2.018588594E+03 3.424622667E+03 6.611468851E+01
1.680000000E+07 2.879091798E+03 2.845664538E+03 1.996530429E+03 3.385337214E+03 6.570132640E+01
1.700000000E+07 2.846106638E+03 2.813780209E+03 1.975014580E+03 3.347034456E+03 6.528951172E+01
1.720000000E+07 2.813940321E+03 2.782683957E+03 1.954020541E+03 3.309677241E+03 6.487941411E+01
1.740000000E+07 2.782561881E+03 2.752345982E+03 1.933528836E+03 3.273230273E+03 6.447118701E+01
1.760000000E+07 2.751941907E+03 2.722737983E+03 1.913520958E+03 3.237659993E+03 6.406496918E+01
1.780000000E+07 2.722052449E+03 2.693833065E+03 1.893979309E+03 3.202934480E+03 6.366088611E+01
1.800000000E+07 2.693139656E+03 2.665888717E+03 1.875125366E+03 3.169903175E+03 6.406394164E+01
1.820000000E+07 2.664637782E+03 2.638319699E+03 1.856471197E+03 3.136794311E+03 6.367472403E+01
1.840000000E+07 2.636790154E+03 2.611380350E+03 1.838235116E+03 3.104442328E+03 6.328757484E+01
1.860000000E+07 2.609573830E+03 2.585048599E+03 1.820402655E+03 3.072820949E+03 6.290260471E+01
1.880000000E+07 2.582966943E+03 2.559303407E+03 1.802960011E+03 3.041905104E+03 6.251991183E+01
1.900000000E+07 2.556948632E+03 2.534124704E+03 1.785894015E+03 3.011670863E+03 6.213958323E+01
1.920000000E+07 2.531498990E+03 2.509493339E+03 1.769192092E+03 2.982095374E+03 6.176169592E+01
1.940000000E+07 2.506599007E+03 2.485391025E+03 1.752842229E+03 2.953156798E+03 6.138631785E+01
1.960000000E+07 2.482230521E+03 2.461800289E+03 1.736832945E+03 2.924834261E+03 6.101350882E+01
1.980000000E+07 2.458376172E+03 2.438704433E+03 1.721153258E+03 2.897107795E+03 6.064332129E+01
2.000000000E+07 2.435019355E+03 2.416087483E+03 1.705792662E+03 2.869958291E+03 6.027580102E+01
2.020000000E+07 2.412144182E+03 2.393934157E+03 1.690741102E+03 2.843367456E+03 5.991098776E+01
2.040000000E+07 2.389735443E+03 2.372229826E+03 1.675988944E+03 2.817317766E+03 5.954891578E+01
2.060000000E+07 2.367778570E+03 2.350960476E+03 1.661526959E+03 2.791792429E+03 5.918961434E+01
2.080000000E+07 2.346259601E+03 2.330112681E+03 1.647346301E+03 2.766775345E+03 5.883310821E+01
2.100000000E+07 2.325366319E+03 2.309882419E+03 1.633614383E+03 2.742901830E+03 5.908938324E+01
2.120000000E+07 2.304686651E+03 2.289842873E+03 1.619974010E+03 2.718865922E+03 5.874541685E+01
2.140000000E+07 2.284406184E+03 2.270187644E+03 1.606590375E+03 2.695293252E+03 5.840407366E+01
2.160000000E+07 2.264513095E+03 2.250905363E+03 1.593455976E+03 2.672170165E+03 5.806537438E+01
2.180000000E+07 2.244996031E+03 2.231985111E+03 1.580563605E+03 2.649483545E+03 5.772933562E+01
2.200000000E+07 2.225844084E+03 2.213416399E+03 1.567906332E+03 2.627220784E+03 5.739597031E+01
2.220000000E+07 2.207046770E+03 2.195189146E+03 1.555477497E+03 2.605369761E+03 5.706528801E+01
2.240000000E+07 2.188594008E+03 2.177293657E+03 1.543270694E+03 2.583918817E+03 5.673729531E+01
2.260000000E+07 2.170476101E+03 2.159720608E+03 1.531279756E+03 2.562856734E+03 5.641199604E+01
2.280000000E+07 2.152683720E+03 2.142461027E+03 1.519498749E+03 2.542172713E+03 5.608939155E+01
2.300000000E+07 2.135207880E+03 2.125506276E+03 1.507921959E+03 2.521856357E+03 5.576948098E+01
2.320000000E+07 2.118039933E+03 2.108848039E+03 1.496543880E+03 2.501897651E+03 5.545226143E+01
2.340000000E+07 2.101171545E+03 2.092478304E+03 1.485359207E+03 2.482286943E+03 5.513772815E+01
2.360000000E+07 2.084594685E+03 2.076389348E+03 1.474362827E+03 2.463014930E+03 5.482587474E+01
2.380000000E+07 2.068301613E+03 2.060573728E+03 1.463549805E+03 2.444072641E+03 5.451669328E+01
2.400000000E+07 2.052284861E+03 2.045024266E+03 1.452915386E+03 2.425451424E+03 5.421017446E+01
2.420000000E+07 2.036537228E+03 2.029734036E+03 1.442454978E+03 2.407142929E+03 5.390630777E+01
2.440000000E+07 2.021199570E+03 2.014849847E+03 1.432293501E+03 2.389618284E+03 5.406630454E+01
2.460000000E+07 2.005971527E+03 2.000060316E+03 1.422169710E+03 2.371917893E+03 5.377242253E+01
2.480000000E+07 1.990992375E+03 1.985510562E+03 1.412207006E+03 2.354506577E+03 5.348101811E+01
2.500000000E+07 1.976255854E+03 1.971194569E+03 1.402401393E+03 2.337377079E+03 5.319208094E+01
2.520000000E+07 1.961755918E+03 1.957106523E+03 1.392749013E+03 2.320522384E+03 5.290559955E+01
2.540000000E+07 1.947486726E+03 1.943240808E+03 1.383246134E+03 2.303935711E+03 5.262156148E+01
2.560000000E+07 1.933442626E+03 1.929591990E+03 1.373889146E+03 2.287610506E+03 5.233995341E+01
2.580000000E+07 1.919618155E+03 1.916154818E+03 1.364674559E+03 2.271540426E+03 5.206076121E+01
2.600000000E+07 1.906008029E+03 1.902924211E+03 1.355598994E+03 2.255719338E+03 5.178397002E+01
2.620000000E+07 1.892607132E+03 1.889895250E+03 1.346659181E+03 2.240141304E+03 5.150956438E+01
2.640000000E+07 1.879410515E+03 1.877063179E+03 1.337851954E+03 2.224800578E+03 5.123752827E+01
2.660000000E+07 1.866413384E+03 1.864423387E+03 1.329174248E+03 2.209691595E+03 5.096784515E+01
2.680000000E+07 1.853611100E+03 1.851971415E+03 1.320623092E+03 2.194808965E+03 5.070049806E+01
2.700000000E+07 1.840999164E+03 1.839702938E+03 1.312195609E+03 2.180147468E+03 5.043546964E+01
2.720000000E+07 1.828573221E+03 1.827613769E+03 1.303889008E+03 2.165702044E+03 5.017274220E+01
2.740000000E+07 1.816329049E+03 1.815699848E+03 1.295700586E+03 2.151467789E+03 4.991229775E+01
2.760000000E+07 1.804262554E+03 1.803957239E+03 1.287627721E+03 2.137439949E+03 4.965411806E+01
2.780000000E+07 1.792369767E+03 1.792382127E+03 1.279667868E+03 2.123613911E+03 4.939818465E+01
2.800000000E+07 1.780646837E+03 1.780970809E+03 1.271818560E+03 2.109985205E+03 4.914447888E+01
2.820000000E+07 1.769197903E+03 1.769831735E+03 1.264171869E+03 2.096899799E+03 4.923985553E+01
2.840000000E+07 1.757804879E+03 1.758738681E+03 1.256537675E+03 2.083657147E+03 4.899385436E+01
2.860000000E+07 1.746570786E+03 1.747798912E+03 1.249007005E+03 2.070599028E+03 4.874993904E+01
2.880000000E+07 1.735492207E+03 1.737009143E+03 1.241577669E+03 2.057721473E+03 4.850809205E+01
2.900000000E+07 1.724565826E+03 1.726366187E+03 1.234247538E+03 2.045020629E+03 4.826829574E+01
2.920000000E+07 1.713788422E+03 1.715866945E+03 1.227014543E+03 2.032492753E+03 4.803053235E+01
2.940000000E+07 1.703156865E+03 1.705508408E+03 1.219876675E+03 2.020134209E+03 4.779478399E+01
2.960000000E+07 1.692668115E+03 1.695287654E+03 1.212831981E+03 2.007941463E+03 4.756103272E+01
2.980000000E+07 1.682319216E+03 1.685201841E+03 1.205878562E+03 1.995911083E+03 4.732926058E+01
3.000000000E+07 1.672107294E+03 1.675248204E+03 1.199014571E+03 1.984039728E+03 4.709944954E+01
3.020000000E+07 1.662029558E+03 1.665424060E+03 1.192238212E+03 1.972324153E+03 4.687158160E+01
3.040000000E+07 1.652083289E+03 1.655726795E+03 1.185547739E+03 1.960761203E+03 4.664563874E+01
3.060000000E+07 1.642265846E+03 1.646153868E+03 1.178941452E+03 1.949347805E+03 4.642160299E+01
3.080000000E+07 1.632574658E+03 1.636702807E+03 1.172417697E+03 1.938080974E+03 4.619945641E+01
3.100000000E+07 1.623007223E+03 1.627371207E+03 1.165974864E+03 1.926957802E+03 4.597918110E+01
3.120000000E+07 1.613561106E+03 1.618156726E+03 1.159611385E+03 1.915975460E+03 4.576075922E+01
3.140000000E+07 1.604233936E+03 1.609057083E+03 1.153325736E+03 1.905131194E+03 4.554417303E+01
3.160000000E+07 1.595023406E+03 1.600070060E+03 1.147116429E+03 1.894422323E+03 4.532940483E+01
3.180000000E+07 1.585927269E+03 1.591193495E+03 1.140982016E+03 1.883846234E+03 4.511643703E+01
3.200000000E+07 1.576943335E+03 1.582425283E+03 1.134921087E+03 1.873400385E+03 4.490525214E+01
3.220000000E+07 1.568069471E+03 1.573763373E+03 1.128932268E+03 1.863082297E+03 4.469583275E+01
3.240000000E+07 1.559303600E+03 1.565205765E+03 1.123014218E+03 1.852889557E+03 4.448816158E+01
3.260000000E+07 1.550643696E+03 1.556750513E+03 1.117165633E+03 1.842819810E+03 4.428222143E+01
3.280000000E+07 1.542167498E+03 1.548478522E+03 1.111455091E+03 1.833130065E+03 4.434134538E+01
3.300000000E+07 1.533714473E+03 1.540223182E+03 1.105742367E+03 1.823302195E+03 4.414108720E+01
3.320000000E+07 1.525361613E+03 1.532064614E+03 1.100095358E+03 1.813590524E+03 4.394245728E+01
3.340000000E+07 1.517107090E+03 1.524001058E+03 1.094512884E+03 1.803992924E+03 4.374543951E+01
3.360000000E+07 1.508949119E+03 1.516030798E+03 1.088993791E+03 1.794507324E+03 4.355001787E+01
3.380000000E+07 1.500885958E+03 1.508152159E+03 1.083536956E+03 1.785131700E+03 4.335617645E+01
3.400000000E+07 1.492915909E+03 1.500363506E+03 1.078141281E+03 1.775864080E+03 4.316389951E+01
3.420000000E+07 1.485037315E+03 1.492663245E+03 1.072805696E+03 1.766702538E+03 4.297317142E+01
3.440000000E+07 1.477248558E+03 1.485049820E+03 1.067529154E+03 1.757645195E+03 4.278397667E+01
3.460000000E+07 1.469548059E+03 1.477521712E+03 1.062310637E+03 1.748690218E+03 4.259629992E+01
3.480000000E+07 1.461934277E+03 1.470077436E+03 1.057149146E+03 1.739835815E+03 4.241012595E+01
3.500000000E+07 1.454405705E+03 1.462715545E+03 1.052043708E+03 1.731080239E+03 4.222543968E+01
3.520000000E+07 1.446960875E+03 1.455434625E+03 1.046993373E+03 1.722421783E+03 4.204222618E+01
3.540000000E+07 1.439598350E+03 1.448233293E+03 1.041997211E+03 1.713858779E+03 4.186047066E+01
3.560000000E+07 1.432316729E+03 1.441110199E+03 1.037054315E+03 1.705389599E+03 4.168015848E+01
3.580000000E+07 1.425114640E+03 1.434064027E+03 1.032163798E+03 1.697012652E+03 4.150127515E+01
3.600000000E+07 1.417990745E+03 1.427093486E+03 1.027324793E+03 1.688726383E+03 4.132380631E+01
3.620000000E+07 1.410943735E+03 1.420197317E+03 1.022536452E+03 1.680529273E+03 4.114773775E+01
3.640000000E+07 1.403972332E+03 1.413374290E+03 1.017797948E+03 1.672419837E+03 4.097305542E+01
3.660000000E+07 1.397075285E+03 1.406623201E+03 1.013108469E+03 1.664396625E+03 4.079974540E+01
3.680000000E+07 1.390251372E+03 1.399942873E+03 1.008467224E+03 1.656458215E+03 4.062779393E+01
3.700000000E+07 1.383499398E+03 1.393332156E+03 1.003873438E+03 1.648603223E+03 4.045718736E+01
3.720000000E+07 1.376818194E+03 1.386789925E+03 9.993263527E+02 1.640830290E+03 4.028791223E+01
3.740000000E+07 1.370206617E+03 1.380315080E+03 9.948252276E+02 1.633138090E+03 4.011995520E+01
3.760000000E+07 1.363663548E+03 1.373906543E+03 9.903693368E+02 1.625525325E+03 3.995330307E+01
3.780000000E+07 1.357187894E+03 1.367563262E+03 9.859579703E+02 1.617990725E+03 3.978794278E+01
3.800000000E+07 1.350778584E+03 1.361284206E+03 9.815904338E+02 1.610533047E+03 3.962386142E+01
3.820000000E+07 1.344493673E+03 1.355129771E+03 9.773178682E+02 1.603343623E+03 3.966154536E+01
3.840000000E+07 1.338214445E+03 1.348976696E+03 9.730364200E+02 1.596037877E+03 3.950153780E+01
3.860000000E+07 1.331998472E+03 1.342884868E+03 9.687967913E+02 1.588805436E+03 3.934273941E+01
3.880000000E+07 1.325844769E+03 1.336853343E+03 9.645983439E+02 1.581645160E+03 3.918513800E+01
3.900000000E+07 1.319752375E+03 1.330881192E+03 9.604404531E+02 1.574555934E+03 3.902872153E+01
3.920000000E+07 1.313720350E+03 1.324967511E+03 9.563225069E+02 1.567536665E+03 3.887347808E+01
3.940000000E+07 1.307747770E+03 1.319111410E+03 9.522439060E+02 1.560586282E+03 3.871939591E+01
3.960000000E+07 1.301833733E+03 1.313312020E+03 9.482040632E+02 1.553703739E+03 3.856646337E+01
3.980000000E+07 1.295977354E+03 1.307568488E+03 9.442024030E+02 1.546888009E+03 3.841466898E+01
4.000000000E+07 1.290177768E+03 1.301879982E+03 9.402383624E+02 1.540138088E+03 3.826400138E+01
4.020000000E+07 1.284434124E+03 1.296245681E+03 9.363113885E+02 1.533452990E+03 3.811444937E+01
4.040000000E+07 1.278745591E+03 1.290664786E+03 9.324209402E+02 1.526831750E+03 3.796600185E+01
4.060000000E+07 1.273111355E+03 1.285136510E+03 9.285664871E+02 1.520273425E+03 3.781864788E+01
4.080000000E+07 1.267530616E+03 1.279660085E+03 9.247475090E+02 1.513777086E+03 3.767237662E+01
4.100000000E+07 1.262002592E+03 1.274234756E+03 9.209634961E+02 1.507341827E+03 3.752717740E+01
4.120000000E+07 1.256526515E+03 1.268859785E+03 9.172139488E+02 1.500966758E+03 3.738303965E+01
4.140000000E+07 1.251101633E+03 1.263534444E+03 9.134983767E+02 1.494651005E+03 3.723995293E+01
4.160000000E+07 1.245727209E+03 1.258258025E+03 9.098162994E+02 1.488393715E+03 3.709790692E+01
4.180000000E+07 1.240402519E+03 1.253029830E+03 9.061672451E+02 1.482194048E+03 3.695689143E+01
4.200000000E+07 1.235126854E+03 1.247849175E+03 9.025507516E+02 1.476051182E+03 3.681689640E+01
4.220000000E+07 1.229899518E+03 1.242715391E+03 8.989663656E+02 1.469964311E+03 3.667791188E+01
4.240000000E+07 1.224719830E+03 1.237627819E+03 8.954136419E+02 1.463932644E+03 3.653992803E+01
4.260000000E+07 1.219587120E+03 1.232585815E+03 8.918921440E+02 1.457955406E+03 3.640293514E+01
4.280000000E+07 1.214500731E+03 1.227588745E+03 8.884014434E+02 1.452031834E+03 3.626692360E+01
4.300000000E+07 1.209460020E+03 1.222635989E+03 8.849411197E+02 1.446161184E+03 3.613188394E+01
4.320000000E+07 1.204464355E+03 1.217726938E+03 8.815107606E+02 1.440342721E+03 3.599780677E+01
4.340000000E+07 1.199513114E+03 1.212860992E+03 8.781099607E+02 1.434575728E+03 3.586468283E+01
4.360000000E+07 1.194605690E+03 1.208037567E+03 8.747383227E+02 1.428859499E+03 3.573250296E+01
4.380000000E+07 1.189741485E+03 1.203256085E+03 8.713954563E+02 1.423193342E+03 3.560125812E+01
4.400000000E+07 1.184919913E+03 1.198515980E+03 8.680809783E+02 1.417576576E+03 3.547093936E+01
4.420000000E+07 1.180140398E+03 1.193816699E+03 8.647945127E+02 1.412008536E+03 3.534153784E+01
4.440000000E+07 1.175446083E+03 1.189203113E+03 8.615740326E+02 1.406631139E+03 3.536532269E+01
4.460000000E+07 1.170749326E+03 1.184584194E+03 8.583427797E+02 1.401159684E+03 3.523880142E+01
4.480000000E+07 1.166092952E+03 1.180004483E+03 8.551384434E+02 1.395734998E+03 3.511315182E+01
4.500000000E+07 1.161476428E+03 1.175463465E+03 8.519606736E+02 1.390356462E+03 3.498836549E+01
4.520000000E+07 1.156899227E+03 1.170960633E+03 8.488091266E+02 1.385023467E+03 3.486443414E+01
4.540000000E+07 1.152360833E+03 1.166495489E+03 8.456834645E+02 1.379735414E+03 3.474134959E+01
4.560000000E+07 1.147860739E+03 1.162067542E+03 8.425833556E+02 1.374491716E+03 3.461910374E+01
4.580000000E+07 1.143398448E+03 1.157676314E+03 8.395084740E+02 1.369291797E+03 3.449768862E+01
4.600000000E+07 1.138973470E+03 1.153321332E+03 8.364584991E+02 1.364135090E+03 3.437709633E+01
4.620000000E+07 1.134585325E+03 1.149002133E+03 8.334331164E+02 1.359021038E+03 3.425731908E+01
4.640000000E+07 1.130233540E+03 1.144718259E+03 8.304320159E+02 1.353949094E+03 3.413834919E+01
4.660000000E+07 1.125917650E+03 1.140469264E+03 8.274548939E+02 1.348918720E+03 3.402017905E+01
4.680000000E+07 1.121637200E+03 1.136254707E+03 8.245014511E+02 1.343929388E+03 3.390280117E+01
4.700000000E+07 1.117391741E+03 1.132074156E+03 8.215713941E+02 1.338980578E+03 3.378620812E+01
4.720000000E+07 1.113180834E+03 1.127927184E+03 8.186644337E+02 1.334071782E+03 3.367039259E+01
4.740000000E+07 1.109004043E+03 1.123813375E+03 8.157802857E+02 1.329202496E+03 3.355534733E+01
4.760000000E+07 1.104860945E+03 1.119732316E+03 8.129186713E+02 1.324372228E+03 3.344106521E+01
4.780000000E+07 1.100751120E+03 1.115683605E+03 8.100793154E+02 1.319580493E+03 3.332753917E+01
4.800000000E+07 1.096674156E+03 1.111666843E+03 8.072619480E+02 1.314826815E+03 3.321476223E+01
4.820000000E+07 1.092629649E+03 1.107681639E+03 8.044663036E+02 1.310110725E+03 3.310272750E+01
4.840000000E+07 1.088617201E+03 1.103727610E+03 8.016921209E+02 1.305431763E+03 3.299142817E+01
4.860000000E+07 1.084636420E+03 1.099804378E+03 7.989391429E+02 1.300789474E+03 3.288085752E+01
4.880000000E+07 1.080686922E+03 1.095911570E+03 7.962071169E+02 1.296183415E+03 3.277100890E+01
4.900000000E+07 1.076768327E+03 1.092048821E+03 7.934957939E+02 1.291613146E+03 3.266187573E+01
4.920000000E+07 1.072880264E+03 1.088215772E+03 7.908049296E+02 1.287078236E+03 3.255345154E+01
4.940000000E+07 1.069022367E+03 1.084412068E+03 7.881342829E+02 1.282578262E+03 3.244572990E+01
4.960000000E+07 1.065194274E+03 1.080637362E+03 7.854836173E+02 1.278112806E+03 3.233870448E+01
4.980000000E+07 1.061395631E+03 1.076891311E+03 7.828526995E+02 1.273681457E+03 3.223236900E+01
5.000000000E+07 1.057626089E+03 1.073173577E+03 7.802412998E+02 1.269283813E+03 3.212671728E+01
5.020000000E+07 1.053885305E+03 1.069483830E+03 7.776491928E+02 1.264919475E+03 3.202174320E+01
5.040000000E+07 1.050172941E+03 1.065821743E+03 7.750761564E+02 1.260588054E+03 3.191744070E+01
5.060000000E+07 1.046488665E+03 1.062186994E+03 7.725219712E+02 1.256289163E+03 3.181380381E+01
5.080000000E+07 1.042832149E+03 1.058579268E+03 7.699864225E+02 1.252022425E+03 3.171082660E+01
5.100000000E+07 1.039203072E+03 1.054998253E+03 7.674692979E+02 1.247787466E+03 3.160850324E+01
5.120000000E+07 1.035601115E+03 1.051443642E+03 7.649703889E+02 1.243583920E+03 3.150682794E+01
5.140000000E+07 1.032058091E+03 1.047948518E+03 7.625176810E+02 1.239516314E+03 3.152070047E+01
5.160000000E+07 1.028509659E+03 1.044446038E+03 7.600547776E+02 1.235375221E+03 3.142104978E+01
5.180000000E+07 1.024987423E+03 1.040969070E+03 7.576094800E+02 1.231264464E+03 3.132202373E+01
5.200000000E+07 1.021491084E+03 1.037517322E+03 7.551815907E+02 1.227183694E+03 3.122361111E+01
5.220000000E+07 1.018020350E+03 1.034090513E+03 7.527709165E+02 1.223132573E+03 3.112580645E+01
5.240000000E+07 1.014574931E+03 1.030688362E+03 7.503772672E+02 1.219110766E+03 3.102860436E+01
5.260000000E+07 1.011154542E+03 1.027310595E+03 7.480004552E+02 1.215117943E+03 3.093199950E+01
5.280000000E+07 1.007758905E+03 1.023956942E+03 7.456402958E+02 1.211153782E+03 3.083598660E+01
5.300000000E+07 1.004387742E+03 1.020627135E+03 7.432966072E+02 1.207217963E+03 3.074056047E+01
5.320000000E+07 1.001040783E+03 1.017320911E+03 7.409692101E+02 1.203310171E+03 3.064571596E+01
5.340000000E+07 9.977177604E+02 1.014038012E+03 7.386579281E+02 1.199430098E+03 3.055144800E+01
5.360000000E+07 9.944184097E+02 1.010778184E+03 7.363625871E+02 1.195577439E+03 3.045775155E+01
5.380000000E+07 9.911424715E+02 1.007541174E+03 7.340830157E+02 1.191751892E+03 3.036462165E+01
5.400000000E+07 9.878896904E+02 1.004326736E+03 7.318190452E+02 1.187953163E+03 3.027205342E+01
5.420000000E+07 9.846598141E+02 1.001134626E+03 7.295705092E+02 1.184180959E+03 3.018004199E+01
5.440000000E+07 9.814525944E+02 9.979646029E+02 7.273372436E+02 1.180434994E+03 3.008858258E+01
5.460000000E+07 9.782677864E+02 9.948164308E+02 7.251190867E+02 1.176714985E+03 2.999767046E+01
5.480000000E+07 9.751051492E+02 9.916898762E+02 7.229158793E+02 1.173020652E+03 2.990730095E+01
5.500000000E+07 9.719644453E+02 9.885847094E+02 7.207274644E+02 1.169351722E+03 2.981746941E+01
5.520000000E+07 9.688454402E+02 9.855007034E+02 7.185536871E+02 1.165707923E+03 2.972817129E+01
5.540000000E+07 9.657479036E+02 9.824376355E+02 7.163943951E+02 1.162088988E+03 2.963940207E+01
5.560000000E+07 9.626716074E+02 9.793952848E+02 7.142494376E+02 1.158494654E+03 2.955115726E+01
5.580000000E+07 9.596163281E+02 9.763734350E+02 7.121186667E+02 1.154924663E+03 2.946343247E+01
5.600000000E+07 9.565818442E+02 9.733718719E+02 7.100019361E+02 1.151378758E+03 2.937622331E+01
5.620000000E+07 9.535679380E+02 9.703903846E+02 7.078991015E+02 1.147856688E+03 2.928952548E+01
5.640000000E+07 9.505743947E+02 9.674287652E+02 7.058100210E+02 1.144358205E+03 2.920333470E+01
5.660000000E+07 9.476010026E+02 9.644868088E+02 7.037345543E+02 1.140883062E+03 2.911764676E+01
5.680000000E+07 9.446475526E+02 9.615643129E+02 7.016725631E+02 1.137431020E+03 2.903245747E+01
5.700000000E+07 9.417138395E+02 9.586610789E+02 6.996239115E+02 1.134001841E+03 2.894776272E+01
5.720000000E+07 9.387996597E+02 9.557769097E+02 6.975884647E+02 1.130595289E+03 2.886355841E+01
5.740000000E+07 9.359048133E+02 9.529116117E+02 6.955660902E+02 1.127211133E+03 2.877984051E+01
5.760000000E+07 9.330291031E+02 9.500649938E+02 6.935566575E+02 1.123849145E+03 2.869660503E+01
5.780000000E+07 9.301723342E+02 9.472368674E+02 6.915600373E+02 1.120509099E+03 2.861384801E+01
5.800000000E+07 9.273343144E+02 9.444270463E+02 6.895761023E+02 1.117190775E+03 2.853156556E+01
5.820000000E+07 9.245148546E+02 9.416353474E+02 6.876047272E+02 1.113893953E+03 2.844975380E+01
5.840000000E+07 9.217137681E+02 9.388615898E+02 6.856457881E+02 1.110618417E+03 2.836840891E+01
5.860000000E+07 9.189308707E+02 9.361055951E+02 6.836991631E+02 1.107363955E+03 2.828752711E+01
5.880000000E+07 9.161659803E+02 9.333671868E+02 6.817647310E+02 1.104130355E+03 2.820710465E+01
5.900000000E+07 9.134189178E+02 9.306461915E+02 6.798423734E+02 1.100917411E+03 2.812713785E+01
5.920000000E+07 9.106895064E+02 9.279424379E+02 6.779319728E+02 1.097724919E+03 2.804762302E+01
5.940000000E+07 9.079775717E+02 9.252557570E+02 6.760334136E+02 1.094552677E+03 2.796855656E+01
5.960000000E+07 9.052829411E+02 9.225859814E+02 6.741465810E+02 1.091400485E+03 2.788993487E+01
5.980000000E+07 9.026292633E+02 9.199577020E+02 6.722922735E+02 1.088345995E+03 2.789915607E+01
6.000000000E+07 8.999688699E+02 9.173213875E+02 6.704286777E+02 1.085233767E+03 2.782192607E+01
6.020000000E+07 8.973252760E+02 9.147014894E+02 6.685764733E+02 1.082141002E+03 2.774512514E+01
6.040000000E+07 8.946983178E+02 9.120978488E+02 6.667355513E+02 1.079067510E+03 2.766874747E+01
6.060000000E+07 8.920878343E+02 9.095103095E+02 6.649058047E+02 1.076013105E+03 2.759278965E+01
6.080000000E+07 8.894936663E+02 9.069387173E+02 6.630871277E+02 1.072977602E+03 2.751724829E+01
6.100000000E+07 8.869156572E+02 9.043829204E+02 6.612794163E+02 1.069960821E+03 2.744212007E+01
6.120000000E+07 8.843536520E+02 9.018427684E+02 6.594825674E+02 1.066962583E+03 2.736740168E+01
6.140000000E+07 8.818074975E+02 8.993181129E+02 6.576964793E+02 1.063982710E+03 2.729308986E+01
6.160000000E+07 8.792770433E+02 8.968088081E+02 6.559210518E+02 1.061021029E+03 2.721918139E+01
6.180000000E+07 8.767621403E+02 8.943147093E+02 6.541561858E+02 1.058077367E+03 2.714567307E+01
6.200000000E+07 8.742626413E+02 8.918356738E+02 6.524017834E+02 1.055151555E+03 2.707256174E+01
6.220000000E+07 8.717784013E+02 8.893715609E+02 6.506577480E+02 1.052243423E+03 2.699984428E+01
6.240000000E+07 8.693092768E+02 8.869222316E+02 6.489239844E+02 1.049352808E+03 2.692751760E+01
6.260000000E+07 8.668551262E+02 8.844875483E+02 6.472003982E+02 1.046479546E+03 2.685557866E+01
6.280000000E+07 8.644158103E+02 8.820673761E+02 6.454868966E+02 1.043623474E+03 2.678402442E+01
6.300000000E+07 8.619911908E+02 8.796615811E+02 6.437833877E+02 1.040784434E+03 2.671285189E+01
6.320000000E+07 8.595811314E+02 8.772700306E+02 6.420897807E+02 1.037962268E+03 2.664205812E+01
6.340000000E+07 8.571854978E+02 8.748925946E+02 6.404059861E+02 1.035156820E+03 2.657164019E+01
6.360000000E+07 8.548041570E+02 8.725291440E+02 6.387319154E+02 1.032367938E+03 2.650159519E+01
6.380000000E+07 8.524369780E+02 8.701795516E+02 6.370674812E+02 1.029595470E+03 2.643192026E+01
6.400000000E+07 8.500838311E+02 8.678436917E+02 6.354125971E+02 1.026839265E+03 2.636261258E+01
6.420000000E+07 8.477445885E+02 8.655214402E+02 6.337671780E+02 1.024099177E+03 2.629366932E+01
6.440000000E+07 8.454191236E+02 8.632126742E+02 6.321311395E+02 1.021375058E+03 2.622508773E+01
6.460000000E+07 8.431073118E+02 8.609172728E+02 6.305043984E+02 1.018666766E+03 2.615686504E+01
6.480000000E+07 8.408090297E+02 8.586351162E+02 6.288868725E+02 1.015974157E+03 2.608899855E+01
6.500000000E+07 8.385241554E+02 8.563660861E+02 6.272784805E+02 1.013297091E+03 2.602148557E+01
6.520000000E+07 8.362525689E+02 8.541100660E+02 6.256791423E+02 1.010635428E+03 2.595432343E+01
6.540000000E+07 8.339941510E+02 8.518669401E+02 6.240887784E+02 1.007989032E+03 2.588750949E+01
6.560000000E+07 8.317487845E+02 8.496365947E+02 6.225073105E+02 1.005357766E+03 2.582104116E+01
6.580000000E+07 8.295163533E+02 8.474189171E+02 6.209346614E+02 1.002741497E+03 2.575491585E+01
6.600000000E+07 8.272967431E+02 8.452137963E+02 6.193707545E+02 1.000140093E+03 2.568913100E+01
6.620000000E+07 8.250898402E+02 8.430211218E+02 6.178155139E+02 9.975534215E+02 2.562368408E+01
6.640000000E+07 8.228955329E+02 8.408407852E+02 6.162688652E+02 9.949813545E+02 2.555857260E+01
6.660000000E+07 8.207137109E+02 8.386726795E+02 6.147307346E+02 9.924237641E+02 2.549379407E+01
6.680000000E+07 8.185442645E+02 8.365166978E+02 6.132010488E+02 9.898805237E+02 2.542934604E+01
6.700000000E+07 8.163870860E+02 8.343727359E+02 6.116797359E+02 9.873515090E+02 2.536522609E+01
6.720000000E+07 8.142420688E+02 8.322406899E+02 6.101667247E+02 9.848365965E+02 2.530143179E+01
6.740000000E+07 8.121091074E+02 8.301204576E+02 6.086619445E+02 9.823356645E+02 2.523796078E+01
6.760000000E+07 8.099880975E+02 8.280119375E+02 6.071653259E+02 9.798485926E+02 2.517481069E+01
6.780000000E+07 8.078789365E+02 8.259150299E+02 6.056768000E+02 9.773752620E+02 2.511197919E+01
6.800000000E+07 8.057815222E+02 8.238296356E+02 6.041962986E+02 9.749155548E+02 2.504946397E+01
6.820000000E+07 8.036957540E+02 8.217556568E+02 6.027237543E+02 9.724693549E+02 2.498726273E+01
6.840000000E+07 8.016215328E+02 8.196929972E+02 6.012591010E+02 9.700365475E+02 2.492537321E+01
6.860000000E+07 7.995587599E+02 8.176415610E+02 5.998022726E+02 9.676170190E+02 2.486379316E+01
6.880000000E+07 7.975073386E+02 8.156012540E+02 5.983532043E+02 9.652106571E+02 2.480252036E+01
6.900000000E+07 7.954671725E+02 8.135719826E+02 5.969118317E+02 9.628173509E+02 2.474155261E+01
6.920000000E+07 7.934381669E+02 8.115536548E+02 5.954780913E+02 9.604369908E+02 2.468088771E+01
6.940000000E+07 7.914378178E+02 8.095644625E+02 5.940673677E+02 9.581270043E+02 2.468669978E+01
6.960000000E+07 7.894309396E+02 8.075678396E+02 5.926487807E+02 9.557725002E+02 2.462698830E+01
6.980000000E+07 7.874349426E+02 8.055818887E+02 5.912376387E+02 9.534306175E+02 2.456757011E+01
7.000000000E+07 7.854497354E+02 8.036065209E+02 5.898338804E+02 9.511012503E+02 2.450844224E+01
7.020000000E+07 7.834752287E+02 8.016416494E+02 5.884374461E+02 9.487842949E+02 2.444960194E+01
7.040000000E+07 7.815113337E+02 7.996871878E+02 5.870482761E+02 9.464796485E+02 2.439104714E+01
7.060000000E+07 7.795579623E+02 7.977430505E+02 5.856663115E+02 9.441872099E+02 2.433277581E+01
7.080000000E+07 7.776150283E+02 7.958091535E+02 5.842914945E+02 9.419068788E+02 2.427478590E+01
7.100000000E+07 7.756824457E+02 7.938854134E+02 5.829237674E+02 9.396385563E+02 2.421707540E+01
7.120000000E+07 7.737601295E+02 7.919717473E+02 5.815630732E+02 9.373821442E+02 2.415964234E+01
7.140000000E+07 7.718479963E+02 7.900680743E+02 5.802093560E+02 9.351375459E+02 2.410248474E+01
7.160000000E+07 7.699459627E+02 7.881743131E+02 5.788625598E+02 9.329046653E+02 2.404560065E+01
7.180000000E+07 7.680539471E+02 7.862903843E+02 5.775226300E+02 9.306834078E+02 2.398898814E+01
7.200000000E+07 7.661718681E+02 7.844162090E+02 5.761895119E+02 9.284736797E+02 2.393264531E+01
7.220000000E+07 7.642996458E+02 7.825517090E+02 5.748631517E+02 9.262753882E+02 2.387657025E+01
7.240000000E+07 7.624372005E+02 7.806968071E+02 5.735434963E+02 9.240884417E+02 2.382076110E+01
7.260000000E+07 7.605844536E+02 7.788514267E+02 5.722304926E+02 9.219127493E+02 2.376521600E+01
7.280000000E+07 7.587413279E+02 7.770154928E+02 5.709240890E+02 9.197482216E+02 2.370993312E+01
7.300000000E+07 7.569077464E+02 7.751889303E+02 5.696242336E+02 9.175947697E+02 2.365491063E+01
7.320000000E+07 7.550836330E+02 7.733716652E+02 5.683308755E+02 9.154523058E+02 2.360014673E+01
7.340000000E+07 7.532689126E+02 7.715636244E+02 5.670439640E+02 9.133207431E+02 2.354563963E+01
7.360000000E+07 7.514635111E+02 7.697647358E+02 5.657634495E+02 9.111999959E+02 2.349138758E+01
7.380000000E+07 7.496673546E+02 7.679749275E+02 5.644892824E+02 9.090899788E+02 2.343738882E+01
7.400000000E+07 7.478803705E+02 7.661941287E+02 5.632214136E+02 9.069906080E+02 2.338364161E+01
7.420000000E+07 7.461024867E+02 7.644222693E+02 5.619597950E+02 9.049018002E+02 2.333014424E+01
7.440000000E+07 7.443336320E+02 7.626592799E+02 5.607043786E+02 9.028234732E+02 2.327689501E+01
7.460000000E+07 7.425737361E+02 7.609050923E+02 5.594551171E+02 9.007555455E+02 2.322389224E+01
7.480000000E+07 7.408227292E+02 7.591596381E+02 5.582119635E+02 8.986979366E+02 2.317113424E+01
7.500000000E+07 7.390805419E+02 7.574228501E+02 5.569748712E+02 8.966505665E+02 2.311861937E+01
7.520000000E+07 7.373471064E+02 7.556946622E+02 5.557437947E+02 8.946133567E+02 2.306634600E+01
7.540000000E+07 7.356223550E+02 7.539750083E+02 5.545186882E+02 8.925862289E+02 2.301431249E+01
7.560000000E+07 7.339062209E+02 7.522638235E+02 5.532995070E+02 8.905691060E+02 2.296251724E+01
7.580000000E+07 7.321986377E+02 7.505610431E+02 5.520862063E+02 8.885619113E+02 2.291095866E+01
7.600000000E+07 7.304995399E+02 7.488666033E+02 5.508787421E+02 8.865645693E+02 2.285963517E+01
7.620000000E+07 7.288088630E+02 7.471804412E+02 5.496770708E+02 8.845770051E+02 2.280854520E+01
7.640000000E+07 7.271265429E+02 7.455024943E+02 5.484811493E+02 8.825991447E+02 2.275768721E+01
7.660000000E+07 7.254525158E+02 7.438327007E+02 5.472909348E+02 8.806309146E+02 2.270705966E+01
7.680000000E+07 7.237867188E+02 7.421709989E+02 5.461063847E+02 8.786722421E+02 2.265666102E+01
7.700000000E+07 7.221290902E+02 7.405173289E+02 5.449274577E+02 8.767230557E+02 2.260648979E+01
7.720000000E+07 7.204795681E+02 7.388716302E+02 5.437541118E+02 8.747832840E+02 2.255654448E+01
7.740000000E+07 7.188380916E+02 7.372338436E+02 5.425863062E+02 8.728528567E+02 2.250682359E+01
7.760000000E+07 7.172046006E+02 7.356039107E+02 5.414240003E+02 8.709317043E+02 2.245732568E+01
7.780000000E+07 7.155790351E+02 7.339817726E+02 5.402671536E+02 8.690197574E+02 2.240804927E+01
7.800000000E+07 7.139613364E+02 7.323673723E+02 5.391157266E+02 8.671169481E+02 2.235899294E+01
7.820000000E+07 7.123514457E+02 7.307606526E+02 5.379696798E+02 8.652232088E+02 2.231015524E+01
7.840000000E+07 7.107493050E+02 7.291615569E+02 5.368289738E+02 8.633384722E+02 2.226153476E+01
7.860000000E+07 7.091548574E+02 7.275700297E+02 5.356935704E+02 8.614626725E+02 2.221313011E+01
7.880000000E+07 7.075680458E+02 7.259860152E+02 5.345634310E+02 8.595957439E+02 2.216493988E+01
7.900000000E+07 7.059888141E+02 7.244094589E+02 5.334385178E+02 8.577376214E+02 2.211696269E+01
7.920000000E+07 7.044171067E+02 7.228403065E+02 5.323187933E+02 8.558882409E+02 2.206919719E+01
7.940000000E+07 7.028528684E+02 7.212785043E+02 5.312042202E+02 8.540475386E+02 2.202164200E+01
7.960000000E+07 7.012960448E+02 7.197239990E+02 5.300947618E+02 8.522154516E+02 2.197429580E+01
7.980000000E+07 6.997465819E+02 7.181767382E+02 5.289903817E+02 8.503919174E+02 2.192715724E+01
8.000000000E+07 6.982044262E+02 7.166366696E+02 5.278910437E+02 8.485768742E+02 2.188022500E+01
8.020000000E+07 6.966695247E+02 7.151037415E+02 5.267967120E+02 8.467702609E+02 2.183349777E+01
8.040000000E+07 6.951418251E+02 7.135779030E+02 5.257073514E+02 8.449720169E+02 2.178697426E+01
8.060000000E+07 6.936212755E+02 7.120591032E+02 5.246229267E+02 8.431820822E+02 2.174065318E+01
8.080000000E+07 6.921208887E+02 7.105608725E+02 5.235548796E+02 8.414431625E+02 2.174492621E+01
8.100000000E+07 6.906145406E+02 7.090560581E+02 5.224802717E+02 8.396698515E+02 2.169924732E+01
8.120000000E+07 6.891151891E+02 7.075581329E+02 5.214104960E+02 8.379046717E+02 2.165376522E+01
8.140000000E+07 6.876227841E+02 7.060670480E+02 5.203455186E+02 8.361475645E+02 2.160847759E+01
8.160000000E+07 6.861372762E+02 7.045827552E+02 5.192853061E+02 8.343984728E+02 2.156338322E+01
8.180000000E+07 6.846586164E+02 7.031052067E+02 5.182298254E+02 8.326573400E+02 2.151848085E+01
8.200000000E+07 6.831867562E+02 7.016343552E+02 5.171790436E+02 8.309241099E+02 2.147376927E+01
8.220000000E+07 6.817216474E+02 7.001701536E+02 5.161329283E+02 8.291987272E+02 2.142924728E+01
8.240000000E+07 6.802632426E+02 6.987125557E+02 5.150914472E+02 8.274811366E+02 2.138491367E+01
8.260000000E+07 6.788114948E+02 6.972615155E+02 5.140545686E+02 8.257712839E+02 2.134076726E+01
8.280000000E+07 6.773663571E+02 6.958169873E+02 5.130222609E+02 8.240691151E+02 2.129680687E+01
8.300000000E+07 6.759277834E+02 6.943789262E+02 5.119944928E+02 8.223745767E+02 2.125303134E+01
8.320000000E+07 6.744957277E+02 6.929472872E+02 5.109712331E+02 8.206876157E+02 2.120943950E+01
8.340000000E+07 6.730701447E+02 6.915220261E+02 5.099524512E+02 8.190081797E+02 2.116603022E+01
8.360000000E+07 6.716509897E+02 6.901030992E+02 5.089381169E+02 8.173362168E+02 2.112280236E+01
8.380000000E+07 6.702382178E+02 6.886904627E+02 5.079281997E+02 8.156716753E+02 2.107975478E+01
8.400000000E+07 6.688317851E+02 6.872840738E+02 5.069226699E+02 8.140145045E+02 2.103688638E+01
8.420000000E+07 6.674316479E+02 6.858838898E+02 5.059214979E+02 8.123646537E+02 2.099419605E+01
8.440000000E+07 6.660377629E+02 6.844898683E+02 5.049246545E+02 8.107220730E+02 2.095168270E+01
8.460000000E+07 6.646500873E+02 6.831019675E+02 5.039321104E+02 8.090867127E+02 2.090934522E+01
8.480000000E+07 6.632685784E+02 6.817201460E+02 5.029438370E+02 8.074585238E+02 2.086718256E+01
8.500000000E+07 6.618931940E+02 6.803443623E+02 5.019598055E+02 8.058374573E+02 2.082519363E+01
8.520000000E+07 6.605238930E+02 6.789745762E+02 5.009799881E+02 8.042234655E+02 2.078337738E+01
8.540000000E+07 6.591606335E+02 6.776107470E+02 5.000043564E+02 8.026165003E+02 2.074173275E+01
8.560000000E+07 6.578033749E+02 6.762528349E+02 4.990328829E+02 8.010165145E+02 2.070025871E+01
8.580000000E+07 6.564520762E+02 6.749008000E+02 4.980655397E+02 7.994234610E+02 2.065895423E+01
8.600000000E+07 6.551066975E+02 6.735546031E+02 4.971022999E+02 7.978372934E+02 2.061781828E+01
8.620000000E+07 6.537671991E+02 6.722142054E+02 4.961431364E+02 7.962579657E+02 2.057684983E+01
8.640000000E+07 6.524335413E+02 6.708795683E+02 4.951880224E+02 7.946854323E+02 2.053604790E+01
8.660000000E+07 6.511056852E+02 6.695506538E+02 4.942369315E+02 7.931196480E+02 2.049541147E+01
8.680000000E+07 6.497835916E+02 6.682274234E+02 4.932898370E+02 7.915605677E+02 2.045493956E+01
8.700000000E+07 6.484672226E+02 6.669098402E+02 4.923467133E+02 7.900081474E+02 2.041463119E+01
8.720000000E+07 6.471565397E+02 6.655978665E+02 4.914075342E+02 7.884623427E+02 2.037448538E+01
8.740000000E+07 6.458515056E+02 6.642914659E+02 4.904722743E+02 7.869231102E+02 2.033450116E+01
8.760000000E+07 6.445520825E+02 6.629906014E+02 4.895409081E+02 7.853904066E+02 2.029467759E+01
8.780000000E+07 6.432582336E+02 6.616952371E+02 4.886134106E+02 7.838641891E+02 2.025501370E+01
8.800000000E+07 6.419699223E+02 6.604053372E+02 4.876897568E+02 7.823444153E+02 2.021550856E+01
8.820000000E+07 6.406871119E+02 6.591208658E+02 4.867699219E+02 7.808310430E+02 2.017616123E+01
8.840000000E+07 6.394097663E+02 6.578417875E+02 4.858538813E+02 7.793240303E+02 2.013697079E+01
8.860000000E+07 6.381378502E+02 6.565680680E+02 4.849416111E+02 7.778233364E+02 2.009793631E+01
8.880000000E+07 6.368713276E+02 6.552996720E+02 4.840330869E+02 7.763289198E+02 2.005905689E+01
8.900000000E+07 6.356101639E+02 6.540365656E+02 4.831282849E+02 7.748407401E+02 2.002033161E+01
8.920000000E+07 6.343543239E+02 6.527787145E+02 4.822271814E+02 7.733587570E+02 1.998175959E+01
8.940000000E+07 6.331037731E+02 6.515260849E+02 4.813297529E+02 7.718829306E+02 1.994333992E+01
8.960000000E+07 6.318584776E+02 6.502786436E+02 4.804359764E+02 7.704132214E+02 1.990507174E+01
8.980000000E+07 6.306184033E+02 6.490363573E+02 4.795458286E+02 7.689495901E+02 1.986695416E+01
9.000000000E+07 6.293835164E+02 6.477991930E+02 4.786592867E+02 7.674919978E+02 1.982898631E+01
9.020000000E+07 6.281537838E+02 6.465671182E+02 4.777763280E+02 7.660404060E+02 1.979116733E+01
9.040000000E+07 6.269291726E+02 6.453401008E+02 4.768969301E+02 7.645947765E+02 1.975349637E+01
9.060000000E+07 6.257096498E+02 6.441181085E+02 4.760210708E+02 7.631550715E+02 1.971597257E+01
9.080000000E+07 6.244951830E+02 6.429011096E+02 4.751487278E+02 7.617212533E+02 1.967859510E+01
9.100000000E+07 6.232857400E+02 6.416890726E+02 4.742798793E+02 7.602932848E+02 1.964136311E+01
9.120000000E+07 6.220812891E+02 6.404819665E+02 4.734145037E+02 7.588711290E+02 1.960427579E+01
9.140000000E+07 6.208817982E+02 6.392797598E+02 4.725525792E+02 7.574547493E+02 1.956733230E+01
9.160000000E+07 6.196872366E+02 6.380824225E+02 4.716940848E+02 7.560441096E+02 1.953053183E+01
9.180000000E+07 6.184975725E+02 6.368899236E+02 4.708389989E+02 7.546391736E+02 1.949387357E+01
9.200000000E+07 6.173127757E+02 6.357022333E+02 4.699873009E+02 7.532399060E+02 1.945735672E+01
9.220000000E+07 6.161328150E+02 6.345193214E+02 4.691389696E+02 7.518462711E+02 1.942098047E+01
9.240000000E+07 6.149576606E+02 6.333411585E+02 4.682939848E+02 7.504582341E+02 1.938474404E+01
9.260000000E+07 6.137872822E+02 6.321677149E+02 4.674523256E+02 7.490757600E+02 1.934864664E+01
9.280000000E+07 6.126216500E+02 6.309989616E+02 4.666139719E+02 7.476988146E+02 1.931268750E+01
9.300000000E+07 6.114607348E+02 6.298348699E+02 4.657789038E+02 7.463273635E+02 1.927686583E+01
9.320000000E+07 6.103045068E+02 6.286754106E+02 4.649471008E+02 7.449613729E+02 1.924118087E+01
9.340000000E+07 6.091529371E+02 6.275205556E+02 4.641185435E+02 7.436008091E+02 1.920563185E+01
9.360000000E+07 6.080059969E+02 6.263702765E+02 4.632932120E+02 7.422456388E+02 1.917021803E+01
9.380000000E+07 6.068733139E+02 6.252345837E+02 4.624795715E+02 7.409274553E+02 1.917308403E+01
9.400000000E+07 6.057355831E+02 6.240934102E+02 4.616606651E+02 7.395830909E+02 1.913810430E+01
9.420000000E+07 6.046023964E+02 6.229567290E+02 4.608449264E+02 7.382440203E+02 1.910325575E+01
9.440000000E+07 6.034737262E+02 6.218245130E+02 4.600323363E+02 7.369102117E+02 1.906853802E+01
9.460000000E+07 6.023495445E+02 6.206967350E+02 4.592228761E+02 7.355816327E+02 1.903395004E+01
9.480000000E+07 6.012298241E+02 6.195733682E+02 4.584165268E+02 7.342582516E+02 1.899949103E+01
9.500000000E+07 6.001145378E+02 6.184543860E+02 4.576132701E+02 7.329400370E+02 1.896516027E+01
9.520000000E+07 5.990036585E+02 6.173397618E+02 4.568130875E+02 7.316269576E+02 1.893095704E+01
9.540000000E+07 5.978971595E+02 6.162294696E+02 4.560159608E+02 7.303189825E+02 1.889688063E+01
9.560000000E+07 5.967950146E+02 6.151234835E+02 4.552218719E+02 7.290160811E+02 1.886293033E+01
9.580000000E+07 5.956971969E+02 6.140217773E+02 4.544308027E+02 7.277182227E+02 1.882910545E+01
9.600000000E+07 5.946036810E+02 6.129243260E+02 4.536427356E+02 7.264253774E+02 1.879540529E+01
9.620000000E+07 5.935144403E+02 6.118311038E+02 4.528576527E+02 7.251375150E+02 1.876182916E+01
9.640000000E+07 5.924294498E+02 6.107420859E+02 4.520755368E+02 7.238546061E+02 1.872837638E+01
9.660000000E+07 5.913486836E+02 6.096572471E+02 4.512963701E+02 7.225766209E+02 1.869504626E+01
9.680000000E+07 5.902721166E+02 6.085765628E+02 4.505201356E+02 7.213035305E+02 1.866183815E+01
9.700000000E+07 5.891997238E+02 6.075000083E+02 4.497468163E+02 7.200353057E+02 1.862875137E+01
9.720000000E+07 5.881314803E+02 6.064275595E+02 4.489763949E+02 7.187719177E+02 1.859578525E+01
9.740000000E+07 5.870673615E+02 6.053591921E+02 4.482088549E+02 7.175133382E+02 1.856293915E+01
9.760000000E+07 5.860073429E+02 6.042948821E+02 4.474441793E+02 7.162595387E+02 1.853021240E+01
9.780000000E+07 5.849514003E+02 6.032346058E+02 4.466823517E+02 7.150104912E+02 1.849760437E+01
9.800000000E+07 5.838995096E+02 6.021783396E+02 4.459233556E+02 7.137661678E+02 1.846511440E+01
9.820000000E+07 5.828516468E+02 6.011260599E+02 4.451671746E+02 7.125265409E+02 1.843274186E+01
9.840000000E+07 5.818077885E+02 6.000777438E+02 4.444137927E+02 7.112915832E+02 1.840048613E+01
9.860000000E+07 5.807679112E+02 5.990333683E+02 4.436631937E+02 7.100612674E+02 1.836834656E+01
9.880000000E+07 5.797319913E+02 5.979929103E+02 4.429153616E+02 7.088355665E+02 1.833632254E+01
9.900000000E+07 5.787000058E+02 5.969563471E+02 4.421702807E+02 7.076144537E+02 1.830441345E+01
9.920000000E+07 5.776719320E+02 5.959236565E+02 4.414279354E+02 7.063979026E+02 1.827261867E+01
9.940000000E+07 5.766477469E+02 5.948948160E+02 4.406883099E+02 7.051858867E+02 1.824093760E+01
9.960000000E+07 5.756274280E+02 5.938698035E+02 4.399513888E+02 7.039783800E+02 1.820936963E+01
9.980000000E+07 5.746109528E+02 5.928485970E+02 4.392171569E+02 7.027753564E+02 1.817791417E+01
1.000000000E+08 5.735982992E+02 5.918311747E+02 4.384855989E+02 7.015767903E+02 1.814657061E+01
