8.000000000E+00 0.000000000E+00 0.000000000E+00 0.000000000E+00 0.000000000E+00 0.000000000E+00
9.000000000E+00 0.000000000E+00 0.000000000E+00 0.000000000E+00 0.000000000E+00 0.000000000E+00
1.000000000E+01 0.000000000E+00 0.000000000E+00 0.000000000E+00 0.000000000E+00 0.000000000E+00
1.100000000E+01 5.329507316E+03 0.000000000E+00 0.000000000E+00 0.000000000E+00 0.000000000E+00
1.200000000E+01 1.309922040E+04 0.000000000E+00 0.000000000E+00 0.000000000E+00 0.000000000E+00
1.300000000E+01 2.240796472E+04 0.000000000E+00 0.000000000E+00 0.000000000E+00 0.000000000E+00
1.400000000E+01 3.107667624E+04 2.755625396E+03 0.000000000E+00 0.000000000E+00 0.000000000E+00
1.500000000E+01 4.033096509E+04 6.914013842E+03 0.000000000E+00 0.000000000E+00 0.000000000E+00
1.600000000E+01 4.813800752E+04 1.194226001E+04 0.000000000E+00 0.000000000E+00 0.000000000E+00
1.700000000E+01 5.134114427E+04 1.654526063E+04 0.000000000E+00 0.000000000E+00 0.000000000E+00
1.800000000E+01 5.457109251E+04 2.199017677E+04 6.423121698E+02 0.000000000E+00 0.000000000E+00
1.900000000E+01 5.931971847E+04 2.840970848E+04 1.591047354E+03 0.000000000E+00 0.000000000E+00
2.000000000E+01 6.408108399E+04 3.544090217E+04 2.760925812E+03 0.000000000E+00 0.000000000E+00
2.200000000E+01 7.367521799E+04 4.778350076E+04 5.459542301E+03 0.000000000E+00 0.000000000E+00
2.400000000E+01 8.359894169E+04 6.001730143E+04 8.277498112E+03 0.000000000E+00 0.000000000E+00
2.600000000E+01 9.280453830E+04 7.218429653E+04 1.101852778E+04 0.000000000E+00 0.000000000E+00
2.800000000E+01 1.033903182E+05 8.546428364E+04 1.386180785E+04 0.000000000E+00 0.000000000E+00
3.000000000E+01 1.163491966E+05 1.004781772E+05 1.685573455E+04 0.000000000E+00 0.000000000E+00
3.200000000E+01 1.335938357E+05 1.194255623E+05 2.035581236E+04 0.000000000E+00 0.000000000E+00
3.400000000E+01 1.557084737E+05 1.434423809E+05 2.447233699E+04 9.666272203E+02 0.000000000E+00
3.600000000E+01 1.807481727E+05 1.738246390E+05 2.953051632E+04 2.845857896E+03 0.000000000E+00
3.800000000E+01 2.064222561E+05 2.111544316E+05 3.591709993E+04 5.606246324E+03 0.000000000E+00
4.000000000E+01 2.311346737E+05 2.546108996E+05 4.404956424E+04 9.729721733E+03 0.000000000E+00
4.200000000E+01 2.541006558E+05 3.021371894E+05 5.424496836E+04 1.554859471E+04 0.000000000E+00
4.400000000E+01 2.749731814E+05 3.510630817E+05 6.658662859E+04 2.292427224E+04 0.000000000E+00
4.600000000E+01 2.935985318E+05 3.989382759E+05 8.092445828E+04 3.148525491E+04 0.000000000E+00
4.800000000E+01 3.099501778E+05 4.440532823E+05 9.645555850E+04 4.094456698E+04 0.000000000E+00
5.000000000E+01 3.241089761E+05 4.854840665E+05 1.118730136E+05 5.112722696E+04 0.000000000E+00
5.500000000E+01 3.507243782E+05 5.631212350E+05 1.506071502E+05 7.872324886E+04 0.000000000E+00
6.000000000E+01 3.643750504E+05 6.152229789E+05 1.861555218E+05 1.084855138E+05 0.000000000E+00
6.500000000E+01 3.714123334E+05 6.496886774E+05 2.159467774E+05 1.386519713E+05 0.000000000E+00
7.000000000E+01 3.739108425E+05 6.713186455E+05 2.396216396E+05 1.700391002E+05 0.000000000E+00
7.500000000E+01 3.733122277E+05 6.837224257E+05 2.578247148E+05 1.945608426E+05 0.000000000E+00
8.000000000E+01 3.706104402E+05 6.895112835E+05 2.714814956E+05 2.224052673E+05 0.000000000E+00
8.500000000E+01 3.664925637E+05 6.905554217E+05 2.830314020E+05 2.416595128E+05 0.000000000E+00
9.000000000E+01 3.623933781E+05 6.879855059E+05 2.884664342E+05 2.633707194E+05 0.000000000E+00
9.500000000E+01 3.556885814E+05 6.852209933E+05 2.945446741E+05 2.770704781E+05 0.000000000E+00
1.000000000E+02 3.504280241E+05 6.766879866E+05 2.963585861E+05 2.928195693E+05 0.000000000E+00
1.100000000E+02 3.376690589E+05 6.603147399E+05 2.985266231E+05 3.126317339E+05 0.000000000E+00
1.200000000E+02 3.249117961E+05 6.415780851E+05 2.971712395E+05 3.250718786E+05 0.000000000E+00
1.400000000E+02 3.007786830E+05 6.023677799E+05 2.888515803E+05 3.352464636E+05 0.000000000E+00
1.600000000E+02 2.792124358E+05 5.647190778E+05 2.773281968E+05 3.340349282E+05 0.000000000E+00
1.800000000E+02 2.602483184E+05 5.302511194E+05 2.650190689E+05 3.276639295E+05 0.000000000E+00
2.000000000E+02 2.435315863E+05 4.994449515E+05 2.530646807E+05 3.179982372E+05 0.000000000E+00
2.500000000E+02 2.101774975E+05 4.349598961E+05 2.257213801E+05 2.904785087E+05 0.000000000E+00
3.000000000E+02 1.849741332E+05 3.857794128E+05 2.034472943E+05 2.652108854E+05 0.000000000E+00
3.500000000E+02 1.655423349E+05 3.468282466E+05 1.850596313E+05 2.427180559E+05 0.000000000E+00
4.000000000E+02 1.499824931E+05 3.155806738E+05 1.698695010E+05 2.237489841E+05 0.000000000E+00
4.500000000E+02 1.372923632E+05 2.897484631E+05 1.571300833E+05 2.073251819E+05 0.000000000E+00
5.000000000E+02 1.266541117E+05 2.681201069E+05 1.462890335E+05 1.931705253E+05 0.000000000E+00
5.390000000E+02 1.194649925E+05 2.535232426E+05 1.388995184E+05 1.834575149E+05 0.000000000E+00
5.400000000E+02 1.193342702E+05 2.531614386E+05 1.387149329E+05 1.832033213E+05 0.000000000E+00
6.000000000E+02 1.099771524E+05 2.338053066E+05 1.288261817E+05 1.701144725E+05 1.764316238E+02
7.000000000E+02 9.743532181E+04 2.078415923E+05 1.153619395E+05 1.521859142E+05 5.399309847E+02
8.000000000E+02 8.757691063E+04 1.874171413E+05 1.046419650E+05 1.378548422E+05 8.313842623E+02
9.000000000E+02 7.963728496E+04 1.708670086E+05 9.589303434E+04 1.261329575E+05 1.039515342E+03
1.000000000E+03 7.313351618E+04 1.571881784E+05 8.860344336E+04 1.163484911E+05 1.181892279E+03
1.500000000E+03 5.246902848E+04 1.135737339E+05 6.489653487E+04 8.462011673E+04 1.406586898E+03
2.000000000E+03 4.129578540E+04 8.970941282E+04 5.175236446E+04 6.708656104E+04 1.350365307E+03
2.500000000E+03 3.418688104E+04 7.456299863E+04 4.328045120E+04 5.587118593E+04 1.250889623E+03
3.000000000E+03 2.926910754E+04 6.400274282E+04 3.734429249E+04 4.803762748E+04 1.152562647E+03
3.500000000E+03 2.565765354E+04 5.621260687E+04 3.292954105E+04 4.223224680E+04 1.064649420E+03
4.000000000E+03 2.288839217E+04 5.021699325E+04 2.950725752E+04 3.774883171E+04 9.880083483E+02
4.500000000E+03 2.069802865E+04 4.545291139E+04 2.677227682E+04 3.417521263E+04 9.214542176E+02
5.000000000E+03 1.892753169E+04 4.157366319E+04 2.453325501E+04 3.125478042E+04 8.634620490E+02
6.000000000E+03 1.621714218E+04 3.563428726E+04 2.107892594E+04 2.675862024E+04 7.677695100E+02
7.000000000E+03 1.419172107E+04 3.126129679E+04 1.853153775E+04 2.345188507E+04 6.922929130E+02
8.000000000E+03 1.263342938E+04 2.787631201E+04 1.657018728E+04 2.091263595E+04 6.312847090E+02
9.000000000E+03 1.139843956E+04 2.518224810E+04 1.500805677E+04 1.889817451E+04 5.809264846E+02
1.000000000E+04 1.039446023E+04 2.298739347E+04 1.373000471E+04 1.725899859E+04 5.386039578E+02
2.000000000E+04 5.666279350E+03 1.257149297E+04 7.581240403E+03 9.470830444E+03 3.149858444E+02
3.000000000E+04 3.952745949E+03 8.795561856E+03 5.333395503E+03 6.626384483E+03 2.294771745E+02
4.000000000E+04 3.057818535E+03 6.817285418E+03 4.148620560E+03 5.135647190E+03 1.824472041E+02
5.000000000E+04 2.504149969E+03 5.590744324E+03 3.411094902E+03 4.211421502E+03 1.523684959E+02
6.000000000E+04 2.126188039E+03 4.752158963E+03 2.905351043E+03 3.579548583E+03 1.313415487E+02
7.000000000E+04 1.851007339E+03 4.140835612E+03 2.535793756E+03 3.118933987E+03 1.157468229E+02
8.000000000E+04 1.641295199E+03 3.674447321E+03 2.253303371E+03 2.767538451E+03 1.036832369E+02
9.000000000E+04 1.475890577E+03 3.306312682E+03 2.029969692E+03 2.490187900E+03 9.404971996E+01
1.000000000E+05 1.341951990E+03 3.007991420E+03 1.848736081E+03 2.265444508E+03 8.616546508E+01
1.100000000E+05 1.231195288E+03 2.761117662E+03 1.698568172E+03 2.079460752E+03 7.958417576E+01
1.200000000E+05 1.138009248E+03 2.553274263E+03 1.572000470E+03 1.922882173E+03 7.400093212E+01
1.300000000E+05 1.058460909E+03 2.375760336E+03 1.463796857E+03 1.789156846E+03 6.920000809E+01
1.400000000E+05 9.897199531E+02 2.222300127E+03 1.370174312E+03 1.673557254E+03 6.502429565E+01
1.500000000E+05 9.296980852E+02 2.088251720E+03 1.288329788E+03 1.572584611E+03 6.135654590E+01
1.600000000E+05 8.768167595E+02 1.970103875E+03 1.216140542E+03 1.483591975E+03 5.810740520E+01
1.700000000E+05 8.298585647E+02 1.865149396E+03 1.151968581E+03 1.404538721E+03 5.520762340E+01
1.800000000E+05 7.878691706E+02 1.771266594E+03 1.094529256E+03 1.333826162E+03 5.260235280E+01
1.900000000E+05 7.500898145E+02 1.686768303E+03 1.042800250E+03 1.270182019E+03 5.024799349E+01
2.000000000E+05 7.159095894E+02 1.610295796E+03 9.959578714E+02 1.212583022E+03 4.810917285E+01
3.000000000E+05 4.947935012E+02 1.114989561E+03 6.918910591E+02 8.395342523E+02 3.404852301E+01
4.000000000E+05 3.804173140E+02 8.582993087E+02 5.337747995E+02 6.462211129E+02 2.659383956E+01
5.000000000E+05 3.101235928E+02 7.003344105E+02 4.362401075E+02 5.272600081E+02 2.193424880E+01
6.000000000E+05 2.623766862E+02 5.929322819E+02 3.698106809E+02 4.463836999E+02 1.872906936E+01
7.000000000E+05 2.277536317E+02 5.149800015E+02 3.215294330E+02 3.876874117E+02 1.638104769E+01
8.000000000E+05 2.014582277E+02 4.557270317E+02 2.847863051E+02 3.430718770E+02 1.458240193E+01
9.000000000E+05 1.807822130E+02 4.091058374E+02 2.558469661E+02 3.079680265E+02 1.315784943E+01
1.000000000E+06 1.640802061E+02 3.714278432E+02 2.324388341E+02 2.795987407E+02 1.199999155E+01
1.200000000E+06 1.387143705E+02 3.141835955E+02 1.968372352E+02 2.364978601E+02 1.021442227E+01
1.400000000E+06 1.203308090E+02 2.726777424E+02 1.709918721E+02 2.052481838E+02 8.910606387E+00
1.600000000E+06 1.063743327E+02 2.411539746E+02 1.513417567E+02 1.815143336E+02 7.914552059E+00
1.800000000E+06 9.540475496E+01 2.163675568E+02 1.358776255E+02 1.628532198E+02 7.127493231E+00
2.000000000E+06 8.654751326E+01 1.963478114E+02 1.233779608E+02 1.477812063E+02 6.489079180E+00
2.200000000E+06 7.924068156E+01 1.798277181E+02 1.130565452E+02 1.353442805E+02 5.960292733E+00
2.400000000E+06 7.310647048E+01 1.659548848E+02 1.043839272E+02 1.249005286E+02 5.514757238E+00
2.600000000E+06 6.788120153E+01 1.541342316E+02 9.699021235E+01 1.160018096E+02 5.133983093E+00
2.800000000E+06 6.337503712E+01 1.439373781E+02 9.060898875E+01 1.083255614E+02 4.804614087E+00
3.000000000E+06 5.944772405E+01 1.350479149E+02 8.504339848E+01 1.016335737E+02 4.516754820E+00
3.200000000E+06 5.599336557E+01 1.272269765E+02 8.014476621E+01 9.574603730E+01 4.262913650E+00
3.400000000E+06 5.293050602E+01 1.202908141E+02 7.579866789E+01 9.052463683E+01 4.037311728E+00
3.600000000E+06 5.019546675E+01 1.140957379E+02 7.191557746E+01 8.586120517E+01 3.835418023E+00
3.800000000E+06 4.773774580E+01 1.085277418E+02 6.842442461E+01 8.166991178E+01 3.653628409E+00
4.000000000E+06 4.551677115E+01 1.034951946E+02 6.526805726E+01 7.788176344E+01 3.489039209E+00
4.200000000E+06 4.349956633E+01 9.892358932E+01 6.239998233E+01 7.444065571E+01 3.339284210E+00
4.400000000E+06 4.165904442E+01 9.475170686E+01 5.978198299E+01 7.130048769E+01 3.202415291E+00
4.600000000E+06 3.997274263E+01 9.092876862E+01 5.738234921E+01 6.842302021E+01 3.076813595E+00
4.800000000E+06 3.842187068E+01 8.741229294E+01 5.517454459E+01 6.577626298E+01 2.961122493E+00
5.000000000E+06 3.699058601E+01 8.416646064E+01 5.313618899E+01 6.333324406E+01 2.854196326E+00
5.200000000E+06 3.566543504E+01 8.116085342E+01 5.124827266E+01 6.107105982E+01 2.755060753E+00
5.400000000E+06 3.443491756E+01 7.836946955E+01 4.949454271E+01 5.897013340E+01 2.662881745E+00
5.600000000E+06 3.328914368E+01 7.576994794E+01 4.786101913E+01 5.701362998E+01 2.576941095E+00
5.800000000E+06 3.221956082E+01 7.334295063E+01 4.633560968E+01 5.518699157E+01 2.496616898E+00
6.000000000E+06 3.121873471E+01 7.107166727E+01 4.490780055E+01 5.347756348E+01 2.421367865E+00
6.200000000E+06 3.028017204E+01 6.894141404E+01 4.356840617E+01 5.187429222E+01 2.350720612E+00
6.400000000E+06 2.939817597E+01 6.693930683E+01 4.230936515E+01 5.036747925E+01 2.284259288E+00
6.600000000E+06 2.856772740E+01 6.505399295E+01 4.112357288E+01 4.894857892E+01 2.221617056E+00
6.800000000E+06 2.778438696E+01 6.327542950E+01 4.000474318E+01 4.761003152E+01 2.162469043E+00
7.000000000E+06 2.704421343E+01 6.159469923E+01 3.894729334E+01 4.634512469E+01 2.106526483E+00
7.200000000E+06 2.634369563E+01 6.000385666E+01 3.794624808E+01 4.514787755E+01 2.053531810E+00
7.400000000E+06 2.567969520E+01 5.849579879E+01 3.699715885E+01 4.401294333E+01 2.003254543E+00
7.600000000E+06 2.504939824E+01 5.706415600E+01 3.609603563E+01 4.293552729E+01 1.955487792E+00
7.800000000E+06 2.445027430E+01 5.570319940E+01 3.523928918E+01 4.191131701E+01 1.910045310E+00
8.000000000E+06 2.388004148E+01 5.440776205E+01 3.442368176E+01 4.093642303E+01 1.866758963E+00
8.200000000E+06 2.333663654E+01 5.317317146E+01 3.364628496E+01 4.000732806E+01 1.825476575E+00
8.400000000E+06 2.281818924E+01 5.199519158E+01 3.290444352E+01 3.912084338E+01 1.786060068E+00
8.600000000E+06 2.232300019E+01 5.086997290E+01 3.219574407E+01 3.827407120E+01 1.748383859E+00
8.800000000E+06 2.184952178E+01 4.979400916E+01 3.151798814E+01 3.746437211E+01 1.712333472E+00
9.000000000E+06 2.139634147E+01 4.876409981E+01 3.086916861E+01 3.668933685E+01 1.677804331E+00
9.200000000E+06 2.096216736E+01 4.777731728E+01 3.024744935E+01 3.594676163E+01 1.644700707E+00
9.400000000E+06 2.054581556E+01 4.683097839E+01 2.965114722E+01 3.523462664E+01 1.612934800E+00
9.600000000E+06 2.014619905E+01 4.592261929E+01 2.907871652E+01 3.455107716E+01 1.582425928E+00
9.800000000E+06 1.976231796E+01 4.504997341E+01 2.852873509E+01 3.389440699E+01 1.553099818E+00
1.000000000E+07 1.939325097E+01 4.421095205E+01 2.799989225E+01 3.326304384E+01 1.524887979E+00
