1.000000000E+06 6.336006952E+03 1.314579881E+03 3.127992288E+03 9.628232891E+02 5.235776847E+02
1.200000000E+06 5.627291642E+03 1.185414219E+03 2.842147488E+03 9.213430539E+02 4.878132513E+02
1.400000000E+06 5.075597872E+03 1.081583140E+03 2.608933729E+03 8.794210588E+02 4.563606062E+02
1.600000000E+06 4.632173984E+03 9.959820417E+02 2.413968459E+03 8.392376174E+02 4.286987342E+02
1.800000000E+06 4.267366286E+03 9.243686445E+02 2.249168327E+03 8.016047132E+02 4.042807458E+02
2.000000000E+06 3.961032297E+03 8.632274553E+02 2.106981236E+03 7.667298796E+02 3.826148185E+02
2.200000000E+06 3.699952418E+03 8.105641943E+02 1.983596665E+03 7.345532841E+02 3.632833926E+02
2.400000000E+06 3.474402771E+03 7.646144946E+02 1.875194089E+03 7.049028358E+02 3.459389546E+02
2.600000000E+06 3.277344217E+03 7.241116827E+02 1.779051434E+03 6.775671514E+02 3.302944113E+02
2.800000000E+06 3.103553870E+03 6.881376284E+02 1.693224326E+03 6.523298574E+02 3.161125801E+02
3.000000000E+06 2.949018682E+03 6.559599586E+02 1.616123430E+03 6.289851668E+02 3.031968801E+02
3.200000000E+06 2.810582040E+03 6.269633467E+02 1.546360542E+03 6.073442430E+02 2.913835895E+02
3.400000000E+06 2.685782227E+03 6.006937318E+02 1.482940076E+03 5.872370367E+02 2.805355846E+02
3.600000000E+06 2.572633875E+03 5.767703573E+02 1.425006794E+03 5.685119501E+02 2.705373369E+02
3.800000000E+06 2.469525456E+03 5.548813616E+02 1.371855155E+03 5.510345257E+02 2.612909340E+02
4.000000000E+06 2.375134443E+03 5.347688174E+02 1.322897891E+03 5.346857693E+02 2.527129096E+02
4.200000000E+06 2.288362822E+03 5.162147591E+02 1.277633136E+03 5.193604129E+02 2.447317130E+02
4.400000000E+06 2.208295836E+03 4.990408587E+02 1.235653063E+03 5.049652615E+02 2.372856790E+02
4.600000000E+06 2.134164334E+03 4.830987635E+02 1.196619494E+03 4.914176876E+02 2.303213905E+02
4.800000000E+06 2.065303807E+03 4.682459526E+02 1.160190290E+03 4.786442927E+02 2.237923517E+02
5.000000000E+06 2.001156362E+03 4.543748441E+02 1.126119221E+03 4.665797331E+02 2.176579060E+02
5.200000000E+06 1.941238657E+03 4.413877448E+02 1.094177132E+03 4.551656989E+02 2.118823489E+02
5.400000000E+06 1.885133898E+03 4.292022006E+02 1.064172237E+03 4.443500301E+02 2.064341965E+02
5.600000000E+06 1.832475006E+03 4.177391736E+02 1.035913304E+03 4.340859522E+02 2.012855794E+02
5.800000000E+06 1.782945085E+03 4.069359205E+02 1.009253874E+03 4.243314177E+02 1.964117377E+02
6.000000000E+06 1.736264441E+03 3.967350359E+02 9.840575354E+02 4.150485358E+02 1.917905976E+02
6.200000000E+06 1.692186836E+03 3.870866984E+02 9.602065040E+02 4.062030804E+02 1.874024159E+02
6.400000000E+06 1.650492610E+03 3.779438103E+02 9.375864662E+02 3.977640639E+02 1.832294789E+02
6.600000000E+06 1.610987862E+03 3.692670519E+02 9.161041543E+02 3.897033672E+02 1.792558472E+02
6.800000000E+06 1.573499111E+03 3.610203917E+02 8.956731042E+02 3.819954185E+02 1.754671376E+02
7.000000000E+06 1.537871026E+03 3.531714852E+02 8.762155392E+02 3.746169132E+02 1.718503369E+02
7.200000000E+06 1.503964269E+03 3.456915844E+02 8.576625453E+02 3.675465693E+02 1.683936415E+02
7.400000000E+06 1.471652825E+03 3.385536633E+02 8.399482115E+02 3.607649138E+02 1.650863192E+02
7.600000000E+06 1.440823316E+03 3.317342690E+02 8.230161608E+02 3.542540948E+02 1.619185895E+02
7.800000000E+06 1.411372900E+03 3.252117906E+02 8.068140572E+02 3.479977163E+02 1.588815198E+02
8.000000000E+06 1.383208189E+03 3.189665647E+02 7.912942071E+02 3.419806932E+02 1.559669348E+02
8.200000000E+06 1.356244175E+03 3.129806575E+02 7.764130505E+02 3.361891225E+02 1.531673372E+02
8.400000000E+06 1.330403353E+03 3.072378080E+02 7.621311577E+02 3.306101695E+02 1.504758383E+02
8.600000000E+06 1.305614719E+03 3.017227483E+02 7.484111090E+02 3.252319673E+02 1.478860974E+02
8.800000000E+06 1.281813349E+03 2.964218223E+02 7.352197199E+02 3.200435266E+02 1.453922674E+02
9.000000000E+06 1.258939600E+03 2.913223593E+02 7.225260588E+02 3.150346561E+02 1.429889476E+02
9.200000000E+06 1.236938616E+03 2.864126870E+02 7.103016000E+02 3.101958907E+02 1.406711416E+02
9.400000000E+06 1.215759851E+03 2.816820339E+02 6.985199916E+02 3.055184282E+02 1.384342197E+02
9.600000000E+06 1.195356648E+03 2.771204429E+02 6.871568505E+02 3.009940713E+02 1.362738855E+02
9.800000000E+06 1.175685887E+03 2.727187367E+02 6.761897208E+02 2.966151772E+02 1.341861466E+02
1.000000000E+07 1.156707598E+03 2.684682865E+02 6.655973572E+02 2.923746100E+02 1.321672874E+02
1.020000000E+07 1.138384747E+03 2.643611926E+02 6.553603988E+02 2.882657003E+02 1.302138457E+02
1.040000000E+07 1.120682926E+03 2.603900719E+02 6.454607027E+02 2.842822066E+02 1.283225912E+02
1.060000000E+07 1.103570133E+03 2.565480489E+02 6.358813594E+02 2.804182819E+02 1.264905060E+02
1.080000000E+07 1.087016560E+03 2.528287124E+02 6.266065899E+02 2.766684425E+02 1.247147678E+02
1.100000000E+07 1.070994411E+03 2.492260761E+02 6.176216505E+02 2.730275398E+02 1.229927333E+02
1.120000000E+07 1.055477728E+03 2.457345439E+02 6.089127497E+02 2.694907355E+02 1.213219251E+02
1.140000000E+07 1.040442248E+03 2.423488899E+02 6.004670107E+02 2.660534778E+02 1.197000181E+02
1.160000000E+07 1.025865252E+03 2.390641842E+02 5.922722462E+02 2.627114809E+02 1.181248280E+02
1.180000000E+07 1.011725458E+03 2.358758338E+02 5.843171269E+02 2.594607052E+02 1.165943009E+02
1.200000000E+07 9.980029001E+02 2.327795161E+02 5.765909731E+02 2.562973399E+02 1.151065032E+02
1.220000000E+07 9.846788287E+02 2.297711675E+02 5.690837405E+02 2.532177871E+02 1.136596135E+02
1.240000000E+07 9.717356179E+02 2.268469643E+02 5.617859730E+02 2.502186467E+02 1.122519138E+02
1.260000000E+07 9.591566830E+02 2.240033054E+02 5.546887601E+02 2.472967033E+02 1.108817828E+02
1.280000000E+07 9.469264023E+02 2.212367957E+02 5.477836971E+02 2.444489129E+02 1.095476885E+02
1.300000000E+07 9.350300496E+02 2.185442317E+02 5.410628504E+02 2.416723927E+02 1.082481828E+02
1.320000000E+07 9.234537291E+02 2.159225908E+02 5.345187335E+02 2.389644095E+02 1.069818951E+02
1.340000000E+07 9.121843163E+02 2.133690078E+02 5.281442390E+02 2.363223704E+02 1.057475275E+02
1.360000000E+07 9.012094066E+02 2.108807799E+02 5.219326675E+02 2.337438140E+02 1.045438501E+02
1.380000000E+07 8.905172649E+02 2.084553458E+02 5.158776650E+02 2.312264017E+02 1.033696963E+02
1.400000000E+07 8.800967814E+02 2.060902787E+02 5.099732091E+02 2.287679105E+02 1.022239586E+02
1.420000000E+07 8.699374290E+02 2.037832772E+02 5.042135868E+02 2.263662254E+02 1.011055856E+02
1.440000000E+07 8.600292266E+02 2.015321578E+02 4.985933755E+02 2.240193333E+02 1.000135775E+02
1.460000000E+07 8.503627023E+02 1.993348466E+02 4.931074237E+02 2.217253167E+02 9.894698364E+01
1.480000000E+07 8.409288626E+02 1.971893732E+02 4.877508348E+02 2.194823481E+02 9.790489921E+01
1.500000000E+07 8.317191611E+02 1.950938637E+02 4.825189510E+02 2.172886843E+02 9.688646253E+01
1.520000000E+07 8.227254714E+02 1.930465351E+02 4.774073392E+02 2.151426625E+02 9.589085249E+01
1.540000000E+07 8.139400610E+02 1.910456904E+02 4.724117789E+02 2.130426945E+02 9.491728618E+01
1.560000000E+07 8.053555680E+02 1.890897108E+02 4.675282421E+02 2.109872636E+02 9.396501667E+01
1.580000000E+07 7.969649783E+02 1.871770549E+02 4.627528936E+02 2.089749198E+02 9.303333089E+01
1.600000000E+07 7.887616056E+02 1.853062517E+02 4.580820721E+02 2.070042765E+02 9.212154785E+01
1.620000000E+07 7.807390726E+02 1.834758973E+02 4.535122823E+02 2.050740070E+02 9.122901668E+01
1.640000000E+07 7.728912917E+02 1.816846509E+02 4.490401851E+02 2.031828413E+02 9.035511505E+01
1.660000000E+07 7.652124508E+02 1.799312313E+02 4.446625898E+02 2.013295629E+02 8.949924763E+01
1.680000000E+07 7.576969957E+02 1.782144137E+02 4.403764447E+02 1.995130061E+02 8.866084457E+01
1.700000000E+07 7.503396173E+02 1.765330264E+02 4.361788304E+02 1.977320536E+02 8.783936018E+01
1.720000000E+07 7.431352369E+02 1.748859482E+02 4.320669521E+02 1.959856333E+02 8.703427160E+01
1.740000000E+07 7.360789947E+02 1.732721054E+02 4.280381335E+02 1.942727169E+02 8.624507767E+01
1.760000000E+07 7.291662376E+02 1.716904695E+02 4.240898101E+02 1.925923168E+02 8.547129776E+01
1.780000000E+07 7.223925082E+02 1.701400546E+02 4.202195238E+02 1.909434849E+02 8.471247074E+01
1.800000000E+07 7.157535345E+02 1.686199152E+02 4.164249161E+02 1.893253100E+02 8.396815399E+01
1.820000000E+07 7.092452206E+02 1.671291446E+02 4.127037251E+02 1.877369163E+02 8.323792246E+01
1.840000000E+07 7.028636371E+02 1.656668723E+02 4.090537792E+02 1.861774615E+02 8.252136781E+01
1.860000000E+07 6.966050129E+02 1.642322626E+02 4.054729925E+02 1.846461354E+02 8.181809755E+01
1.880000000E+07 6.904657278E+02 1.628245125E+02 4.019593617E+02 1.831421584E+02 8.112773438E+01
1.900000000E+07 6.844423038E+02 1.614428505E+02 3.985109606E+02 1.816647797E+02 8.044991531E+01
1.920000000E+07 6.785313990E+02 1.600865348E+02 3.951259376E+02 1.802132764E+02 7.978429108E+01
1.940000000E+07 6.727298010E+02 1.587548520E+02 3.918025111E+02 1.787869520E+02 7.913052549E+01
1.960000000E+07 6.670344196E+02 1.574471154E+02 3.885389671E+02 1.773851349E+02 7.848829475E+01
1.980000000E+07 6.614422826E+02 1.561626645E+02 3.853336553E+02 1.760071780E+02 7.785728699E+01
2.000000000E+07 6.559505284E+02 1.549008627E+02 3.821849864E+02 1.746524569E+02 7.723720160E+01
2.020000000E+07 6.505564025E+02 1.536610972E+02 3.790914294E+02 1.733203693E+02 7.662774882E+01
2.040000000E+07 6.452572515E+02 1.524427775E+02 3.760515088E+02 1.720103338E+02 7.602864921E+01
2.060000000E+07 6.400505183E+02 1.512453340E+02 3.730638020E+02 1.707217892E+02 7.543963317E+01
2.080000000E+07 6.349337386E+02 1.500682177E+02 3.701269369E+02 1.694541933E+02 7.486044055E+01
2.100000000E+07 6.299045362E+02 1.489108991E+02 3.672395900E+02 1.682070226E+02 7.429082020E+01
2.120000000E+07 6.249606189E+02 1.477728669E+02 3.644004841E+02 1.669797710E+02 7.373052962E+01
2.140000000E+07 6.200997749E+02 1.466536278E+02 3.616083859E+02 1.657719492E+02 7.317933450E+01
2.160000000E+07 6.153198693E+02 1.455527055E+02 3.588621045E+02 1.645830842E+02 7.263700849E+01
2.180000000E+07 6.106188415E+02 1.444696397E+02 3.561604896E+02 1.634127185E+02 7.210333281E+01
2.200000000E+07 6.059947004E+02 1.434039858E+02 3.535024297E+02 1.622604094E+02 7.157809590E+01
2.220000000E+07 6.014455225E+02 1.423553141E+02 3.508868502E+02 1.611257284E+02 7.106109315E+01
2.240000000E+07 5.969694494E+02 1.413232090E+02 3.483127123E+02 1.600082609E+02 7.055212665E+01
2.260000000E+07 5.925646838E+02 1.403072689E+02 3.457790110E+02 1.589076051E+02 7.005100483E+01
2.280000000E+07 5.882294883E+02 1.393071049E+02 3.432847745E+02 1.578233721E+02 6.955754233E+01
2.300000000E+07 5.839621819E+02 1.383223409E+02 3.408290618E+02 1.567551849E+02 6.907155958E+01
2.320000000E+07 5.797611382E+02 1.373526128E+02 3.384109623E+02 1.557026784E+02 6.859288274E+01
2.340000000E+07 5.756247831E+02 1.363975682E+02 3.360295945E+02 1.546654984E+02 6.812134338E+01
2.360000000E+07 5.715515930E+02 1.354568656E+02 3.336841042E+02 1.536433016E+02 6.765677830E+01
2.380000000E+07 5.675400917E+02 1.345301743E+02 3.313736642E+02 1.526357551E+02 6.719902927E+01
2.400000000E+07 5.635888502E+02 1.336171738E+02 3.290974727E+02 1.516425359E+02 6.674794294E+01
2.420000000E+07 5.596964832E+02 1.327175536E+02 3.268547526E+02 1.506633306E+02 6.630337056E+01
2.440000000E+07 5.558616487E+02 1.318310125E+02 3.246447506E+02 1.496978349E+02 6.586516786E+01
2.460000000E+07 5.520830454E+02 1.309572585E+02 3.224667359E+02 1.487457536E+02 6.543319488E+01
2.480000000E+07 5.483594117E+02 1.300960083E+02 3.203200000E+02 1.478068001E+02 6.500731576E+01
2.500000000E+07 5.446895239E+02 1.292469872E+02 3.182038551E+02 1.468806957E+02 6.458739865E+01
2.520000000E+07 5.410721948E+02 1.284099285E+02 3.161176339E+02 1.459671699E+02 6.417331551E+01
2.540000000E+07 5.375062727E+02 1.275845733E+02 3.140606886E+02 1.450659600E+02 6.376494203E+01
2.560000000E+07 5.339906394E+02 1.267706704E+02 3.120323902E+02 1.441768104E+02 6.336215744E+01
2.580000000E+07 5.305242098E+02 1.259679756E+02 3.100321280E+02 1.432994729E+02 6.296484441E+01
2.600000000E+07 5.271059298E+02 1.251762519E+02 3.080593087E+02 1.424337059E+02 6.257288891E+01
2.620000000E+07 5.237347758E+02 1.243952689E+02 3.061133557E+02 1.415792748E+02 6.218618013E+01
2.640000000E+07 5.204097538E+02 1.236248030E+02 3.041937090E+02 1.407359511E+02 6.180461033E+01
2.660000000E+07 5.171298972E+02 1.228646365E+02 3.022998241E+02 1.399035127E+02 6.142807472E+01
2.680000000E+07 5.138942671E+02 1.221145580E+02 3.004311715E+02 1.390817434E+02 6.105647144E+01
2.700000000E+07 5.107019508E+02 1.213743618E+02 2.985872366E+02 1.382704327E+02 6.068970136E+01
2.720000000E+07 5.075520608E+02 1.206438480E+02 2.967675187E+02 1.374693758E+02 6.032766801E+01
2.740000000E+07 5.044437340E+02 1.199228220E+02 2.949715309E+02 1.366783734E+02 5.997027758E+01
2.760000000E+07 5.013761310E+02 1.192110945E+02 2.931987993E+02 1.358972312E+02 5.961743869E+01
2.780000000E+07 4.983484351E+02 1.185084813E+02 2.914488628E+02 1.351257601E+02 5.926906243E+01
2.800000000E+07 4.953598514E+02 1.178148031E+02 2.897212724E+02 1.343637758E+02 5.892506217E+01
2.820000000E+07 4.924096066E+02 1.171298854E+02 2.880155913E+02 1.336110989E+02 5.858535360E+01
2.840000000E+07 4.894969478E+02 1.164535583E+02 2.863313939E+02 1.328675543E+02 5.824985456E+01
2.860000000E+07 4.866211419E+02 1.157856561E+02 2.846682659E+02 1.321329716E+02 5.791848502E+01
2.880000000E+07 4.837814754E+02 1.151260179E+02 2.830258037E+02 1.314071846E+02 5.759116699E+01
2.900000000E+07 4.809772525E+02 1.144744862E+02 2.814036139E+02 1.306900311E+02 5.726782446E+01
2.920000000E+07 4.782077964E+02 1.138309083E+02 2.798013134E+02 1.299813532E+02 5.694838336E+01
2.940000000E+07 4.754724469E+02 1.131951348E+02 2.782185287E+02 1.292809966E+02 5.663277142E+01
2.960000000E+07 4.727705611E+02 1.125670205E+02 2.766548958E+02 1.285888110E+02 5.632091825E+01
2.980000000E+07 4.701015122E+02 1.119464235E+02 2.751100599E+02 1.279046498E+02 5.601275516E+01
3.000000000E+07 4.674646891E+02 1.113332057E+02 2.735836746E+02 1.272283696E+02 5.570821511E+01
3.020000000E+07 4.648594964E+02 1.107272322E+02 2.720754028E+02 1.265598309E+02 5.540723279E+01
3.040000000E+07 4.622853527E+02 1.101283716E+02 2.705849150E+02 1.258988972E+02 5.510974437E+01
3.060000000E+07 4.597416917E+02 1.095364956E+02 2.691118901E+02 1.252454354E+02 5.481568765E+01
3.080000000E+07 4.572279605E+02 1.089514790E+02 2.676560149E+02 1.245993155E+02 5.452500189E+01
3.100000000E+07 4.547436202E+02 1.083731997E+02 2.662169834E+02 1.239604105E+02 5.423762775E+01
3.120000000E+07 4.522881447E+02 1.078015386E+02 2.647944972E+02 1.233285965E+02 5.395350740E+01
3.140000000E+07 4.498610201E+02 1.072363792E+02 2.633882650E+02 1.227037523E+02 5.367258425E+01
3.160000000E+07 4.474617452E+02 1.066776079E+02 2.619980021E+02 1.220857596E+02 5.339480310E+01
3.180000000E+07 4.450898308E+02 1.061251138E+02 2.606234309E+02 1.214745028E+02 5.312011002E+01
3.200000000E+07 4.427447993E+02 1.055787885E+02 2.592642802E+02 1.208698688E+02 5.284845235E+01
3.220000000E+07 4.404261839E+02 1.050385263E+02 2.579202849E+02 1.202717473E+02 5.257977860E+01
3.240000000E+07 4.381335290E+02 1.045042237E+02 2.565911861E+02 1.196800302E+02 5.231403848E+01
3.260000000E+07 4.358663895E+02 1.039757797E+02 2.552767310E+02 1.190946121E+02 5.205118281E+01
3.280000000E+07 4.336243309E+02 1.034530957E+02 2.539766724E+02 1.185153897E+02 5.179116358E+01
3.300000000E+07 4.314069276E+02 1.029360751E+02 2.526907688E+02 1.179422621E+02 5.153393379E+01
3.320000000E+07 4.292137650E+02 1.024246238E+02 2.514187841E+02 1.173751305E+02 5.127944753E+01
3.340000000E+07 4.270444369E+02 1.019186494E+02 2.501604876E+02 1.168138986E+02 5.102765987E+01
3.360000000E+07 4.248985469E+02 1.014180619E+02 2.489156535E+02 1.162584717E+02 5.077852692E+01
3.380000000E+07 4.227757071E+02 1.009227732E+02 2.476840613E+02 1.157087575E+02 5.053200573E+01
3.400000000E+07 4.206755382E+02 1.004326971E+02 2.464654951E+02 1.151646655E+02 5.028805424E+01
3.420000000E+07 4.185976699E+02 9.994774930E+01 2.452597441E+02 1.146261074E+02 5.004663139E+01
3.440000000E+07 4.165417388E+02 9.946784731E+01 2.440666015E+02 1.140929962E+02 4.980769691E+01
3.460000000E+07 4.145073909E+02 9.899291059E+01 2.428858656E+02 1.135652475E+02 4.957121148E+01
3.480000000E+07 4.124942787E+02 9.852286003E+01 2.417173386E+02 1.130427780E+02 4.933713653E+01
3.500000000E+07 4.105020628E+02 9.805761848E+01 2.405608272E+02 1.125255065E+02 4.910543438E+01
3.520000000E+07 4.085304114E+02 9.759711039E+01 2.394161422E+02 1.120133535E+02 4.887606813E+01
3.540000000E+07 4.065789989E+02 9.714126166E+01 2.382830982E+02 1.115062410E+02 4.864900161E+01
3.560000000E+07 4.046475073E+02 9.668999990E+01 2.371615138E+02 1.110040925E+02 4.842419943E+01
3.580000000E+07 4.027356252E+02 9.624325418E+01 2.360512115E+02 1.105068334E+02 4.820162695E+01
3.600000000E+07 4.008430478E+02 9.580095509E+01 2.349520176E+02 1.100143903E+02 4.798125023E+01
3.620000000E+07 3.989694763E+02 9.536303459E+01 2.338637617E+02 1.095266915E+02 4.776303601E+01
3.640000000E+07 3.971146184E+02 9.492942609E+01 2.327862769E+02 1.090436666E+02 4.754695172E+01
3.660000000E+07 3.952781879E+02 9.450006433E+01 2.317194002E+02 1.085652467E+02 4.733296547E+01
3.680000000E+07 3.934599044E+02 9.407488542E+01 2.306629714E+02 1.080913641E+02 4.712104599E+01
3.700000000E+07 3.916594932E+02 9.365382671E+01 2.296168337E+02 1.076219527E+02 4.691116263E+01
3.720000000E+07 3.898766852E+02 9.323682689E+01 2.285808336E+02 1.071569476E+02 4.670328536E+01
3.740000000E+07 3.881112171E+02 9.282382585E+01 2.275548208E+02 1.066962850E+02 4.649738480E+01
3.760000000E+07 3.863628303E+02 9.241476464E+01 2.265386474E+02 1.062399026E+02 4.629343205E+01
3.780000000E+07 3.846312715E+02 9.200958547E+01 2.255321691E+02 1.057877391E+02 4.609139884E+01
3.800000000E+07 3.829162929E+02 9.160823181E+01 2.245352441E+02 1.053397345E+02 4.589125745E+01
3.820000000E+07 3.812176512E+02 9.121064808E+01 2.235477334E+02 1.048958299E+02 4.569298068E+01
3.840000000E+07 3.795351081E+02 9.081677993E+01 2.225695010E+02 1.044559676E+02 4.549654188E+01
3.860000000E+07 3.778684300E+02 9.042657402E+01 2.216004132E+02 1.040200910E+02 4.530191491E+01
3.880000000E+07 3.762173875E+02 9.003997796E+01 2.206403391E+02 1.035881444E+02 4.510907409E+01
3.900000000E+07 3.745817560E+02 8.965694043E+01 2.196891501E+02 1.031600733E+02 4.491799429E+01
3.920000000E+07 3.729613153E+02 8.927741117E+01 2.187467204E+02 1.027358242E+02 4.472865081E+01
3.940000000E+07 3.713558493E+02 8.890134076E+01 2.178129263E+02 1.023153445E+02 4.454101944E+01
3.960000000E+07 3.697651457E+02 8.852868076E+01 2.168876467E+02 1.018985827E+02 4.435507642E+01
3.980000000E+07 3.681889967E+02 8.815938361E+01 2.159707624E+02 1.014854882E+02 4.417079841E+01
4.000000000E+07 3.666271989E+02 8.779340280E+01 2.150621570E+02 1.010760115E+02 4.398816257E+01
4.020000000E+07 3.650795513E+02 8.743069245E+01 2.141617158E+02 1.006701036E+02 4.380714641E+01
4.040000000E+07 3.635458580E+02 8.707120768E+01 2.132693264E+02 1.002677166E+02 4.362772788E+01
4.060000000E+07 3.620259260E+02 8.671490443E+01 2.123848785E+02 9.986880373E+01 4.344988536E+01
4.080000000E+07 3.605195664E+02 8.636173944E+01 2.115082638E+02 9.947331865E+01 4.327359758E+01
4.100000000E+07 3.590265933E+02 8.601167020E+01 2.106393761E+02 9.908121605E+01 4.309884368E+01
4.120000000E+07 3.575468248E+02 8.566465504E+01 2.097781109E+02 9.869245145E+01 4.292560320E+01
4.140000000E+07 3.560800818E+02 8.532065302E+01 2.089243659E+02 9.830698107E+01 4.275385600E+01
4.160000000E+07 3.546261888E+02 8.497962394E+01 2.080780405E+02 9.792476201E+01 4.258358234E+01
4.180000000E+07 3.531849730E+02 8.464152830E+01 2.072390357E+02 9.754575197E+01 4.241476279E+01
4.200000000E+07 3.517562653E+02 8.430632730E+01 2.064072546E+02 9.716990952E+01 4.224737831E+01
4.220000000E+07 3.503398994E+02 8.397398291E+01 2.055826020E+02 9.679719395E+01 4.208141018E+01
4.240000000E+07 3.489357121E+02 8.364445772E+01 2.047649842E+02 9.642756518E+01 4.191683999E+01
4.260000000E+07 3.475435429E+02 8.331771498E+01 2.039543092E+02 9.606098390E+01 4.175364968E+01
4.280000000E+07 3.461632341E+02 8.299371855E+01 2.031504868E+02 9.569741141E+01 4.159182149E+01
4.300000000E+07 3.447946310E+02 8.267243300E+01 2.023534281E+02 9.533680970E+01 4.143133796E+01
4.320000000E+07 3.434375817E+02 8.235382345E+01 2.015630461E+02 9.497914144E+01 4.127218196E+01
4.340000000E+07 3.420919364E+02 8.203785566E+01 2.007792549E+02 9.462436985E+01 4.111433661E+01
4.360000000E+07 3.407575486E+02 8.172449597E+01 2.000019703E+02 9.427245887E+01 4.095778536E+01
4.380000000E+07 3.394342740E+02 8.141371130E+01 1.992311097E+02 9.392337298E+01 4.080251192E+01
4.400000000E+07 3.381219705E+02 8.110546912E+01 1.984665916E+02 9.357707725E+01 4.064850027E+01
4.420000000E+07 3.368204993E+02 8.079973751E+01 1.977083362E+02 9.323353743E+01 4.049573471E+01
4.440000000E+07 3.355297229E+02 8.049648500E+01 1.969562647E+02 9.289271968E+01 4.034419972E+01
4.460000000E+07 3.342495070E+02 8.019568077E+01 1.962103000E+02 9.255459089E+01 4.019388012E+01
4.480000000E+07 3.329797193E+02 7.989729440E+01 1.954703661E+02 9.221911836E+01 4.004476095E+01
4.500000000E+07 3.317202293E+02 7.960129598E+01 1.947363882E+02 9.188626996E+01 3.989682746E+01
4.520000000E+07 3.304709093E+02 7.930765622E+01 1.940082928E+02 9.155601413E+01 3.975006521E+01
4.540000000E+07 3.292316335E+02 7.901634621E+01 1.932860078E+02 9.122831976E+01 3.960445995E+01
4.560000000E+07 3.280022779E+02 7.872733753E+01 1.925694621E+02 9.090315629E+01 3.945999769E+01
4.580000000E+07 3.267827214E+02 7.844060227E+01 1.918585859E+02 9.058049366E+01 3.931666466E+01
4.600000000E+07 3.255728439E+02 7.815611296E+01 1.911533103E+02 9.026030224E+01 3.917444731E+01
4.620000000E+07 3.243725281E+02 7.787384258E+01 1.904535678E+02 8.994255294E+01 3.903333232E+01
4.640000000E+07 3.231816578E+02 7.759376446E+01 1.897592919E+02 8.962721705E+01 3.889330656E+01
4.660000000E+07 3.220001193E+02 7.731585250E+01 1.890704171E+02 8.931426636E+01 3.875435713E+01
4.680000000E+07 3.208278005E+02 7.704008090E+01 1.883868790E+02 8.900367310E+01 3.861647133E+01
4.700000000E+07 3.196645914E+02 7.676642443E+01 1.877086144E+02 8.869540999E+01 3.847963667E+01
4.720000000E+07 3.185103835E+02 7.649485809E+01 1.870355609E+02 8.838945010E+01 3.834384086E+01
4.740000000E+07 3.173650698E+02 7.622535732E+01 1.863676570E+02 8.808576689E+01 3.820907175E+01
4.760000000E+07 3.162285458E+02 7.595789810E+01 1.857048425E+02 8.778433440E+01 3.807531749E+01
4.780000000E+07 3.151007077E+02 7.569245651E+01 1.850470579E+02 8.748512686E+01 3.794256631E+01
4.800000000E+07 3.139814540E+02 7.542900927E+01 1.843942448E+02 8.718811903E+01 3.781080667E+01
4.820000000E+07 3.128706846E+02 7.516753332E+01 1.837463455E+02 8.689328603E+01 3.768002720E+01
4.840000000E+07 3.117683009E+02 7.490800601E+01 1.831033034E+02 8.660060336E+01 3.755021673E+01
4.860000000E+07 3.106742061E+02 7.465040501E+01 1.824650627E+02 8.631004686E+01 3.742136422E+01
4.880000000E+07 3.095883045E+02 7.439470836E+01 1.818315685E+02 8.602159276E+01 3.729345882E+01
4.900000000E+07 3.085105021E+02 7.414089443E+01 1.812027666E+02 8.573521767E+01 3.716648986E+01
4.920000000E+07 3.074407065E+02 7.388894191E+01 1.805786039E+02 8.545089853E+01 3.704044680E+01
4.940000000E+07 3.063788265E+02 7.363882982E+01 1.799590279E+02 8.516861261E+01 3.691531929E+01
4.960000000E+07 3.053247724E+02 7.339053751E+01 1.793439869E+02 8.488833753E+01 3.679109711E+01
4.980000000E+07 3.042784560E+02 7.314404468E+01 1.787334301E+02 8.461005129E+01 3.666777023E+01
5.000000000E+07 3.032397898E+02 7.289933117E+01 1.781273073E+02 8.433373209E+01 3.654532871E+01
5.020000000E+07 3.022086885E+02 7.265637737E+01 1.775255693E+02 8.405935860E+01 3.642376283E+01
5.040000000E+07 3.011850678E+02 7.241516379E+01 1.769281675E+02 8.378690975E+01 3.630306297E+01
5.060000000E+07 3.001688440E+02 7.217567123E+01 1.763350538E+02 8.351636468E+01 3.618321964E+01
5.080000000E+07 2.991599358E+02 7.193788093E+01 1.757461813E+02 8.324770301E+01 3.606422354E+01
5.100000000E+07 2.981582621E+02 7.170177416E+01 1.751615034E+02 8.298090449E+01 3.594606545E+01
5.120000000E+07 2.971637438E+02 7.146733273E+01 1.745809743E+02 8.271594927E+01 3.582873633E+01
5.140000000E+07 2.961763023E+02 7.123453855E+01 1.740045490E+02 8.245281780E+01 3.571222727E+01
5.160000000E+07 2.951958605E+02 7.100337382E+01 1.734321830E+02 8.219149068E+01 3.559652943E+01
5.180000000E+07 2.942223425E+02 7.077382101E+01 1.728638324E+02 8.193194890E+01 3.548163418E+01
5.200000000E+07 2.932556731E+02 7.054586284E+01 1.722994541E+02 8.167417368E+01 3.536753294E+01
5.220000000E+07 2.922957789E+02 7.031948235E+01 1.717390056E+02 8.141814656E+01 3.525421732E+01
5.240000000E+07 2.913425869E+02 7.009466273E+01 1.711824450E+02 8.116384926E+01 3.514167901E+01
5.260000000E+07 2.903960254E+02 6.987138741E+01 1.706297309E+02 8.091126381E+01 3.502990982E+01
5.280000000E+07 2.894560239E+02 6.964964014E+01 1.700808226E+02 8.066037246E+01 3.491890168E+01
5.300000000E+07 2.885225125E+02 6.942940485E+01 1.695356799E+02 8.041115776E+01 3.480864665E+01
5.320000000E+07 2.875954228E+02 6.921066564E+01 1.689942633E+02 8.016360242E+01 3.469913687E+01
5.340000000E+07 2.866746869E+02 6.899340696E+01 1.684565337E+02 7.991768949E+01 3.459036463E+01
5.360000000E+07 2.857602383E+02 6.877761339E+01 1.679224527E+02 7.967340217E+01 3.448232230E+01
5.380000000E+07 2.848520110E+02 6.856326973E+01 1.673919823E+02 7.943072391E+01 3.437500234E+01
5.400000000E+07 2.839499403E+02 6.835036104E+01 1.668650851E+02 7.918963843E+01 3.426839737E+01
5.420000000E+07 2.830539623E+02 6.813887255E+01 1.663417243E+02 7.895012966E+01 3.416250006E+01
5.440000000E+07 2.821640140E+02 6.792878973E+01 1.658218635E+02 7.871218170E+01 3.405730321E+01
5.460000000E+07 2.812800329E+02 6.772009817E+01 1.653054667E+02 7.847577890E+01 3.395279971E+01
5.480000000E+07 2.804019579E+02 6.751278373E+01 1.647924987E+02 7.824090582E+01 3.384898253E+01
5.500000000E+07 2.795297287E+02 6.730683250E+01 1.642829247E+02 7.800754727E+01 3.374584478E+01
5.520000000E+07 2.786632854E+02 6.710223062E+01 1.637767100E+02 7.777568815E+01 3.364337960E+01
5.540000000E+07 2.778025696E+02 6.689896460E+01 1.632738208E+02 7.754531371E+01 3.354158030E+01
5.560000000E+07 2.769475228E+02 6.669702095E+01 1.627742237E+02 7.731640925E+01 3.344044020E+01
5.580000000E+07 2.760980880E+02 6.649638653E+01 1.622778857E+02 7.708896040E+01 3.333995277E+01
5.600000000E+07 2.752542090E+02 6.629704824E+01 1.617847741E+02 7.686295289E+01 3.324011155E+01
5.620000000E+07 2.744158298E+02 6.609899324E+01 1.612948568E+02 7.663837266E+01 3.314091015E+01
5.640000000E+07 2.735828956E+02 6.590220884E+01 1.608081021E+02 7.641520586E+01 3.304234229E+01
5.660000000E+07 2.727553522E+02 6.570668252E+01 1.603244788E+02 7.619343878E+01 3.294440175E+01
5.680000000E+07 2.719331461E+02 6.551240188E+01 1.598439558E+02 7.597305790E+01 3.284708239E+01
5.700000000E+07 2.711162248E+02 6.531935480E+01 1.593665030E+02 7.575404996E+01 3.275037821E+01
5.720000000E+07 2.703045359E+02 6.512752917E+01 1.588920900E+02 7.553640171E+01 3.265428319E+01
5.740000000E+07 2.694980284E+02 6.493691317E+01 1.584206874E+02 7.532010021E+01 3.255879147E+01
5.760000000E+07 2.686966516E+02 6.474749510E+01 1.579522658E+02 7.510513266E+01 3.246389723E+01
5.780000000E+07 2.679003552E+02 6.455926333E+01 1.574867964E+02 7.489148636E+01 3.236959474E+01
5.800000000E+07 2.671090900E+02 6.437220644E+01 1.570242505E+02 7.467914881E+01 3.227587832E+01
5.820000000E+07 2.663228073E+02 6.418631322E+01 1.565646002E+02 7.446810769E+01 3.218274239E+01
5.840000000E+07 2.655414591E+02 6.400157252E+01 1.561078176E+02 7.425835084E+01 3.209018143E+01
5.860000000E+07 2.647649981E+02 6.381797338E+01 1.556538754E+02 7.404986623E+01 3.199819002E+01
5.880000000E+07 2.639933770E+02 6.363550492E+01 1.552027463E+02 7.384264195E+01 3.190676273E+01
5.900000000E+07 2.632265500E+02 6.345415649E+01 1.547544039E+02 7.363666631E+01 3.181589428E+01
5.920000000E+07 2.624644713E+02 6.327391749E+01 1.543088216E+02 7.343192774E+01 3.172557944E+01
5.940000000E+07 2.617070959E+02 6.309477753E+01 1.538659734E+02 7.322841481E+01 3.163581302E+01
5.960000000E+07 2.609543792E+02 6.291672626E+01 1.534258336E+02 7.302611617E+01 3.154658989E+01
5.980000000E+07 2.602062775E+02 6.273975357E+01 1.529883769E+02 7.282502075E+01 3.145790504E+01
6.000000000E+07 2.594627473E+02 6.256384939E+01 1.525535782E+02 7.262511752E+01 3.136975347E+01
6.020000000E+07 2.587237460E+02 6.238900383E+01 1.521214128E+02 7.242639559E+01 3.128213025E+01
6.040000000E+07 2.579892311E+02 6.221520709E+01 1.516918561E+02 7.222884423E+01 3.119503054E+01
6.060000000E+07 2.572591610E+02 6.204244950E+01 1.512648842E+02 7.203245283E+01 3.110844952E+01
6.080000000E+07 2.565334943E+02 6.187072150E+01 1.508404730E+02 7.183721088E+01 3.102238245E+01
6.100000000E+07 2.558121906E+02 6.170001370E+01 1.504185992E+02 7.164310810E+01 3.093682468E+01
6.120000000E+07 2.550952096E+02 6.153031677E+01 1.499992395E+02 7.145013421E+01 3.085177155E+01
6.140000000E+07 2.543825115E+02 6.136162148E+01 1.495823708E+02 7.125827910E+01 3.076721850E+01
6.160000000E+07 2.536740572E+02 6.119391882E+01 1.491679707E+02 7.106753283E+01 3.068316103E+01
6.180000000E+07 2.529698081E+02 6.102719977E+01 1.487560166E+02 7.087788554E+01 3.059959467E+01
6.200000000E+07 2.522697257E+02 6.086145547E+01 1.483464864E+02 7.068932745E+01 3.051651502E+01
6.220000000E+07 2.515737724E+02 6.069667717E+01 1.479393583E+02 7.050184897E+01 3.043391774E+01
6.240000000E+07 2.508819110E+02 6.053285623E+01 1.475346106E+02 7.031544058E+01 3.035179853E+01
6.260000000E+07 2.501941042E+02 6.036998404E+01 1.471322221E+02 7.013009285E+01 3.027015312E+01
6.280000000E+07 2.495103161E+02 6.020805226E+01 1.467321717E+02 6.994579655E+01 3.018897734E+01
6.300000000E+07 2.488305105E+02 6.004705252E+01 1.463344387E+02 6.976254250E+01 3.010826704E+01
6.320000000E+07 2.481546518E+02 5.988697652E+01 1.459390023E+02 6.958032159E+01 3.002801812E+01
6.340000000E+07 2.474827051E+02 5.972781616E+01 1.455458423E+02 6.939912489E+01 2.994822653E+01
6.360000000E+07 2.468146355E+02 5.956956339E+01 1.451549386E+02 6.921894353E+01 2.986888828E+01
6.380000000E+07 2.461504089E+02 5.941221028E+01 1.447662714E+02 6.903976878E+01 2.978999941E+01
6.400000000E+07 2.454899914E+02 5.925574896E+01 1.443798211E+02 6.886159196E+01 2.971155602E+01
6.420000000E+07 2.448333494E+02 5.910017165E+01 1.439955683E+02 6.868440455E+01 2.963355425E+01
6.440000000E+07 2.441804499E+02 5.894547067E+01 1.436134938E+02 6.850819806E+01 2.955599027E+01
6.460000000E+07 2.435312602E+02 5.879163847E+01 1.432335788E+02 6.833296417E+01 2.947886034E+01
6.480000000E+07 2.428857482E+02 5.863866754E+01 1.428558045E+02 6.815869461E+01 2.940216070E+01
6.500000000E+07 2.422438816E+02 5.848655043E+01 1.424801524E+02 6.798538120E+01 2.932588768E+01
6.520000000E+07 2.416056293E+02 5.833527991E+01 1.421066044E+02 6.781301590E+01 2.925003764E+01
6.540000000E+07 2.409709597E+02 5.818484864E+01 1.417351422E+02 6.764159069E+01 2.917460697E+01
6.560000000E+07 2.403398422E+02 5.803524954E+01 1.413657481E+02 6.747109772E+01 2.909959213E+01
6.580000000E+07 2.397122465E+02 5.788647552E+01 1.409984045E+02 6.730152917E+01 2.902498959E+01
6.600000000E+07 2.390881423E+02 5.773851960E+01 1.406330939E+02 6.713287737E+01 2.895079589E+01
6.620000000E+07 2.384674998E+02 5.759137483E+01 1.402697991E+02 6.696513464E+01 2.887700757E+01
6.640000000E+07 2.378502896E+02 5.744503439E+01 1.399085029E+02 6.679829346E+01 2.880362123E+01
6.660000000E+07 2.372364829E+02 5.729949157E+01 1.395491887E+02 6.663234641E+01 2.873063354E+01
6.680000000E+07 2.366260505E+02 5.715473964E+01 1.391918396E+02 6.646728605E+01 2.865804113E+01
6.700000000E+07 2.360189642E+02 5.701077202E+01 1.388364394E+02 6.630310516E+01 2.858584076E+01
6.720000000E+07 2.354151960E+02 5.686758217E+01 1.384829715E+02 6.613979650E+01 2.851402916E+01
6.740000000E+07 2.348147179E+02 5.672516366E+01 1.381314201E+02 6.597735294E+01 2.844260311E+01
6.760000000E+07 2.342175027E+02 5.658351008E+01 1.377817691E+02 6.581576744E+01 2.837155946E+01
6.780000000E+07 2.336235232E+02 5.644261516E+01 1.374340029E+02 6.565503307E+01 2.830089506E+01
6.800000000E+07 2.330327522E+02 5.630247262E+01 1.370881058E+02 6.549514285E+01 2.823060678E+01
6.820000000E+07 2.324451634E+02 5.616307627E+01 1.367440624E+02 6.533608999E+01 2.816069157E+01
6.840000000E+07 2.318607306E+02 5.602442007E+01 1.364018576E+02 6.517786778E+01 2.809114638E+01
6.860000000E+07 2.312794277E+02 5.588649791E+01 1.360614762E+02 6.502046949E+01 2.802196821E+01
6.880000000E+07 2.307012292E+02 5.574930389E+01 1.357229035E+02 6.486388859E+01 2.795315411E+01
6.900000000E+07 2.301261094E+02 5.561283204E+01 1.353861246E+02 6.470811848E+01 2.788470110E+01
6.920000000E+07 2.295540435E+02 5.547707658E+01 1.350511251E+02 6.455315275E+01 2.781660630E+01
6.940000000E+07 2.289850064E+02 5.534203171E+01 1.347178904E+02 6.439898501E+01 2.774886683E+01
6.960000000E+07 2.284189737E+02 5.520769168E+01 1.343864064E+02 6.424560890E+01 2.768147983E+01
6.980000000E+07 2.278559211E+02 5.507405090E+01 1.340566590E+02 6.409301821E+01 2.761444251E+01
7.000000000E+07 2.272958243E+02 5.494110372E+01 1.337286342E+02 6.394120670E+01 2.754775205E+01
7.020000000E+07 2.267386599E+02 5.480884466E+01 1.334023183E+02 6.379016832E+01 2.748140574E+01
7.040000000E+07 2.261844043E+02 5.467726826E+01 1.330776975E+02 6.363989698E+01 2.741540084E+01
7.060000000E+07 2.256330340E+02 5.454636903E+01 1.327547585E+02 6.349038668E+01 2.734973463E+01
7.080000000E+07 2.250845263E+02 5.441614170E+01 1.324334879E+02 6.334163151E+01 2.728440448E+01
7.100000000E+07 2.245388582E+02 5.428658093E+01 1.321138724E+02 6.319362560E+01 2.721940773E+01
7.120000000E+07 2.239960072E+02 5.415768147E+01 1.317958990E+02 6.304636311E+01 2.715474176E+01
7.140000000E+07 2.234559511E+02 5.402943817E+01 1.314795549E+02 6.289983835E+01 2.709040401E+01
7.160000000E+07 2.229186678E+02 5.390184586E+01 1.311648270E+02 6.275404558E+01 2.702639190E+01
7.180000000E+07 2.223841356E+02 5.377489949E+01 1.308517029E+02 6.260897924E+01 2.696270293E+01
7.200000000E+07 2.218523328E+02 5.364859403E+01 1.305401701E+02 6.246463372E+01 2.689933458E+01
7.220000000E+07 2.213232381E+02 5.352292454E+01 1.302302160E+02 6.232100353E+01 2.683628437E+01
7.240000000E+07 2.207968304E+02 5.339788606E+01 1.299218286E+02 6.217808320E+01 2.677354986E+01
7.260000000E+07 2.202730887E+02 5.327347370E+01 1.296149955E+02 6.203586732E+01 2.671112861E+01
7.280000000E+07 2.197519925E+02 5.314968272E+01 1.293097049E+02 6.189435061E+01 2.664901825E+01
7.300000000E+07 2.192335210E+02 5.302650830E+01 1.290059449E+02 6.175352773E+01 2.658721637E+01
7.320000000E+07 2.187176543E+02 5.290394574E+01 1.287037036E+02 6.161339345E+01 2.652572063E+01
7.340000000E+07 2.182043721E+02 5.278199035E+01 1.284029695E+02 6.147394262E+01 2.646452871E+01
7.360000000E+07 2.176936548E+02 5.266063756E+01 1.281037311E+02 6.133517011E+01 2.640363831E+01
7.380000000E+07 2.171854826E+02 5.253988275E+01 1.278059770E+02 6.119707082E+01 2.634304714E+01
7.400000000E+07 2.166798360E+02 5.241972139E+01 1.275096958E+02 6.105963974E+01 2.628275295E+01
7.420000000E+07 2.161766958E+02 5.230014902E+01 1.272148763E+02 6.092287188E+01 2.622275349E+01
7.440000000E+07 2.156760432E+02 5.218116123E+01 1.269215077E+02 6.078676235E+01 2.616304658E+01
7.460000000E+07 2.151778592E+02 5.206275359E+01 1.266295789E+02 6.065130628E+01 2.610363002E+01
7.480000000E+07 2.146821252E+02 5.194492178E+01 1.263390791E+02 6.051649881E+01 2.604450163E+01
7.500000000E+07 2.141888225E+02 5.182766145E+01 1.260499976E+02 6.038233517E+01 2.598565927E+01
7.520000000E+07 2.136979331E+02 5.171096841E+01 1.257623238E+02 6.024881066E+01 2.592710083E+01
7.540000000E+07 2.132094389E+02 5.159483842E+01 1.254760471E+02 6.011592056E+01 2.586882420E+01
7.560000000E+07 2.127233220E+02 5.147926731E+01 1.251911572E+02 5.998366027E+01 2.581082730E+01
7.580000000E+07 2.122395645E+02 5.136425092E+01 1.249076439E+02 5.985202518E+01 2.575310807E+01
7.600000000E+07 2.117581489E+02 5.124978518E+01 1.246254967E+02 5.972101073E+01 2.569566447E+01
7.620000000E+07 2.112790581E+02 5.113586605E+01 1.243447059E+02 5.959061245E+01 2.563849447E+01
7.640000000E+07 2.108022746E+02 5.102248953E+01 1.240652612E+02 5.946082589E+01 2.558159610E+01
7.660000000E+07 2.103277815E+02 5.090965163E+01 1.237871530E+02 5.933164661E+01 2.552496736E+01
7.680000000E+07 2.098555618E+02 5.079734840E+01 1.235103711E+02 5.920307021E+01 2.546860628E+01
7.700000000E+07 2.093855992E+02 5.068557600E+01 1.232349063E+02 5.907509243E+01 2.541251093E+01
7.720000000E+07 2.089178767E+02 5.057433053E+01 1.229607486E+02 5.894770895E+01 2.535667940E+01
7.740000000E+07 2.084523782E+02 5.046360820E+01 1.226878887E+02 5.882091552E+01 2.530110976E+01
7.760000000E+07 2.079890876E+02 5.035340524E+01 1.224163172E+02 5.869470797E+01 2.524580016E+01
7.780000000E+07 2.075279885E+02 5.024371787E+01 1.221460246E+02 5.856908209E+01 2.519074870E+01
7.800000000E+07 2.070690654E+02 5.013454243E+01 1.218770019E+02 5.844403380E+01 2.513595355E+01
7.820000000E+07 2.066123024E+02 5.002587522E+01 1.216092398E+02 5.831955899E+01 2.508141287E+01
7.840000000E+07 2.061576837E+02 4.991771260E+01 1.213427293E+02 5.819565361E+01 2.502712485E+01
7.860000000E+07 2.057051944E+02 4.981005102E+01 1.210774615E+02 5.807231369E+01 2.497308770E+01
7.880000000E+07 2.052548188E+02 4.970288686E+01 1.208134275E+02 5.794953523E+01 2.491929964E+01
7.900000000E+07 2.048065419E+02 4.959621661E+01 1.205506184E+02 5.782731429E+01 2.486575889E+01
7.920000000E+07 2.043603488E+02 4.949003679E+01 1.202890256E+02 5.770564700E+01 2.481246374E+01
7.940000000E+07 2.039162244E+02 4.938434390E+01 1.200286404E+02 5.758452951E+01 2.475941243E+01
7.960000000E+07 2.034741544E+02 4.927913455E+01 1.197694544E+02 5.746395797E+01 2.470660327E+01
7.980000000E+07 2.030341238E+02 4.917440532E+01 1.195114590E+02 5.734392862E+01 2.465403455E+01
8.000000000E+07 2.025961187E+02 4.907015286E+01 1.192546459E+02 5.722443772E+01 2.460170460E+01
8.020000000E+07 2.021601243E+02 4.896637382E+01 1.189990067E+02 5.710548151E+01 2.454961175E+01
8.040000000E+07 2.017261269E+02 4.886306492E+01 1.187445333E+02 5.698705637E+01 2.449775435E+01
8.060000000E+07 2.012941122E+02 4.876022287E+01 1.184912175E+02 5.686915861E+01 2.444613078E+01
8.080000000E+07 2.008640664E+02 4.865784441E+01 1.182390513E+02 5.675178462E+01 2.439473941E+01
8.100000000E+07 2.004359758E+02 4.855592639E+01 1.179880266E+02 5.663493086E+01 2.434357864E+01
8.120000000E+07 2.000098267E+02 4.845446558E+01 1.177381355E+02 5.651859374E+01 2.429264689E+01
8.140000000E+07 1.995856057E+02 4.835345884E+01 1.174893702E+02 5.640276978E+01 2.424194258E+01
8.160000000E+07 1.991632994E+02 4.825290307E+01 1.172417230E+02 5.628745547E+01 2.419146416E+01
8.180000000E+07 1.987428946E+02 4.815279517E+01 1.169951861E+02 5.617264740E+01 2.414121008E+01
8.200000000E+07 1.983243781E+02 4.805313205E+01 1.167497518E+02 5.605834211E+01 2.409117880E+01
8.220000000E+07 1.979077369E+02 4.795391068E+01 1.165054127E+02 5.594453623E+01 2.404136882E+01
8.240000000E+07 1.974929582E+02 4.785512806E+01 1.162621612E+02 5.583122640E+01 2.399177863E+01
8.260000000E+07 1.970800293E+02 4.775678124E+01 1.160199901E+02 5.571840932E+01 2.394240675E+01
8.280000000E+07 1.966689374E+02 4.765886725E+01 1.157788918E+02 5.560608168E+01 2.389325171E+01
8.300000000E+07 1.962596702E+02 4.756138316E+01 1.155388591E+02 5.549424023E+01 2.384431204E+01
8.320000000E+07 1.958522151E+02 4.746432606E+01 1.152998848E+02 5.538288170E+01 2.379558628E+01
8.340000000E+07 1.954465598E+02 4.736769308E+01 1.150619617E+02 5.527200290E+01 2.374707302E+01
8.360000000E+07 1.950426924E+02 4.727148141E+01 1.148250829E+02 5.516160068E+01 2.369877083E+01
8.380000000E+07 1.946406004E+02 4.717568817E+01 1.145892411E+02 5.505167183E+01 2.365067828E+01
8.400000000E+07 1.942402722E+02 4.708031060E+01 1.143544296E+02 5.494221327E+01 2.360279401E+01
8.420000000E+07 1.938416958E+02 4.698534594E+01 1.141206413E+02 5.483322192E+01 2.355511661E+01
8.440000000E+07 1.934448595E+02 4.689079143E+01 1.138878695E+02 5.472469468E+01 2.350764473E+01
8.460000000E+07 1.930497515E+02 4.679664434E+01 1.136561074E+02 5.461662853E+01 2.346037699E+01
8.480000000E+07 1.926563606E+02 4.670290199E+01 1.134253483E+02 5.450902046E+01 2.341331206E+01
8.500000000E+07 1.922646750E+02 4.660956168E+01 1.131955855E+02 5.440186744E+01 2.336644858E+01
8.520000000E+07 1.918746837E+02 4.651662083E+01 1.129668125E+02 5.429516659E+01 2.331978527E+01
8.540000000E+07 1.914863752E+02 4.642407673E+01 1.127390227E+02 5.418891491E+01 2.327332078E+01
8.560000000E+07 1.910997386E+02 4.633192685E+01 1.125122096E+02 5.408310955E+01 2.322705383E+01
8.580000000E+07 1.907147628E+02 4.624016856E+01 1.122863669E+02 5.397774756E+01 2.318098312E+01
8.600000000E+07 1.903314368E+02 4.614879931E+01 1.120614881E+02 5.387282612E+01 2.313510738E+01
8.620000000E+07 1.899497498E+02 4.605781660E+01 1.118375670E+02 5.376834241E+01 2.308942534E+01
8.640000000E+07 1.895696912E+02 4.596721790E+01 1.116145973E+02 5.366429360E+01 2.304393575E+01
8.660000000E+07 1.891912502E+02 4.587700074E+01 1.113925729E+02 5.356067694E+01 2.299863738E+01
8.680000000E+07 1.888144162E+02 4.578716260E+01 1.111714875E+02 5.345748962E+01 2.295352897E+01
8.700000000E+07 1.884391790E+02 4.569770109E+01 1.109513352E+02 5.335472895E+01 2.290860932E+01
8.720000000E+07 1.880655280E+02 4.560861374E+01 1.107321098E+02 5.325239217E+01 2.286387720E+01
8.740000000E+07 1.876934531E+02 4.551989821E+01 1.105138054E+02 5.315047664E+01 2.281933142E+01
8.760000000E+07 1.873229438E+02 4.543155203E+01 1.102964160E+02 5.304897965E+01 2.277497078E+01
8.780000000E+07 1.869539904E+02 4.534357290E+01 1.100799359E+02 5.294789860E+01 2.273079411E+01
8.800000000E+07 1.865865829E+02 4.525595849E+01 1.098643592E+02 5.284723087E+01 2.268680025E+01
8.820000000E+07 1.862207110E+02 4.516870645E+01 1.096496800E+02 5.274697383E+01 2.264298802E+01
8.840000000E+07 1.858563650E+02 4.508181444E+01 1.094358927E+02 5.264712488E+01 2.259935627E+01
8.860000000E+07 1.854935354E+02 4.499528026E+01 1.092229916E+02 5.254768154E+01 2.255590387E+01
8.880000000E+07 1.851322123E+02 4.490910158E+01 1.090109711E+02 5.244864122E+01 2.251262968E+01
8.900000000E+07 1.847723863E+02 4.482327622E+01 1.087998256E+02 5.235000145E+01 2.246953259E+01
8.920000000E+07 1.844140477E+02 4.473780189E+01 1.085895495E+02 5.225175970E+01 2.242661148E+01
8.940000000E+07 1.840571870E+02 4.465267642E+01 1.083801373E+02 5.215391350E+01 2.238386525E+01
8.960000000E+07 1.837017953E+02 4.456789762E+01 1.081715838E+02 5.205646045E+01 2.234129281E+01
8.980000000E+07 1.833478629E+02 4.448346334E+01 1.079638834E+02 5.195939808E+01 2.229889307E+01
9.000000000E+07 1.829953808E+02 4.439937138E+01 1.077570307E+02 5.186272399E+01 2.225666496E+01
9.020000000E+07 1.826443398E+02 4.431561964E+01 1.075510206E+02 5.176643579E+01 2.221460741E+01
9.040000000E+07 1.822947311E+02 4.423220603E+01 1.073458477E+02 5.167053113E+01 2.217271937E+01
9.060000000E+07 1.819465456E+02 4.414912842E+01 1.071415069E+02 5.157500765E+01 2.213099979E+01
9.080000000E+07 1.815997744E+02 4.406638475E+01 1.069379929E+02 5.147986301E+01 2.208944763E+01
9.100000000E+07 1.812544088E+02 4.398397293E+01 1.067353007E+02 5.138509491E+01 2.204806185E+01
9.120000000E+07 1.809104400E+02 4.390189097E+01 1.065334251E+02 5.129070107E+01 2.200684145E+01
9.140000000E+07 1.805678592E+02 4.382013677E+01 1.063323611E+02 5.119667918E+01 2.196578539E+01
9.160000000E+07 1.802266582E+02 4.373870841E+01 1.061321038E+02 5.110302705E+01 2.192489270E+01
9.180000000E+07 1.798868281E+02 4.365760379E+01 1.059326481E+02 5.100974237E+01 2.188416234E+01
9.200000000E+07 1.795483607E+02 4.357682103E+01 1.057339892E+02 5.091682299E+01 2.184359336E+01
9.220000000E+07 1.792112475E+02 4.349635811E+01 1.055361221E+02 5.082426666E+01 2.180318474E+01
9.240000000E+07 1.788754803E+02 4.341621311E+01 1.053390421E+02 5.073207123E+01 2.176293555E+01
9.260000000E+07 1.785410508E+02 4.333638408E+01 1.051427443E+02 5.064023452E+01 2.172284479E+01
9.280000000E+07 1.782079509E+02 4.325686913E+01 1.049472240E+02 5.054875440E+01 2.168291153E+01
9.300000000E+07 1.778761725E+02 4.317766638E+01 1.047524765E+02 5.045762874E+01 2.164313481E+01
9.320000000E+07 1.775457075E+02 4.309877390E+01 1.045584970E+02 5.036685541E+01 2.160351369E+01
9.340000000E+07 1.772165479E+02 4.302018984E+01 1.043652810E+02 5.027643234E+01 2.156404723E+01
9.360000000E+07 1.768886859E+02 4.294191236E+01 1.041728239E+02 5.018635742E+01 2.152473450E+01
9.380000000E+07 1.765621137E+02 4.286393964E+01 1.039811211E+02 5.009662864E+01 2.148557461E+01
9.400000000E+07 1.762368235E+02 4.278626982E+01 1.037901680E+02 5.000724390E+01 2.144656662E+01
9.420000000E+07 1.759128075E+02 4.270890111E+01 1.035999602E+02 4.991820122E+01 2.140770964E+01
9.440000000E+07 1.755900581E+02 4.263183172E+01 1.034104931E+02 4.982949854E+01 2.136900276E+01
9.460000000E+07 1.752685678E+02 4.255505987E+01 1.032217625E+02 4.974113390E+01 2.133044511E+01
9.480000000E+07 1.749483289E+02 4.247858378E+01 1.030337639E+02 4.965310531E+01 2.129203579E+01
9.500000000E+07 1.746293341E+02 4.240240173E+01 1.028464930E+02 4.956541080E+01 2.125377393E+01
9.520000000E+07 1.743115760E+02 4.232651197E+01 1.026599454E+02 4.947804842E+01 2.121565867E+01
9.540000000E+07 1.739950471E+02 4.225091278E+01 1.024741168E+02 4.939101625E+01 2.117768914E+01
9.560000000E+07 1.736797404E+02 4.217560247E+01 1.022890031E+02 4.930431238E+01 2.113986450E+01
9.580000000E+07 1.733656483E+02 4.210057928E+01 1.021046000E+02 4.921793485E+01 2.110218387E+01
9.600000000E+07 1.730527640E+02 4.202584162E+01 1.019209034E+02 4.913188185E+01 2.106464644E+01
9.620000000E+07 1.727410800E+02 4.195138775E+01 1.017379090E+02 4.904615144E+01 2.102725136E+01
9.640000000E+07 1.724305896E+02 4.187721605E+01 1.015556128E+02 4.896074181E+01 2.098999781E+01
9.660000000E+07 1.721212856E+02 4.180332485E+01 1.013740107E+02 4.887565107E+01 2.095288497E+01
9.680000000E+07 1.718131611E+02 4.172971257E+01 1.011930986E+02 4.879087743E+01 2.091591201E+01
9.700000000E+07 1.715062093E+02 4.165637756E+01 1.010128726E+02 4.870641905E+01 2.087907814E+01
9.720000000E+07 1.712004232E+02 4.158331821E+01 1.008333286E+02 4.862227413E+01 2.084238254E+01
9.740000000E+07 1.708957962E+02 4.151053295E+01 1.006544627E+02 4.853844089E+01 2.080582443E+01
9.760000000E+07 1.705923215E+02 4.143802018E+01 1.004762710E+02 4.845491756E+01 2.076940301E+01
9.780000000E+07 1.702899923E+02 4.136577836E+01 1.002987496E+02 4.837170237E+01 2.073311750E+01
9.800000000E+07 1.699888022E+02 4.129380593E+01 1.001218946E+02 4.828879357E+01 2.069696713E+01
9.820000000E+07 1.696887444E+02 4.122210130E+01 9.994570216E+01 4.820618941E+01 2.066095110E+01
9.840000000E+07 1.693898125E+02 4.115066301E+01 9.977016852E+01 4.812388821E+01 2.062506868E+01
9.860000000E+07 1.690920001E+02 4.107948950E+01 9.959528993E+01 4.804188825E+01 2.058931909E+01
9.880000000E+07 1.687953006E+02 4.100857928E+01 9.942106258E+01 4.796018780E+01 2.055370158E+01
9.900000000E+07 1.684997078E+02 4.093793083E+01 9.924748277E+01 4.787878521E+01 2.051821539E+01
9.920000000E+07 1.682052153E+02 4.086754271E+01 9.907454687E+01 4.779767882E+01 2.048285980E+01
9.940000000E+07 1.679118168E+02 4.079741342E+01 9.890225117E+01 4.771686695E+01 2.044763406E+01
9.960000000E+07 1.676195062E+02 4.072754149E+01 9.873059203E+01 4.763634797E+01 2.041253744E+01
9.980000000E+07 1.673282771E+02 4.065792547E+01 9.855956589E+01 4.755612024E+01 2.037756922E+01
1.000000000E+08 1.670381236E+02 4.058856395E+01 9.838916914E+01 4.747618214E+01 2.034272867E+01
