1.000000000E+06 3.699340616E+04 2.840513820E+04 1.457420689E+04 1.674343054E+04 0.000000000E+00
1.200000000E+06 3.450293809E+04 2.734398470E+04 1.462523731E+04 1.834622048E+04 0.000000000E+00
1.400000000E+06 3.221739696E+04 2.612182558E+04 1.440639325E+04 1.924766762E+04 0.000000000E+00
1.600000000E+06 3.014469773E+04 2.486499917E+04 1.403262428E+04 1.958434543E+04 0.000000000E+00
1.800000000E+06 2.833494439E+04 2.369850510E+04 1.362643968E+04 1.967546912E+04 0.000000000E+00
2.000000000E+06 2.669155447E+04 2.257334121E+04 1.317101702E+04 1.946087156E+04 0.000000000E+00
2.200000000E+06 2.525098821E+04 2.155872014E+04 1.273805004E+04 1.918280916E+04 0.000000000E+00
2.400000000E+06 2.396423473E+04 2.062751384E+04 1.231916232E+04 1.883164972E+04 0.000000000E+00
2.600000000E+06 2.279857488E+04 1.976249025E+04 1.191051928E+04 1.841051960E+04 0.000000000E+00
2.800000000E+06 2.174857276E+04 1.896981942E+04 1.152477664E+04 1.797570329E+04 0.000000000E+00
3.000000000E+06 2.080673022E+04 1.825066970E+04 1.116898212E+04 1.756360683E+04 0.000000000E+00
3.200000000E+06 1.994151180E+04 1.757955165E+04 1.082731254E+04 1.713118427E+04 0.000000000E+00
3.400000000E+06 1.915109832E+04 1.695978615E+04 1.050626731E+04 1.670913097E+04 0.000000000E+00
3.600000000E+06 1.842608676E+04 1.638584843E+04 1.020445968E+04 1.630013569E+04 0.000000000E+00
3.800000000E+06 1.775855574E+04 1.585289466E+04 9.920480213E+03 1.590563954E+04 0.000000000E+00
4.000000000E+06 1.714194831E+04 1.535684383E+04 9.653090547E+03 1.552671455E+04 0.000000000E+00
4.200000000E+06 1.656574035E+04 1.488905266E+04 9.396955761E+03 1.514937735E+04 0.000000000E+00
4.400000000E+06 1.602986916E+04 1.445122079E+04 9.154915502E+03 1.478733352E+04 0.000000000E+00
4.600000000E+06 1.554246233E+04 1.405321117E+04 8.936345186E+03 1.447708504E+04 9.902754917E+00
4.800000000E+06 1.507610513E+04 1.366805752E+04 8.720109784E+03 1.414734654E+04 1.010264217E+01
5.000000000E+06 1.463909345E+04 1.330533579E+04 8.514980828E+03 1.383145437E+04 1.027987190E+01
5.200000000E+06 1.422870151E+04 1.296313191E+04 8.320158493E+03 1.352887296E+04 1.043636608E+01
5.400000000E+06 1.385179195E+04 1.264929423E+04 8.142816331E+03 1.326717138E+04 3.047511567E+01
5.600000000E+06 1.348814593E+04 1.234363495E+04 7.966854662E+03 1.299099377E+04 3.087912875E+01
5.800000000E+06 1.314464214E+04 1.205380855E+04 7.799106960E+03 1.272613296E+04 3.123496968E+01
6.000000000E+06 1.281961981E+04 1.177859639E+04 7.639015579E+03 1.247202468E+04 3.154664578E+01
6.200000000E+06 1.251837613E+04 1.152390052E+04 7.491876022E+03 1.224889861E+04 4.701511159E+01
6.400000000E+06 1.222632159E+04 1.127504466E+04 7.345876529E+03 1.201571786E+04 4.746751587E+01
6.600000000E+06 1.194869968E+04 1.103776915E+04 7.206083696E+03 1.179157512E+04 4.786484735E+01
6.800000000E+06 1.168444187E+04 1.081126546E+04 7.072105624E+03 1.157599927E+04 4.821141558E+01
7.000000000E+06 1.143258463E+04 1.059480006E+04 6.943582993E+03 1.136854762E+04 4.851122211E+01
7.200000000E+06 1.119729277E+04 1.039291033E+04 6.824514544E+03 1.118438553E+04 6.042515537E+01
7.400000000E+06 1.096789354E+04 1.019477910E+04 6.706111034E+03 1.099262641E+04 6.080327626E+01
7.600000000E+06 1.074848215E+04 1.000482084E+04 6.592221320E+03 1.080772363E+04 6.113149465E+01
7.800000000E+06 1.053840383E+04 9.822526094E+03 6.482586216E+03 1.062932941E+04 6.141348540E+01
8.000000000E+06 1.033706106E+04 9.647427934E+03 6.376966447E+03 1.045711851E+04 6.165267386E+01
8.200000000E+06 1.014390713E+04 9.479097300E+03 6.275140615E+03 1.029078634E+04 6.185224938E+01
8.400000000E+06 9.962206282E+03 9.321034182E+03 6.180151039E+03 1.014180007E+04 7.097617324E+01
8.600000000E+06 9.784088831E+03 9.165212517E+03 6.085422323E+03 9.986811090E+03 7.122169090E+01
8.800000000E+06 9.612756616E+03 9.015043781E+03 5.993899490E+03 9.836842324E+03 7.142743543E+01
9.000000000E+06 9.447818899E+03 8.870216450E+03 5.905417580E+03 9.691655995E+03 7.159617021E+01
9.200000000E+06 9.288915082E+03 8.730442104E+03 5.819823090E+03 9.551029251E+03 7.173048150E+01
9.400000000E+06 9.135711697E+03 8.595453186E+03 5.736972930E+03 9.414752979E+03 7.183278829E+01
9.600000000E+06 8.987899743E+03 8.465000993E+03 5.656733446E+03 9.282630577E+03 7.190535197E+01
9.800000000E+06 8.848006217E+03 8.341766858E+03 5.581413348E+03 9.163325484E+03 7.883772953E+01
1.000000000E+07 8.710215171E+03 8.219791376E+03 5.506098483E+03 9.039236601E+03 7.894086168E+01
1.020000000E+07 8.577004578E+03 8.101693847E+03 5.433034163E+03 8.918747909E+03 7.901488718E+01
1.040000000E+07 8.448143530E+03 7.987286240E+03 5.362117475E+03 8.801703827E+03 7.906172346E+01
1.060000000E+07 8.323416756E+03 7.876392839E+03 5.293251889E+03 8.687957833E+03 7.908317283E+01
1.080000000E+07 8.202623268E+03 7.768849198E+03 5.226346756E+03 8.577371809E+03 7.908092878E+01
1.100000000E+07 8.085575103E+03 7.664501171E+03 5.161316806E+03 8.469815371E+03 7.905658208E+01
1.120000000E+07 7.972096237E+03 7.563204063E+03 5.098081717E+03 8.365165226E+03 7.901162661E+01
1.140000000E+07 7.864114273E+03 7.466989585E+03 5.038379985E+03 8.269925806E+03 8.422974321E+01
1.160000000E+07 7.757339723E+03 7.371447656E+03 4.978557154E+03 8.170918525E+03 8.420833178E+01
1.180000000E+07 7.653663680E+03 7.278566782E+03 4.920309812E+03 8.074468794E+03 8.416693733E+01
1.200000000E+07 7.552949421E+03 7.188233575E+03 4.863574166E+03 7.980477027E+03 8.410681921E+01
1.220000000E+07 7.455068350E+03 7.100341187E+03 4.808289940E+03 7.888848895E+03 8.402916632E+01
1.240000000E+07 7.359899384E+03 7.014788832E+03 4.754400127E+03 7.799494990E+03 8.393510086E+01
1.260000000E+07 7.267328377E+03 6.931481335E+03 4.701850757E+03 7.712330496E+03 8.382568189E+01
1.280000000E+07 7.177247599E+03 6.850328705E+03 4.650590671E+03 7.627274849E+03 8.370190867E+01
1.300000000E+07 7.089555264E+03 6.771245769E+03 4.600571322E+03 7.544251423E+03 8.356472391E+01
1.320000000E+07 7.005700187E+03 6.695753067E+03 4.553088570E+03 7.468099396E+03 8.745019191E+01
1.340000000E+07 6.922534864E+03 6.620606995E+03 4.505444826E+03 7.389040031E+03 8.733310775E+01
1.360000000E+07 6.841481388E+03 6.547297777E+03 4.458907646E+03 7.311794931E+03 8.720302587E+01
1.380000000E+07 6.762458032E+03 6.475756550E+03 4.413437383E+03 7.236300836E+03 8.706074155E+01
1.400000000E+07 6.685387334E+03 6.405917948E+03 4.368996320E+03 7.162497468E+03 8.690700881E+01
1.420000000E+07 6.610195816E+03 6.337719879E+03 4.325548557E+03 7.090327375E+03 8.674254244E+01
1.440000000E+07 6.536813728E+03 6.271103321E+03 4.283059904E+03 7.019735774E+03 8.656801998E+01
1.460000000E+07 6.465174800E+03 6.206012117E+03 4.241497766E+03 6.950670382E+03 8.638408354E+01
1.480000000E+07 6.395216011E+03 6.142392796E+03 4.200831050E+03 6.883081261E+03 8.619134161E+01
1.500000000E+07 6.326877383E+03 6.080194395E+03 4.161030063E+03 6.816920664E+03 8.599037073E+01
1.520000000E+07 6.260101786E+03 6.019368307E+03 4.122066429E+03 6.752142891E+03 8.578171713E+01
1.540000000E+07 6.195988053E+03 5.961063960E+03 4.084916585E+03 6.692388610E+03 8.866358152E+01
1.560000000E+07 6.132199139E+03 5.902867869E+03 4.047566578E+03 6.630319881E+03 8.847255810E+01
1.580000000E+07 6.069815708E+03 5.845909385E+03 4.010974569E+03 6.569502930E+03 8.827401003E+01
1.600000000E+07 6.008790491E+03 5.790148076E+03 3.975116778E+03 6.509899197E+03 8.806840135E+01
1.620000000E+07 5.949078363E+03 5.735545298E+03 3.939970438E+03 6.451471732E+03 8.785617370E+01
1.640000000E+07 5.890636219E+03 5.682064097E+03 3.905513741E+03 6.394185116E+03 8.763774742E+01
1.660000000E+07 5.833422867E+03 5.629669119E+03 3.871725796E+03 6.338005390E+03 8.741352249E+01
1.680000000E+07 5.777398914E+03 5.578326518E+03 3.838586570E+03 6.282899975E+03 8.718387945E+01
1.700000000E+07 5.722526667E+03 5.528003875E+03 3.806076848E+03 6.228837598E+03 8.694918037E+01
1.720000000E+07 5.668770034E+03 5.478670113E+03 3.774178184E+03 6.175788218E+03 8.670976963E+01
1.740000000E+07 5.616094437E+03 5.430295430E+03 3.742872860E+03 6.123722957E+03 8.646597478E+01
1.760000000E+07 5.564466727E+03 5.382851223E+03 3.712143849E+03 6.072614036E+03 8.621810734E+01
1.780000000E+07 5.514703664E+03 5.337190173E+03 3.682714150E+03 6.025154969E+03 8.832479835E+01
1.800000000E+07 5.465091989E+03 5.291540628E+03 3.653102044E+03 5.975927945E+03 8.809260455E+01
1.820000000E+07 5.416435706E+03 5.246741429E+03 3.624018183E+03 5.927577113E+03 8.785635467E+01
1.840000000E+07 5.368706699E+03 5.202768214E+03 3.595447980E+03 5.880078566E+03 8.761631455E+01
1.860000000E+07 5.321877961E+03 5.159597561E+03 3.567377389E+03 5.833409275E+03 8.737273816E+01
1.880000000E+07 5.275923549E+03 5.117206949E+03 3.539792891E+03 5.787547059E+03 8.712586800E+01
1.900000000E+07 5.230818526E+03 5.075574713E+03 3.512681462E+03 5.742470544E+03 8.687593565E+01
1.920000000E+07 5.186538916E+03 5.034680001E+03 3.486030557E+03 5.698159131E+03 8.662316221E+01
1.940000000E+07 5.143061655E+03 4.994502741E+03 3.459828080E+03 5.654592957E+03 8.636775876E+01
1.960000000E+07 5.100364548E+03 4.955023599E+03 3.434062370E+03 5.611752865E+03 8.610992677E+01
1.980000000E+07 5.058426226E+03 4.916223946E+03 3.408722178E+03 5.569620367E+03 8.584985851E+01
2.000000000E+07 5.017226106E+03 4.878085819E+03 3.383796645E+03 5.528177610E+03 8.558773747E+01
2.020000000E+07 4.976744353E+03 4.840591897E+03 3.359275287E+03 5.487407349E+03 8.532373868E+01
2.040000000E+07 4.936961843E+03 4.803725468E+03 3.335147977E+03 5.447292912E+03 8.505802913E+01
2.060000000E+07 4.898485321E+03 4.768119057E+03 3.311950329E+03 5.409828636E+03 8.658565506E+01
2.080000000E+07 4.860056136E+03 4.732469709E+03 3.288590532E+03 5.371009963E+03 8.633359570E+01
2.100000000E+07 4.822272285E+03 4.697400575E+03 3.265595951E+03 5.332798727E+03 8.607976063E+01
2.120000000E+07 4.785117192E+03 4.662897121E+03 3.242957739E+03 5.295180320E+03 8.582429290E+01
2.140000000E+07 4.748574853E+03 4.628945301E+03 3.220667337E+03 5.258140604E+03 8.556732955E+01
2.160000000E+07 4.712629813E+03 4.595531542E+03 3.198716467E+03 5.221665901E+03 8.530900183E+01
2.180000000E+07 4.677267143E+03 4.562642723E+03 3.177097119E+03 5.185742972E+03 8.504943541E+01
2.200000000E+07 4.642472414E+03 4.530266156E+03 3.155801537E+03 5.150358999E+03 8.478875059E+01
2.220000000E+07 4.608231684E+03 4.498389567E+03 3.134822216E+03 5.115501575E+03 8.452706257E+01
2.240000000E+07 4.574531469E+03 4.467001083E+03 3.114151886E+03 5.081158681E+03 8.426448156E+01
2.260000000E+07 4.541358729E+03 4.436089212E+03 3.093783505E+03 5.047318674E+03 8.400111304E+01
2.280000000E+07 4.508700848E+03 4.405642827E+03 3.073710250E+03 5.013970270E+03 8.373705794E+01
2.300000000E+07 4.476545616E+03 4.375651153E+03 3.053925506E+03 4.981102529E+03 8.347241277E+01
2.320000000E+07 4.444881211E+03 4.346103748E+03 3.034422858E+03 4.948704839E+03 8.320726984E+01
2.340000000E+07 4.413696184E+03 4.316990498E+03 3.015196085E+03 4.916766907E+03 8.294171738E+01
2.360000000E+07 4.382979444E+03 4.288301594E+03 2.996239152E+03 4.885278738E+03 8.267583976E+01
2.380000000E+07 4.352720243E+03 4.260027525E+03 2.977546197E+03 4.854230628E+03 8.240971758E+01
2.400000000E+07 4.323373595E+03 4.232642136E+03 2.959518063E+03 4.825114567E+03 8.351719440E+01
2.420000000E+07 4.294004607E+03 4.205176678E+03 2.941341554E+03 4.794938907E+03 8.326252172E+01
2.440000000E+07 4.265062567E+03 4.178098910E+03 2.923412207E+03 4.765174945E+03 8.300750052E+01
2.460000000E+07 4.236537975E+03 4.151400401E+03 2.905724809E+03 4.735814031E+03 8.275220011E+01
2.480000000E+07 4.208421614E+03 4.125072971E+03 2.888274301E+03 4.706847762E+03 8.249668697E+01
2.500000000E+07 4.180704542E+03 4.099108676E+03 2.871055761E+03 4.678267971E+03 8.224102489E+01
2.520000000E+07 4.153378082E+03 4.073499805E+03 2.854064411E+03 4.650066720E+03 8.198527506E+01
2.540000000E+07 4.126433809E+03 4.048238866E+03 2.837295606E+03 4.622236295E+03 8.172949613E+01
2.560000000E+07 4.099863547E+03 4.023318584E+03 2.820744828E+03 4.594769196E+03 8.147374435E+01
2.580000000E+07 4.073659353E+03 3.998731887E+03 2.804407687E+03 4.567658131E+03 8.121807362E+01
2.600000000E+07 4.047813513E+03 3.974471905E+03 2.788279912E+03 4.540896008E+03 8.096253558E+01
2.620000000E+07 4.022318533E+03 3.950531958E+03 2.772357349E+03 4.514475928E+03 8.070717969E+01
2.640000000E+07 3.997167128E+03 3.926905551E+03 2.756635956E+03 4.488391179E+03 8.045205332E+01
2.660000000E+07 3.972352219E+03 3.903586367E+03 2.741111798E+03 4.462635229E+03 8.019720183E+01
2.680000000E+07 3.947866921E+03 3.880568262E+03 2.725781047E+03 4.437201717E+03 7.994266858E+01
2.700000000E+07 3.923704540E+03 3.857845256E+03 2.710639972E+03 4.412084449E+03 7.968849510E+01
2.720000000E+07 3.899858563E+03 3.835411529E+03 2.695684942E+03 4.387277392E+03 7.943472107E+01
2.740000000E+07 3.876322653E+03 3.813261415E+03 2.680912417E+03 4.362774666E+03 7.918138442E+01
2.760000000E+07 3.853090644E+03 3.791389399E+03 2.666318951E+03 4.338570541E+03 7.892852140E+01
2.780000000E+07 3.830156532E+03 3.769790107E+03 2.651901183E+03 4.314659430E+03 7.867616662E+01
2.800000000E+07 3.807861682E+03 3.748818779E+03 2.637959432E+03 4.292159036E+03 7.947713135E+01
2.820000000E+07 3.785509826E+03 3.727753376E+03 2.623886716E+03 4.268830582E+03 7.923407981E+01
2.840000000E+07 3.763438638E+03 3.706945237E+03 2.609979982E+03 4.245778708E+03 7.899142882E+01
2.860000000E+07 3.741642719E+03 3.686389521E+03 2.596236191E+03 4.222998360E+03 7.874920806E+01
2.880000000E+07 3.720116813E+03 3.666081510E+03 2.582652384E+03 4.200484608E+03 7.850744599E+01
2.900000000E+07 3.698855795E+03 3.646016604E+03 2.569225671E+03 4.178232641E+03 7.826616991E+01
2.920000000E+07 3.677854675E+03 3.626190320E+03 2.555953235E+03 4.156237767E+03 7.802540596E+01
2.940000000E+07 3.657108587E+03 3.606598286E+03 2.542832328E+03 4.134495410E+03 7.778517922E+01
2.960000000E+07 3.636612791E+03 3.587236241E+03 2.529860269E+03 4.113001104E+03 7.754551369E+01
2.980000000E+07 3.616362665E+03 3.568100026E+03 2.517034439E+03 4.091750489E+03 7.730643233E+01
3.000000000E+07 3.596353699E+03 3.549185585E+03 2.504352284E+03 4.070739313E+03 7.706795714E+01
3.020000000E+07 3.576581501E+03 3.530488963E+03 2.491811311E+03 4.049963425E+03 7.683010914E+01
3.040000000E+07 3.557041781E+03 3.512006296E+03 2.479409085E+03 4.029418771E+03 7.659290843E+01
3.060000000E+07 3.537730358E+03 3.493733818E+03 2.467143229E+03 4.009101393E+03 7.635637421E+01
3.080000000E+07 3.518643152E+03 3.475667850E+03 2.455011421E+03 3.989007426E+03 7.612052480E+01
3.100000000E+07 3.499776178E+03 3.457804801E+03 2.443011393E+03 3.969133094E+03 7.588537770E+01
3.120000000E+07 3.481125550E+03 3.440141163E+03 2.431140929E+03 3.949474709E+03 7.565094957E+01
3.140000000E+07 3.462687473E+03 3.422673511E+03 2.419397863E+03 3.930028663E+03 7.541725631E+01
3.160000000E+07 3.444458239E+03 3.405398498E+03 2.407780076E+03 3.910791434E+03 7.518431305E+01
3.180000000E+07 3.426434229E+03 3.388312855E+03 2.396285501E+03 3.891759574E+03 7.495213416E+01
3.200000000E+07 3.408611909E+03 3.371413387E+03 2.384912115E+03 3.872929716E+03 7.472073333E+01
3.220000000E+07 3.390987824E+03 3.354696972E+03 2.373657937E+03 3.854298562E+03 7.449012355E+01
3.240000000E+07 3.373814206E+03 3.338425983E+03 2.362744708E+03 3.836691388E+03 7.505928241E+01
3.260000000E+07 3.356579080E+03 3.322069229E+03 2.351725431E+03 3.818456496E+03 7.483616092E+01
3.280000000E+07 3.339532210E+03 3.305886488E+03 2.340819610E+03 3.800410573E+03 7.461373889E+01
3.300000000E+07 3.322670443E+03 3.289874902E+03 2.330025431E+03 3.782550599E+03 7.439202710E+01
3.320000000E+07 3.305990701E+03 3.274031685E+03 2.319341124E+03 3.764873617E+03 7.417103584E+01
3.340000000E+07 3.289489974E+03 3.258354107E+03 2.308764952E+03 3.747376735E+03 7.395077492E+01
3.360000000E+07 3.273165316E+03 3.242839499E+03 2.298295218E+03 3.730057123E+03 7.373125367E+01
3.380000000E+07 3.257013852E+03 3.227485251E+03 2.287930262E+03 3.712912010E+03 7.351248099E+01
3.400000000E+07 3.241032763E+03 3.212288807E+03 2.277668456E+03 3.695938684E+03 7.329446531E+01
3.420000000E+07 3.225219300E+03 3.197247671E+03 2.267508210E+03 3.679134492E+03 7.307721466E+01
3.440000000E+07 3.209570767E+03 3.182359394E+03 2.257447963E+03 3.662496835E+03 7.286073666E+01
3.460000000E+07 3.194084532E+03 3.167621586E+03 2.247486193E+03 3.646023169E+03 7.264503851E+01
3.480000000E+07 3.178758014E+03 3.153031903E+03 2.237621402E+03 3.629711004E+03 7.243012704E+01
3.500000000E+07 3.163588693E+03 3.138588052E+03 2.227852129E+03 3.613557899E+03 7.221600870E+01
3.520000000E+07 3.148574101E+03 3.124287790E+03 2.218176940E+03 3.597561468E+03 7.200268957E+01
3.540000000E+07 3.133711819E+03 3.110128917E+03 2.208594432E+03 3.581719369E+03 7.179017538E+01
3.560000000E+07 3.118999484E+03 3.096109281E+03 2.199103229E+03 3.566029311E+03 7.157847151E+01
3.580000000E+07 3.104434779E+03 3.082226775E+03 2.189701984E+03 3.550489048E+03 7.136758303E+01
3.600000000E+07 3.090015439E+03 3.068479334E+03 2.180389377E+03 3.535096380E+03 7.115751467E+01
3.620000000E+07 3.075739240E+03 3.054864935E+03 2.171164112E+03 3.519849150E+03 7.094827084E+01
3.640000000E+07 3.061604009E+03 3.041381595E+03 2.162024921E+03 3.504745243E+03 7.073985566E+01
3.660000000E+07 3.047607615E+03 3.028027374E+03 2.152970561E+03 3.489782588E+03 7.053227295E+01
3.680000000E+07 3.033747971E+03 3.014800367E+03 2.143999812E+03 3.474959152E+03 7.032552625E+01
3.700000000E+07 3.020023031E+03 3.001698709E+03 2.135111478E+03 3.460272942E+03 7.011961882E+01
3.720000000E+07 3.006430792E+03 2.988720572E+03 2.126304387E+03 3.445722004E+03 6.991455365E+01
3.740000000E+07 2.992969290E+03 2.975864163E+03 2.117577390E+03 3.431304420E+03 6.971033347E+01
3.760000000E+07 2.979825605E+03 2.963324029E+03 2.109094871E+03 3.417632086E+03 7.011474252E+01
3.780000000E+07 2.966621485E+03 2.950707552E+03 2.100526152E+03 3.403481082E+03 6.991637206E+01
3.800000000E+07 2.953542392E+03 2.938207584E+03 2.092034164E+03 3.389457745E+03 6.971877428E+01
3.820000000E+07 2.940586512E+03 2.925822463E+03 2.083617841E+03 3.375560297E+03 6.952195102E+01
3.840000000E+07 2.927752067E+03 2.913550566E+03 2.075276138E+03 3.361786995E+03 6.932590396E+01
3.860000000E+07 2.915037313E+03 2.901390296E+03 2.067008028E+03 3.348136127E+03 6.913063460E+01
3.880000000E+07 2.902440538E+03 2.889340089E+03 2.058812506E+03 3.334606013E+03 6.893614428E+01
3.900000000E+07 2.889960065E+03 2.877398410E+03 2.050688582E+03 3.321195005E+03 6.874243420E+01
3.920000000E+07 2.877594250E+03 2.865563751E+03 2.042635287E+03 3.307901486E+03 6.854950537E+01
3.940000000E+07 2.865341477E+03 2.853834636E+03 2.034651668E+03 3.294723866E+03 6.835735869E+01
3.960000000E+07 2.853200164E+03 2.842209614E+03 2.026736792E+03 3.281660587E+03 6.816599490E+01
3.980000000E+07 2.841168757E+03 2.830687260E+03 2.018889739E+03 3.268710119E+03 6.797541458E+01
4.000000000E+07 2.829245733E+03 2.819266181E+03 2.011109610E+03 3.255870959E+03 6.778561820E+01
4.020000000E+07 2.817429595E+03 2.807945001E+03 2.003395519E+03 3.243141632E+03 6.759660609E+01
4.040000000E+07 2.805718874E+03 2.796722376E+03 1.995746597E+03 3.230520689E+03 6.740837845E+01
4.060000000E+07 2.794112133E+03 2.785596985E+03 1.988161993E+03 3.218006709E+03 6.722093536E+01
4.080000000E+07 2.782607955E+03 2.774567529E+03 1.980640867E+03 3.205598293E+03 6.703427676E+01
4.100000000E+07 2.771204952E+03 2.763632735E+03 1.973182396E+03 3.193294071E+03 6.684840249E+01
4.120000000E+07 2.759901763E+03 2.752791352E+03 1.965785772E+03 3.181092694E+03 6.666331229E+01
4.140000000E+07 2.748697049E+03 2.742042151E+03 1.958450200E+03 3.168992838E+03 6.647900575E+01
4.160000000E+07 2.737589497E+03 2.731383925E+03 1.951174900E+03 3.156993204E+03 6.629548238E+01
4.180000000E+07 2.726577816E+03 2.720815488E+03 1.943959104E+03 3.145092511E+03 6.611274158E+01
4.200000000E+07 2.715660739E+03 2.710335675E+03 1.936802058E+03 3.133289505E+03 6.593078265E+01
4.220000000E+07 2.704837022E+03 2.699943343E+03 1.929703023E+03 3.121582950E+03 6.574960479E+01
4.240000000E+07 2.694105442E+03 2.689637366E+03 1.922661270E+03 3.109971635E+03 6.556920710E+01
4.260000000E+07 2.683464799E+03 2.679416642E+03 1.915676083E+03 3.098454365E+03 6.538958859E+01
4.280000000E+07 2.672913912E+03 2.669280082E+03 1.908746757E+03 3.087029968E+03 6.521074819E+01
4.300000000E+07 2.662451621E+03 2.659226621E+03 1.901872602E+03 3.075697291E+03 6.503268472E+01
4.320000000E+07 2.652076790E+03 2.649255209E+03 1.895052937E+03 3.064455200E+03 6.485539694E+01
4.340000000E+07 2.641788295E+03 2.639364815E+03 1.888287092E+03 3.053302580E+03 6.467888351E+01
4.360000000E+07 2.631585039E+03 2.629554425E+03 1.881574410E+03 3.042238335E+03 6.450314303E+01
4.380000000E+07 2.621606562E+03 2.619969124E+03 1.875037474E+03 3.031718846E+03 6.479256611E+01
4.400000000E+07 2.611571602E+03 2.610316862E+03 1.868430112E+03 3.020831609E+03 6.462125475E+01
4.420000000E+07 2.601618666E+03 2.600741637E+03 1.861873981E+03 3.010029481E+03 6.445066234E+01
4.440000000E+07 2.591746723E+03 2.591242502E+03 1.855368465E+03 2.999311432E+03 6.428078718E+01
4.460000000E+07 2.581954766E+03 2.581818526E+03 1.848912958E+03 2.988676455E+03 6.411162754E+01
4.480000000E+07 2.572241801E+03 2.572468791E+03 1.842506863E+03 2.978123553E+03 6.394318161E+01
4.500000000E+07 2.562606850E+03 2.563192397E+03 1.836149595E+03 2.967651751E+03 6.377544759E+01
4.520000000E+07 2.553048954E+03 2.553988456E+03 1.829840575E+03 2.957260084E+03 6.360842361E+01
4.540000000E+07 2.543567168E+03 2.544856097E+03 1.823579237E+03 2.946947608E+03 6.344210778E+01
4.560000000E+07 2.534160564E+03 2.535794461E+03 1.817365022E+03 2.936713389E+03 6.327649817E+01
4.580000000E+07 2.524828228E+03 2.526802706E+03 1.811197380E+03 2.926556513E+03 6.311159281E+01
4.600000000E+07 2.515569261E+03 2.517880001E+03 1.805075770E+03 2.916476076E+03 6.294738971E+01
4.620000000E+07 2.506382781E+03 2.509025528E+03 1.798999659E+03 2.906471191E+03 6.278388684E+01
4.640000000E+07 2.497267916E+03 2.500238484E+03 1.792968524E+03 2.896540984E+03 6.262108214E+01
4.660000000E+07 2.488223812E+03 2.491518078E+03 1.786981848E+03 2.886684596E+03 6.245897351E+01
4.680000000E+07 2.479249627E+03 2.482863530E+03 1.781039123E+03 2.876901180E+03 6.229755885E+01
4.700000000E+07 2.470344534E+03 2.474274076E+03 1.775139850E+03 2.867189904E+03 6.213683601E+01
4.720000000E+07 2.461507718E+03 2.465748962E+03 1.769283536E+03 2.857549946E+03 6.197680281E+01
4.740000000E+07 2.452738375E+03 2.457287443E+03 1.763469696E+03 2.847980499E+03 6.181745706E+01
4.760000000E+07 2.444035718E+03 2.448888792E+03 1.757697855E+03 2.838480770E+03 6.165879653E+01
4.780000000E+07 2.435398970E+03 2.440552287E+03 1.751967540E+03 2.829049974E+03 6.150081898E+01
4.800000000E+07 2.426827365E+03 2.432277220E+03 1.746278290E+03 2.819687342E+03 6.134352214E+01
4.820000000E+07 2.418320153E+03 2.424062896E+03 1.740629649E+03 2.810392114E+03 6.118690370E+01
4.840000000E+07 2.409876592E+03 2.415908627E+03 1.735021168E+03 2.801163542E+03 6.103096137E+01
4.860000000E+07 2.401495951E+03 2.407813736E+03 1.729452406E+03 2.792000891E+03 6.087569279E+01
4.880000000E+07 2.393177515E+03 2.399777560E+03 1.723922925E+03 2.782903436E+03 6.072109562E+01
4.900000000E+07 2.384920575E+03 2.391799440E+03 1.718432298E+03 2.773870461E+03 6.056716748E+01
4.920000000E+07 2.376724435E+03 2.383878733E+03 1.712980101E+03 2.764901264E+03 6.041390597E+01
4.940000000E+07 2.368588409E+03 2.376014801E+03 1.707565918E+03 2.755995150E+03 6.026130868E+01
4.960000000E+07 2.360511823E+03 2.368207019E+03 1.702189339E+03 2.747151437E+03 6.010937319E+01
4.980000000E+07 2.352494012E+03 2.360454769E+03 1.696849959E+03 2.738369450E+03 5.995809703E+01
5.000000000E+07 2.344534319E+03 2.352757442E+03 1.691547379E+03 2.729648527E+03 5.980747776E+01
5.020000000E+07 2.336632100E+03 2.345114440E+03 1.686281207E+03 2.720988014E+03 5.965751289E+01
5.040000000E+07 2.328786720E+03 2.337525172E+03 1.681051056E+03 2.712387265E+03 5.950819994E+01
5.060000000E+07 2.320997551E+03 2.329989056E+03 1.675856543E+03 2.703845646E+03 5.935953638E+01
5.080000000E+07 2.313367837E+03 2.322613426E+03 1.670788357E+03 2.695700864E+03 5.956404260E+01
5.100000000E+07 2.305689932E+03 2.315182613E+03 1.665664601E+03 2.687277892E+03 5.941870441E+01
5.120000000E+07 2.298066401E+03 2.307803242E+03 1.660575359E+03 2.678912150E+03 5.927397728E+01
5.140000000E+07 2.290496654E+03 2.300474766E+03 1.655520272E+03 2.670603040E+03 5.912985862E+01
5.160000000E+07 2.282980109E+03 2.293196642E+03 1.650498982E+03 2.662349968E+03 5.898634584E+01
5.180000000E+07 2.275516193E+03 2.285968338E+03 1.645511141E+03 2.654152352E+03 5.884343636E+01
5.200000000E+07 2.268104342E+03 2.278789328E+03 1.640556402E+03 2.646009616E+03 5.870112759E+01
5.220000000E+07 2.260743998E+03 2.271659095E+03 1.635634425E+03 2.637921194E+03 5.855941696E+01
5.240000000E+07 2.253434613E+03 2.264577127E+03 1.630744875E+03 2.629886525E+03 5.841830189E+01
5.260000000E+07 2.246175647E+03 2.257542920E+03 1.625887420E+03 2.621905059E+03 5.827777983E+01
5.280000000E+07 2.238966566E+03 2.250555980E+03 1.621061734E+03 2.613976250E+03 5.813784819E+01
5.300000000E+07 2.231806845E+03 2.243615816E+03 1.616267494E+03 2.606099565E+03 5.799850443E+01
5.320000000E+07 2.224695965E+03 2.236721945E+03 1.611504384E+03 2.598274472E+03 5.785974598E+01
5.340000000E+07 2.217633417E+03 2.229873892E+03 1.606772089E+03 2.590500451E+03 5.772157029E+01
5.360000000E+07 2.210618697E+03 2.223071188E+03 1.602070301E+03 2.582776987E+03 5.758397482E+01
5.380000000E+07 2.203651307E+03 2.216313370E+03 1.597398715E+03 2.575103572E+03 5.744695701E+01
5.400000000E+07 2.196730760E+03 2.209599982E+03 1.592757031E+03 2.567479708E+03 5.731051434E+01
5.420000000E+07 2.189856573E+03 2.202930574E+03 1.588144951E+03 2.559904898E+03 5.717464427E+01
5.440000000E+07 2.183028270E+03 2.196304702E+03 1.583562184E+03 2.552378658E+03 5.703934426E+01
5.460000000E+07 2.176245380E+03 2.189721928E+03 1.579008440E+03 2.544900506E+03 5.690461180E+01
5.480000000E+07 2.169507443E+03 2.183181820E+03 1.574483435E+03 2.537469968E+03 5.677044437E+01
5.500000000E+07 2.162814001E+03 2.176683953E+03 1.569986889E+03 2.530086577E+03 5.663683944E+01
5.520000000E+07 2.156164603E+03 2.170227906E+03 1.565518523E+03 2.522749872E+03 5.650379452E+01
5.540000000E+07 2.149558808E+03 2.163813266E+03 1.561078065E+03 2.515459398E+03 5.637130710E+01
5.560000000E+07 2.142996175E+03 2.157439622E+03 1.556665243E+03 2.508214705E+03 5.623937467E+01
5.580000000E+07 2.136476274E+03 2.151106573E+03 1.552279793E+03 2.501015351E+03 5.610799475E+01
5.600000000E+07 2.129998678E+03 2.144813718E+03 1.547921451E+03 2.493860898E+03 5.597716485E+01
5.620000000E+07 2.123562967E+03 2.138560667E+03 1.543589958E+03 2.486750915E+03 5.584688249E+01
5.640000000E+07 2.117168726E+03 2.132347030E+03 1.539285057E+03 2.479684976E+03 5.571714518E+01
5.660000000E+07 2.110815545E+03 2.126172426E+03 1.535006496E+03 2.472662660E+03 5.558795046E+01
5.680000000E+07 2.104503021E+03 2.120036477E+03 1.530754025E+03 2.465683553E+03 5.545929586E+01
5.700000000E+07 2.098230756E+03 2.113938812E+03 1.526527399E+03 2.458747245E+03 5.533117893E+01
5.720000000E+07 2.091998356E+03 2.107879060E+03 1.522326373E+03 2.451853331E+03 5.520359719E+01
5.740000000E+07 2.085805433E+03 2.101856861E+03 1.518150708E+03 2.445001413E+03 5.507654822E+01
5.760000000E+07 2.079651604E+03 2.095871856E+03 1.514000167E+03 2.438191097E+03 5.495002956E+01
5.780000000E+07 2.073536492E+03 2.089923691E+03 1.509874516E+03 2.431421993E+03 5.482403877E+01
5.800000000E+07 2.067459722E+03 2.084012016E+03 1.505773523E+03 2.424693716E+03 5.469857343E+01
5.820000000E+07 2.061420928E+03 2.078136488E+03 1.501696961E+03 2.418005889E+03 5.457363111E+01
5.840000000E+07 2.055419745E+03 2.072296766E+03 1.497644604E+03 2.411358136E+03 5.444920939E+01
5.860000000E+07 2.049455816E+03 2.066492515E+03 1.493616230E+03 2.404750087E+03 5.432530585E+01
5.880000000E+07 2.043528784E+03 2.060723402E+03 1.489611619E+03 2.398181377E+03 5.420191810E+01
5.900000000E+07 2.037715176E+03 2.055068980E+03 1.485697990E+03 2.391902386E+03 5.434698508E+01
5.920000000E+07 2.031861335E+03 2.049369622E+03 1.481740644E+03 2.385412730E+03 5.422604260E+01
5.940000000E+07 2.026043351E+03 2.043704425E+03 1.477806411E+03 2.378961317E+03 5.410558954E+01
5.960000000E+07 2.020260883E+03 2.038073072E+03 1.473895081E+03 2.372547801E+03 5.398562351E+01
5.980000000E+07 2.014513602E+03 2.032475251E+03 1.470006449E+03 2.366171837E+03 5.386614209E+01
6.000000000E+07 2.008801179E+03 2.026910657E+03 1.466140310E+03 2.359833086E+03 5.374714290E+01
6.020000000E+07 2.003123290E+03 2.021378984E+03 1.462296463E+03 2.353531214E+03 5.362862356E+01
6.040000000E+07 1.997479614E+03 2.015879932E+03 1.458474708E+03 2.347265889E+03 5.351058171E+01
6.060000000E+07 1.991869837E+03 2.010413206E+03 1.454674849E+03 2.341036783E+03 5.339301501E+01
6.080000000E+07 1.986293645E+03 2.004978511E+03 1.450896691E+03 2.334843574E+03 5.327592113E+01
6.100000000E+07 1.980750731E+03 1.999575561E+03 1.447140042E+03 2.328685942E+03 5.315929773E+01
6.120000000E+07 1.975240790E+03 1.994204067E+03 1.443404714E+03 2.322563572E+03 5.304314252E+01
6.140000000E+07 1.969763521E+03 1.988863749E+03 1.439690516E+03 2.316476152E+03 5.292745319E+01
6.160000000E+07 1.964318629E+03 1.983554328E+03 1.435997266E+03 2.310423374E+03 5.281222748E+01
6.180000000E+07 1.958905819E+03 1.978275528E+03 1.432324780E+03 2.304404935E+03 5.269746311E+01
6.200000000E+07 1.953524802E+03 1.973027077E+03 1.428672877E+03 2.298420533E+03 5.258315781E+01
6.220000000E+07 1.948175291E+03 1.967808707E+03 1.425041379E+03 2.292469871E+03 5.246930936E+01
6.240000000E+07 1.942857004E+03 1.962620151E+03 1.421430108E+03 2.286552656E+03 5.235591552E+01
6.260000000E+07 1.937569661E+03 1.957461148E+03 1.417838890E+03 2.280668597E+03 5.224297407E+01
6.280000000E+07 1.932312987E+03 1.952331438E+03 1.414267552E+03 2.274817409E+03 5.213048280E+01
6.300000000E+07 1.927086709E+03 1.947230765E+03 1.410715926E+03 2.268998807E+03 5.201843953E+01
6.320000000E+07 1.921890558E+03 1.942158876E+03 1.407183840E+03 2.263212513E+03 5.190684206E+01
6.340000000E+07 1.916724267E+03 1.937115521E+03 1.403671130E+03 2.257458248E+03 5.179568822E+01
6.360000000E+07 1.911587574E+03 1.932100451E+03 1.400177631E+03 2.251735740E+03 5.168497587E+01
6.380000000E+07 1.906480219E+03 1.927113425E+03 1.396703179E+03 2.246044719E+03 5.157470284E+01
6.400000000E+07 1.901401946E+03 1.922154198E+03 1.393247615E+03 2.240384917E+03 5.146486701E+01
6.420000000E+07 1.896352500E+03 1.917222534E+03 1.389810779E+03 2.234756070E+03 5.135546625E+01
6.440000000E+07 1.891331630E+03 1.912318196E+03 1.386392514E+03 2.229157918E+03 5.124649845E+01
6.460000000E+07 1.886339090E+03 1.907440951E+03 1.382992664E+03 2.223590201E+03 5.113796150E+01
6.480000000E+07 1.881374633E+03 1.902590569E+03 1.379611077E+03 2.218052666E+03 5.102985332E+01
6.500000000E+07 1.876438019E+03 1.897766821E+03 1.376247599E+03 2.212545060E+03 5.092217182E+01
6.520000000E+07 1.871529008E+03 1.892969483E+03 1.372902082E+03 2.207067134E+03 5.081491494E+01
6.540000000E+07 1.866647363E+03 1.888198331E+03 1.369574376E+03 2.201618641E+03 5.070808061E+01
6.560000000E+07 1.861792851E+03 1.883453147E+03 1.366264334E+03 2.196199337E+03 5.060166679E+01
6.580000000E+07 1.856965241E+03 1.878733712E+03 1.362971813E+03 2.190808982E+03 5.049567144E+01
6.600000000E+07 1.852164305E+03 1.874039811E+03 1.359696668E+03 2.185447337E+03 5.039009254E+01
6.620000000E+07 1.847389817E+03 1.869371232E+03 1.356438756E+03 2.180114167E+03 5.028492807E+01
6.640000000E+07 1.842641552E+03 1.864727763E+03 1.353197938E+03 2.174809238E+03 5.018017602E+01
6.660000000E+07 1.837919293E+03 1.860109199E+03 1.349974076E+03 2.169532321E+03 5.007583440E+01
6.680000000E+07 1.833222819E+03 1.855515331E+03 1.346767031E+03 2.164283187E+03 4.997190122E+01
6.700000000E+07 1.828551915E+03 1.850945959E+03 1.343576668E+03 2.159061611E+03 4.986837450E+01
6.720000000E+07 1.823906368E+03 1.846400879E+03 1.340402852E+03 2.153867369E+03 4.976525228E+01
6.740000000E+07 1.819285967E+03 1.841879895E+03 1.337245451E+03 2.148700243E+03 4.966253261E+01
6.760000000E+07 1.814690504E+03 1.837382808E+03 1.334104334E+03 2.143560013E+03 4.956021353E+01
6.780000000E+07 1.810119773E+03 1.832909424E+03 1.330979370E+03 2.138446463E+03 4.945829311E+01
6.800000000E+07 1.805573570E+03 1.828459552E+03 1.327870431E+03 2.133359381E+03 4.935676943E+01
6.820000000E+07 1.801051691E+03 1.824033000E+03 1.324777389E+03 2.128298555E+03 4.925564055E+01
6.840000000E+07 1.796553941E+03 1.819629582E+03 1.321700119E+03 2.123263776E+03 4.915490459E+01
6.860000000E+07 1.792137124E+03 1.815308350E+03 1.318688523E+03 2.118440976E+03 4.925846553E+01
6.880000000E+07 1.787687318E+03 1.810950934E+03 1.315642673E+03 2.113458605E+03 4.915949448E+01
6.900000000E+07 1.783261049E+03 1.806616093E+03 1.312612221E+03 2.108501654E+03 4.906089872E+01
6.920000000E+07 1.778858127E+03 1.802303648E+03 1.309597047E+03 2.103569922E+03 4.896267637E+01
6.940000000E+07 1.774478363E+03 1.798013420E+03 1.306597031E+03 2.098663213E+03 4.886482553E+01
6.960000000E+07 1.770121569E+03 1.793745234E+03 1.303612056E+03 2.093781329E+03 4.876734434E+01
6.980000000E+07 1.765787562E+03 1.789498914E+03 1.300642005E+03 2.088924077E+03 4.867023094E+01
7.000000000E+07 1.761476159E+03 1.785274288E+03 1.297686762E+03 2.084091266E+03 4.857348349E+01
7.020000000E+07 1.757187179E+03 1.781071187E+03 1.294746213E+03 2.079282705E+03 4.847710015E+01
7.040000000E+07 1.752920444E+03 1.776889440E+03 1.291820245E+03 2.074498207E+03 4.838107911E+01
7.060000000E+07 1.748675776E+03 1.772728880E+03 1.288908745E+03 2.069737586E+03 4.828541855E+01
7.080000000E+07 1.744453001E+03 1.768589343E+03 1.286011604E+03 2.065000657E+03 4.819011669E+01
7.100000000E+07 1.740251946E+03 1.764470665E+03 1.283128711E+03 2.060287240E+03 4.809517175E+01
7.120000000E+07 1.736072439E+03 1.760372683E+03 1.280259958E+03 2.055597153E+03 4.800058194E+01
7.140000000E+07 1.731914311E+03 1.756295238E+03 1.277405237E+03 2.050930220E+03 4.790634551E+01
7.160000000E+07 1.727777395E+03 1.752238170E+03 1.274564442E+03 2.046286262E+03 4.781246071E+01
7.180000000E+07 1.723661525E+03 1.748201325E+03 1.271737468E+03 2.041665107E+03 4.771892582E+01
7.200000000E+07 1.719566537E+03 1.744184545E+03 1.268924211E+03 2.037066580E+03 4.762573909E+01
7.220000000E+07 1.715492268E+03 1.740187678E+03 1.266124568E+03 2.032490511E+03 4.753289883E+01
7.240000000E+07 1.711438557E+03 1.736210571E+03 1.263338437E+03 2.027936732E+03 4.744040332E+01
7.260000000E+07 1.707405247E+03 1.732253074E+03 1.260565716E+03 2.023405073E+03 4.734825088E+01
7.280000000E+07 1.703392179E+03 1.728315038E+03 1.257806306E+03 2.018895370E+03 4.725643983E+01
7.300000000E+07 1.699399198E+03 1.724396316E+03 1.255060109E+03 2.014407459E+03 4.716496849E+01
7.320000000E+07 1.695426149E+03 1.720496762E+03 1.252327025E+03 2.009941177E+03 4.707383522E+01
7.340000000E+07 1.691472881E+03 1.716616231E+03 1.249606958E+03 2.005496363E+03 4.698303835E+01
7.360000000E+07 1.687539243E+03 1.712754581E+03 1.246899812E+03 2.001072858E+03 4.689257626E+01
7.380000000E+07 1.683625085E+03 1.708911670E+03 1.244205492E+03 1.996670505E+03 4.680244732E+01
7.400000000E+07 1.679730259E+03 1.705087359E+03 1.241523904E+03 1.992289147E+03 4.671264991E+01
7.420000000E+07 1.675854619E+03 1.701281507E+03 1.238854955E+03 1.987928631E+03 4.662318241E+01
7.440000000E+07 1.671998020E+03 1.697493980E+03 1.236198553E+03 1.983588803E+03 4.653404325E+01
7.460000000E+07 1.668160320E+03 1.693724640E+03 1.233554607E+03 1.979269513E+03 4.644523082E+01
7.480000000E+07 1.664341376E+03 1.689973353E+03 1.230923025E+03 1.974970610E+03 4.635674356E+01
7.500000000E+07 1.660541047E+03 1.686239986E+03 1.228303718E+03 1.970691945E+03 4.626857989E+01
7.520000000E+07 1.656759195E+03 1.682524407E+03 1.225696599E+03 1.966433373E+03 4.618073825E+01
7.540000000E+07 1.652995682E+03 1.678826487E+03 1.223101579E+03 1.962194748E+03 4.609321711E+01
7.560000000E+07 1.649250372E+03 1.675146095E+03 1.220518571E+03 1.957975925E+03 4.600601491E+01
7.580000000E+07 1.645523130E+03 1.671483103E+03 1.217947489E+03 1.953776763E+03 4.591913014E+01
7.600000000E+07 1.641813823E+03 1.667837386E+03 1.215388248E+03 1.949597120E+03 4.583256126E+01
7.620000000E+07 1.638122318E+03 1.664208817E+03 1.212840764E+03 1.945436856E+03 4.574630677E+01
7.640000000E+07 1.634448485E+03 1.660597274E+03 1.210304954E+03 1.941295832E+03 4.566036517E+01
7.660000000E+07 1.630792194E+03 1.657002632E+03 1.207780733E+03 1.937173913E+03 4.557473496E+01
7.680000000E+07 1.627153316E+03 1.653424769E+03 1.205268020E+03 1.933070961E+03 4.548941465E+01
7.700000000E+07 1.623531725E+03 1.649863566E+03 1.202766736E+03 1.928986843E+03 4.540440278E+01
7.720000000E+07 1.619927294E+03 1.646318903E+03 1.200276797E+03 1.924921425E+03 4.531969787E+01
7.740000000E+07 1.616339900E+03 1.642790662E+03 1.197798126E+03 1.920874575E+03 4.523529846E+01
7.760000000E+07 1.612769419E+03 1.639278725E+03 1.195330643E+03 1.916846163E+03 4.515120311E+01
7.780000000E+07 1.609215729E+03 1.635782977E+03 1.192874270E+03 1.912836059E+03 4.506741037E+01
7.800000000E+07 1.605678709E+03 1.632303303E+03 1.190428930E+03 1.908844136E+03 4.498391881E+01
7.820000000E+07 1.602158239E+03 1.628839589E+03 1.187994546E+03 1.904870265E+03 4.490072700E+01
7.840000000E+07 1.598654200E+03 1.625391721E+03 1.185571042E+03 1.900914322E+03 4.481783353E+01
7.860000000E+07 1.595166476E+03 1.621959591E+03 1.183158343E+03 1.896976181E+03 4.473523698E+01
7.880000000E+07 1.591694949E+03 1.618543085E+03 1.180756374E+03 1.893055720E+03 4.465293596E+01
7.900000000E+07 1.588239505E+03 1.615142094E+03 1.178365062E+03 1.889152816E+03 4.457092907E+01
7.920000000E+07 1.584800029E+03 1.611756512E+03 1.175984333E+03 1.885267347E+03 4.448921493E+01
7.940000000E+07 1.581376408E+03 1.608386229E+03 1.173614115E+03 1.881399194E+03 4.440779215E+01
7.960000000E+07 1.577968531E+03 1.605031139E+03 1.171254336E+03 1.877548238E+03 4.432665937E+01
7.980000000E+07 1.574618589E+03 1.601735104E+03 1.168942064E+03 1.873852626E+03 4.440105681E+01
8.000000000E+07 1.571242046E+03 1.598410273E+03 1.166603109E+03 1.870036305E+03 4.432117855E+01
8.020000000E+07 1.567880915E+03 1.595100319E+03 1.164274379E+03 1.866236822E+03 4.424157878E+01
8.040000000E+07 1.564535088E+03 1.591805141E+03 1.161955806E+03 1.862454065E+03 4.416225614E+01
8.060000000E+07 1.561204457E+03 1.588524636E+03 1.159647320E+03 1.858687917E+03 4.408320929E+01
8.080000000E+07 1.557888917E+03 1.585258704E+03 1.157348854E+03 1.854938268E+03 4.400443688E+01
8.100000000E+07 1.554588364E+03 1.582007245E+03 1.155060340E+03 1.851205006E+03 4.392593760E+01
8.120000000E+07 1.551302693E+03 1.578770161E+03 1.152781713E+03 1.847488019E+03 4.384771012E+01
8.140000000E+07 1.548031802E+03 1.575547353E+03 1.150512905E+03 1.843787200E+03 4.376975313E+01
8.160000000E+07 1.544775589E+03 1.572338724E+03 1.148253851E+03 1.840102438E+03 4.369206533E+01
8.180000000E+07 1.541533952E+03 1.569144180E+03 1.146004486E+03 1.836433627E+03 4.361464542E+01
8.200000000E+07 1.538306793E+03 1.565963623E+03 1.143764746E+03 1.832780661E+03 4.353749213E+01
8.220000000E+07 1.535094011E+03 1.562796961E+03 1.141534567E+03 1.829143432E+03 4.346060418E+01
8.240000000E+07 1.531895509E+03 1.559644099E+03 1.139313886E+03 1.825521838E+03 4.338398029E+01
8.260000000E+07 1.528711189E+03 1.556504945E+03 1.137102640E+03 1.821915774E+03 4.330761922E+01
8.280000000E+07 1.525540955E+03 1.553379408E+03 1.134900768E+03 1.818325137E+03 4.323151971E+01
8.300000000E+07 1.522384712E+03 1.550267396E+03 1.132708208E+03 1.814749827E+03 4.315568053E+01
8.320000000E+07 1.519242365E+03 1.547168818E+03 1.130524898E+03 1.811189740E+03 4.308010044E+01
8.340000000E+07 1.516113820E+03 1.544083587E+03 1.128350778E+03 1.807644779E+03 4.300477821E+01
8.360000000E+07 1.512998984E+03 1.541011613E+03 1.126185790E+03 1.804114843E+03 4.292971262E+01
8.380000000E+07 1.509897766E+03 1.537952808E+03 1.124029872E+03 1.800599834E+03 4.285490248E+01
8.400000000E+07 1.506810073E+03 1.534907086E+03 1.121882966E+03 1.797099656E+03 4.278034658E+01
8.420000000E+07 1.503735816E+03 1.531874361E+03 1.119745015E+03 1.793614211E+03 4.270604372E+01
8.440000000E+07 1.500674906E+03 1.528854547E+03 1.117615960E+03 1.790143403E+03 4.263199272E+01
8.460000000E+07 1.497627252E+03 1.525847559E+03 1.115495743E+03 1.786687138E+03 4.255819240E+01
8.480000000E+07 1.494592768E+03 1.522853314E+03 1.113384309E+03 1.783245323E+03 4.248464160E+01
8.500000000E+07 1.491571366E+03 1.519871728E+03 1.111281601E+03 1.779817863E+03 4.241133915E+01
8.520000000E+07 1.488562960E+03 1.516902720E+03 1.109187562E+03 1.776404667E+03 4.233828389E+01
8.540000000E+07 1.485567464E+03 1.513946207E+03 1.107102139E+03 1.773005642E+03 4.226547468E+01
8.560000000E+07 1.482584793E+03 1.511002109E+03 1.105025275E+03 1.769620699E+03 4.219291039E+01
8.580000000E+07 1.479614863E+03 1.508070345E+03 1.102956917E+03 1.766249747E+03 4.212058986E+01
8.600000000E+07 1.476657591E+03 1.505150835E+03 1.100897010E+03 1.762892697E+03 4.204851198E+01
8.620000000E+07 1.473712894E+03 1.502243501E+03 1.098845502E+03 1.759549460E+03 4.197667564E+01
8.640000000E+07 1.470780691E+03 1.499348265E+03 1.096802338E+03 1.756219950E+03 4.190507971E+01
8.660000000E+07 1.467860899E+03 1.496465050E+03 1.094767468E+03 1.752904079E+03 4.183372309E+01
8.680000000E+07 1.464953439E+03 1.493593778E+03 1.092740838E+03 1.749601761E+03 4.176260469E+01
8.700000000E+07 1.462058231E+03 1.490734373E+03 1.090722397E+03 1.746312910E+03 4.169172341E+01
8.720000000E+07 1.459175195E+03 1.487886759E+03 1.088712094E+03 1.743037443E+03 4.162107817E+01
8.740000000E+07 1.456304254E+03 1.485050863E+03 1.086709878E+03 1.739775275E+03 4.155066790E+01
8.760000000E+07 1.453445329E+03 1.482226610E+03 1.084715699E+03 1.736526322E+03 4.148049151E+01
8.780000000E+07 1.450598344E+03 1.479413925E+03 1.082729506E+03 1.733290503E+03 4.141054794E+01
8.800000000E+07 1.447763223E+03 1.476612738E+03 1.080751251E+03 1.730067735E+03 4.134083614E+01
8.820000000E+07 1.444939888E+03 1.473822974E+03 1.078780884E+03 1.726857938E+03 4.127135506E+01
8.840000000E+07 1.442128266E+03 1.471044562E+03 1.076818357E+03 1.723661031E+03 4.120210364E+01
8.860000000E+07 1.439328282E+03 1.468277432E+03 1.074863621E+03 1.720476934E+03 4.113308085E+01
8.880000000E+07 1.436539863E+03 1.465521512E+03 1.072916629E+03 1.717305568E+03 4.106428566E+01
8.900000000E+07 1.433762934E+03 1.462776733E+03 1.070977333E+03 1.714146855E+03 4.099571703E+01
8.920000000E+07 1.430997424E+03 1.460043026E+03 1.069045685E+03 1.711000717E+03 4.092737395E+01
8.940000000E+07 1.428243261E+03 1.457320321E+03 1.067121641E+03 1.707867077E+03 4.085925540E+01
8.960000000E+07 1.425500374E+03 1.454608551E+03 1.065205152E+03 1.704745858E+03 4.079136037E+01
8.980000000E+07 1.422768691E+03 1.451907648E+03 1.063296174E+03 1.701636985E+03 4.072368786E+01
9.000000000E+07 1.420048142E+03 1.449217545E+03 1.061394660E+03 1.698540382E+03 4.065623688E+01
9.020000000E+07 1.417338658E+03 1.446538176E+03 1.059500566E+03 1.695455975E+03 4.058900642E+01
9.040000000E+07 1.414640171E+03 1.443869475E+03 1.057613847E+03 1.692383689E+03 4.052199550E+01
9.060000000E+07 1.411952612E+03 1.441211376E+03 1.055734458E+03 1.689323452E+03 4.045520315E+01
9.080000000E+07 1.409275913E+03 1.438563815E+03 1.053862356E+03 1.686275190E+03 4.038862839E+01
9.100000000E+07 1.406610007E+03 1.435926727E+03 1.051997496E+03 1.683238831E+03 4.032227024E+01
9.120000000E+07 1.403954827E+03 1.433300049E+03 1.050139836E+03 1.680214305E+03 4.025612775E+01
9.140000000E+07 1.401310307E+03 1.430683716E+03 1.048289331E+03 1.677201538E+03 4.019019996E+01
9.160000000E+07 1.398676382E+03 1.428077668E+03 1.046445941E+03 1.674200463E+03 4.012448591E+01
9.180000000E+07 1.396052986E+03 1.425481841E+03 1.044609622E+03 1.671211007E+03 4.005898466E+01
9.200000000E+07 1.393440056E+03 1.422896174E+03 1.042780333E+03 1.668233103E+03 3.999369526E+01
9.220000000E+07 1.390837526E+03 1.420320605E+03 1.040958032E+03 1.665266680E+03 3.992861678E+01
9.240000000E+07 1.388245335E+03 1.417755075E+03 1.039142677E+03 1.662311672E+03 3.986374829E+01
9.260000000E+07 1.385694676E+03 1.415232012E+03 1.037361679E+03 1.659470257E+03 3.991670404E+01
9.280000000E+07 1.383123088E+03 1.412686497E+03 1.035560197E+03 1.656538258E+03 3.985272377E+01
9.300000000E+07 1.380561650E+03 1.410150841E+03 1.033765539E+03 1.653617468E+03 3.978894609E+01
9.320000000E+07 1.378010299E+03 1.407624983E+03 1.031977664E+03 1.650707820E+03 3.972537009E+01
9.340000000E+07 1.375468975E+03 1.405108865E+03 1.030196533E+03 1.647809248E+03 3.966199486E+01
9.360000000E+07 1.372937618E+03 1.402602429E+03 1.028422106E+03 1.644921688E+03 3.959881947E+01
9.380000000E+07 1.370416168E+03 1.400105619E+03 1.026654346E+03 1.642045076E+03 3.953584303E+01
9.400000000E+07 1.367904566E+03 1.397618377E+03 1.024893212E+03 1.639179347E+03 3.947306464E+01
9.420000000E+07 1.365402752E+03 1.395140647E+03 1.023138666E+03 1.636324437E+03 3.941048341E+01
9.440000000E+07 1.362910668E+03 1.392672372E+03 1.021390670E+03 1.633480284E+03 3.934809843E+01
9.460000000E+07 1.360428256E+03 1.390213498E+03 1.019649187E+03 1.630646826E+03 3.928590885E+01
9.480000000E+07 1.357955459E+03 1.387763970E+03 1.017914179E+03 1.627823999E+03 3.922391378E+01
9.500000000E+07 1.355492219E+03 1.385323731E+03 1.016185608E+03 1.625011744E+03 3.916211234E+01
9.520000000E+07 1.353038481E+03 1.382892729E+03 1.014463438E+03 1.622209997E+03 3.910050368E+01
9.540000000E+07 1.350594187E+03 1.380470909E+03 1.012747631E+03 1.619418700E+03 3.903908694E+01
9.560000000E+07 1.348159282E+03 1.378058219E+03 1.011038153E+03 1.616637793E+03 3.897786126E+01
9.580000000E+07 1.345733711E+03 1.375654604E+03 1.009334966E+03 1.613867214E+03 3.891682579E+01
9.600000000E+07 1.343317419E+03 1.373260014E+03 1.007638034E+03 1.611106905E+03 3.885597970E+01
9.620000000E+07 1.340910352E+03 1.370874394E+03 1.005947323E+03 1.608356808E+03 3.879532214E+01
9.640000000E+07 1.338512456E+03 1.368497695E+03 1.004262796E+03 1.605616864E+03 3.873485229E+01
9.660000000E+07 1.336123676E+03 1.366129863E+03 1.002584419E+03 1.602887016E+03 3.867456931E+01
9.680000000E+07 1.333743961E+03 1.363770849E+03 1.000912158E+03 1.600167205E+03 3.861447238E+01
9.700000000E+07 1.331373257E+03 1.361420602E+03 9.992459765E+02 1.597457376E+03 3.855456070E+01
9.720000000E+07 1.329011512E+03 1.359079071E+03 9.975858418E+02 1.594757471E+03 3.849483344E+01
9.740000000E+07 1.326658675E+03 1.356746208E+03 9.959317197E+02 1.592067434E+03 3.843528980E+01
9.760000000E+07 1.324314693E+03 1.354421962E+03 9.942835763E+02 1.589387211E+03 3.837592898E+01
9.780000000E+07 1.321979516E+03 1.352106284E+03 9.926413784E+02 1.586716746E+03 3.831675018E+01
9.800000000E+07 1.319653093E+03 1.349799127E+03 9.910050925E+02 1.584055983E+03 3.825775262E+01
9.820000000E+07 1.317335373E+03 1.347500441E+03 9.893746857E+02 1.581404869E+03 3.819893549E+01
9.840000000E+07 1.315026308E+03 1.345210179E+03 9.877501257E+02 1.578763349E+03 3.814029803E+01
9.860000000E+07 1.312725847E+03 1.342928294E+03 9.861313800E+02 1.576131371E+03 3.808183946E+01
9.880000000E+07 1.310433941E+03 1.340654737E+03 9.845184161E+02 1.573508881E+03 3.802355900E+01
9.900000000E+07 1.308150542E+03 1.338389463E+03 9.829112021E+02 1.570895825E+03 3.796545588E+01
9.920000000E+07 1.305875601E+03 1.336132425E+03 9.813097066E+02 1.568292153E+03 3.790752935E+01
9.940000000E+07 1.303609070E+03 1.333883577E+03 9.797138980E+02 1.565697812E+03 3.784977864E+01
9.960000000E+07 1.301350901E+03 1.331642873E+03 9.781237448E+02 1.563112750E+03 3.779220300E+01
9.980000000E+07 1.299101048E+03 1.329410267E+03 9.765392164E+02 1.560536917E+03 3.773480168E+01
1.000000000E+08 1.296859464E+03 1.327185716E+03 9.749602817E+02 1.557970261E+03 3.767757394E+01
