1.100000000E+05 6.623495110E+05 1.436517161E+05 0.000000000E+00 0.000000000E+00 0.000000000E+00
1.200000000E+05 8.914287131E+05 3.040585610E+05 0.000000000E+00 0.000000000E+00 0.000000000E+00
1.300000000E+05 1.061259683E+06 4.253654727E+05 8.138704897E+03 0.000000000E+00 0.000000000E+00
1.400000000E+05 1.269246425E+06 5.807133619E+05 8.631909015E+04 0.000000000E+00 0.000000000E+00
1.500000000E+05 1.475570401E+06 7.391808722E+05 1.693559881E+05 0.000000000E+00 0.000000000E+00
1.600000000E+05 1.611148084E+06 8.452374675E+05 2.241085474E+05 0.000000000E+00 0.000000000E+00
1.700000000E+05 1.762089417E+06 9.661115625E+05 2.895311618E+05 0.000000000E+00 0.000000000E+00
1.800000000E+05 1.874477304E+06 1.058678533E+06 3.400574316E+05 0.000000000E+00 0.000000000E+00
1.900000000E+05 1.937020589E+06 1.112936614E+06 3.692666491E+05 0.000000000E+00 0.000000000E+00
2.000000000E+05 1.999070456E+06 1.168509870E+06 4.005809363E+05 0.000000000E+00 0.000000000E+00
3.000000000E+05 2.002784322E+06 1.275867534E+06 4.864301011E+05 1.122092400E+05 0.000000000E+00
4.000000000E+05 1.742455246E+06 1.186254597E+06 4.779372811E+05 2.337124655E+05 0.000000000E+00
5.000000000E+05 1.427821948E+06 1.026755817E+06 4.298515403E+05 2.627139849E+05 0.000000000E+00
6.000000000E+05 1.160066641E+06 8.732330477E+05 3.805204122E+05 2.683940559E+05 0.000000000E+00
7.000000000E+05 9.487855324E+05 7.409909627E+05 3.358765236E+05 2.654935505E+05 0.000000000E+00
8.000000000E+05 7.842410709E+05 6.307117045E+05 2.962238262E+05 2.567719924E+05 0.000000000E+00
9.000000000E+05 6.563189060E+05 5.404953003E+05 2.619366334E+05 2.455773253E+05 0.000000000E+00
1.000000000E+06 5.559172573E+05 4.668045765E+05 2.324919880E+05 2.330681630E+05 0.000000000E+00
1.200000000E+06 4.119449032E+05 3.563981388E+05 1.855753436E+05 2.068673047E+05 0.000000000E+00
1.400000000E+06 3.168302092E+05 2.801621378E+05 1.510005478E+05 1.823721563E+05 0.000000000E+00
1.600000000E+06 2.511548918E+05 2.258038899E+05 1.250839208E+05 1.606604099E+05 0.000000000E+00
1.800000000E+06 2.041905421E+05 1.859872226E+05 1.053688336E+05 1.421617307E+05 0.000000000E+00
2.000000000E+06 1.694536649E+05 1.559620504E+05 9.001702092E+04 1.262964392E+05 0.000000000E+00
2.200000000E+06 1.431462119E+05 1.328747074E+05 7.791522389E+04 1.129282323E+05 0.000000000E+00
2.400000000E+06 1.227459577E+05 1.147429403E+05 6.820431815E+04 1.015677365E+05 0.000000000E+00
2.600000000E+06 1.066023271E+05 1.002394620E+05 6.028883769E+04 9.183329299E+04 0.000000000E+00
2.800000000E+06 9.362207166E+04 8.847243775E+04 5.376418000E+04 8.348493186E+04 0.000000000E+00
3.000000000E+06 8.304070084E+04 7.880681290E+04 4.833259937E+04 7.631452956E+04 0.000000000E+00
3.200000000E+06 7.428249177E+04 7.075175475E+04 4.374769325E+04 7.006427144E+04 0.000000000E+00
3.400000000E+06 6.695702590E+04 6.397493342E+04 3.984800643E+04 6.461031749E+04 0.000000000E+00
3.600000000E+06 6.076603372E+04 5.821815791E+04 3.650270941E+04 5.982508219E+04 0.000000000E+00
3.800000000E+06 5.548478181E+04 5.328501617E+04 3.361059845E+04 5.560456760E+04 0.000000000E+00
4.000000000E+06 5.094160837E+04 4.902422351E+04 3.109260326E+04 5.186412516E+04 0.000000000E+00
4.200000000E+06 4.699786999E+04 4.531188408E+04 2.888141926E+04 4.851758471E+04 0.000000000E+00
4.400000000E+06 4.355471888E+04 4.206033040E+04 2.693161018E+04 4.552307375E+04 0.000000000E+00
4.600000000E+06 4.054754452E+04 3.921378945E+04 2.521818719E+04 4.288666875E+04 2.144997115E+01
4.800000000E+06 3.787479879E+04 3.667604029E+04 2.367849617E+04 4.046361455E+04 2.153888564E+01
5.000000000E+06 3.549977025E+04 3.441569706E+04 2.229984989E+04 3.827002293E+04 2.166193959E+01
5.200000000E+06 3.337874679E+04 3.239282910E+04 2.105998507E+04 3.627732562E+04 2.181937537E+01
5.400000000E+06 3.149454102E+04 3.059381495E+04 1.995638741E+04 3.451826040E+04 6.213662404E+01
5.600000000E+06 2.978061689E+04 2.895332535E+04 1.894219111E+04 3.286080286E+04 6.266958672E+01
5.800000000E+06 2.823002929E+04 2.746683622E+04 1.801952936E+04 3.134106864E+04 6.323037850E+01
6.000000000E+06 2.682196849E+04 2.611505004E+04 1.717733668E+04 2.994381518E+04 6.380099867E+01
6.200000000E+06 2.555110584E+04 2.489426237E+04 1.641667050E+04 2.869338455E+04 9.174548657E+01
6.400000000E+06 2.437846549E+04 2.376572928E+04 1.570887833E+04 2.750482622E+04 9.253426681E+01
6.600000000E+06 2.330303272E+04 2.272962675E+04 1.505702511E+04 2.640386247E+04 9.329572160E+01
6.800000000E+06 2.231388338E+04 2.177571039E+04 1.445510551E+04 2.538175626E+04 9.401849998E+01
7.000000000E+06 2.140161268E+04 2.089514110E+04 1.389791643E+04 2.443087376E+04 9.469317708E+01
7.200000000E+06 2.056626325E+04 2.008870845E+04 1.338795844E+04 2.356981294E+04 1.142126228E+02
7.400000000E+06 1.978465202E+04 1.933309420E+04 1.290743451E+04 2.274291904E+04 1.149531265E+02
7.600000000E+06 1.905847387E+04 1.863058579E+04 1.245961452E+04 2.196916149E+04 1.156277566E+02
7.800000000E+06 1.838232478E+04 1.797606415E+04 1.204143597E+04 2.124387640E+04 1.162336893E+02
8.000000000E+06 1.775144914E+04 1.736501634E+04 1.165018766E+04 2.056288857E+04 1.167691317E+02
8.200000000E+06 1.716165764E+04 1.679346097E+04 1.128347088E+04 1.992248548E+04 1.172332636E+02
8.400000000E+06 1.661480954E+04 1.626362776E+04 1.094395376E+04 1.933671697E+04 1.308405400E+02
8.600000000E+06 1.609664043E+04 1.576103194E+04 1.062027655E+04 1.876840145E+04 1.312945620E+02
8.800000000E+06 1.560960628E+04 1.528844523E+04 1.031537645E+04 1.823159813E+04 1.316761569E+02
9.000000000E+06 1.515109175E+04 1.484336829E+04 1.002772840E+04 1.772387560E+04 1.319870072E+02
9.200000000E+06 1.471876045E+04 1.442356618E+04 9.755966031E+03 1.724305085E+04 1.322290944E+02
9.400000000E+06 1.431051290E+04 1.402702807E+04 9.498855922E+03 1.678713524E+04 1.324046580E+02
9.600000000E+06 1.392446256E+04 1.365194536E+04 9.255286331E+03 1.635433008E+04 1.325161526E+02
9.800000000E+06 1.356274004E+04 1.330065240E+04 9.027565774E+03 1.595505089E+04 1.419217399E+02
1.000000000E+07 1.321624364E+04 1.296384321E+04 8.808242703E+03 1.556404706E+04 1.420067916E+02
1.020000000E+07 1.288730422E+04 1.264403192E+04 8.599705198E+03 1.519163397E+04 1.420327750E+02
1.040000000E+07 1.257465951E+04 1.234000404E+04 8.401199885E+03 1.483656870E+04 1.420025191E+02
1.060000000E+07 1.227716135E+04 1.205065396E+04 8.212039371E+03 1.449771112E+04 1.419188354E+02
1.080000000E+07 1.199376524E+04 1.177497527E+04 8.031597038E+03 1.417402030E+04 1.417845065E+02
1.100000000E+07 1.172351718E+04 1.151204805E+04 7.859298808E+03 1.386453717E+04 1.416022760E+02
1.120000000E+07 1.146554481E+04 1.126103054E+04 7.694618365E+03 1.356837871E+04 1.413748387E+02
1.140000000E+07 1.122170798E+04 1.102390558E+04 7.539377739E+03 1.329314507E+04 1.478021829E+02
1.160000000E+07 1.098601832E+04 1.079452190E+04 7.388578092E+03 1.302147262E+04 1.475586762E+02
1.180000000E+07 1.076039427E+04 1.057491258E+04 7.244055498E+03 1.276085200E+04 1.472751944E+02
1.200000000E+07 1.054421690E+04 1.036447903E+04 7.105433264E+03 1.251064339E+04 1.469541626E+02
1.220000000E+07 1.033691593E+04 1.016266952E+04 6.972363650E+03 1.227025459E+04 1.465979113E+02
1.240000000E+07 1.013796436E+04 9.968973840E+03 6.844524442E+03 1.203913380E+04 1.462086767E+02
1.260000000E+07 9.946875594E+03 9.782920784E+03 6.721617724E+03 1.181677029E+04 1.457886029E+02
1.280000000E+07 9.763199777E+03 9.604074532E+03 6.603367667E+03 1.160269071E+04 1.453397425E+02
1.300000000E+07 9.586519265E+03 9.432030274E+03 6.489517532E+03 1.139645179E+04 1.448640588E+02
1.320000000E+07 9.418301342E+03 9.268334511E+03 6.381439745E+03 1.120353794E+04 1.492001847E+02
1.340000000E+07 9.254515570E+03 9.108834612E+03 6.275725234E+03 1.101190308E+04 1.487239556E+02
1.360000000E+07 9.096640684E+03 8.955084739E+03 6.173741364E+03 1.082694466E+04 1.482245205E+02
1.380000000E+07 8.944364894E+03 8.806782261E+03 6.075295198E+03 1.064832620E+04 1.477035201E+02
1.400000000E+07 8.797397874E+03 8.663645325E+03 5.980206912E+03 1.047573397E+04 1.471625120E+02
1.420000000E+07 8.655468806E+03 8.525410949E+03 5.888308553E+03 1.030887458E+04 1.466029736E+02
1.440000000E+07 8.518324655E+03 8.391833359E+03 5.799442972E+03 1.014747285E+04 1.460263057E+02
1.460000000E+07 8.385728526E+03 8.262682379E+03 5.713462774E+03 9.991269698E+03 1.454338358E+02
1.480000000E+07 8.257458850E+03 8.137742691E+03 5.630229979E+03 9.840022476E+03 1.448268216E+02
1.500000000E+07 8.133308082E+03 8.016812566E+03 5.549615195E+03 9.693503351E+03 1.442064535E+02
1.520000000E+07 8.013081567E+03 7.899702771E+03 5.471496923E+03 9.551498024E+03 1.435738582E+02
1.540000000E+07 7.897918564E+03 7.787606393E+03 5.396911381E+03 9.418028423E+03 1.464781408E+02
1.560000000E+07 7.785026239E+03 7.677638856E+03 5.323470771E+03 9.284535040E+03 1.458575578E+02
1.580000000E+07 7.675540040E+03 7.570987622E+03 5.252202009E+03 9.154977308E+03 1.452265932E+02
1.600000000E+07 7.569308085E+03 7.467504942E+03 5.183009898E+03 9.029186391E+03 1.445861584E+02
1.620000000E+07 7.466186934E+03 7.367051235E+03 5.115804341E+03 8.907001591E+03 1.439371138E+02
1.640000000E+07 7.366041538E+03 7.269495080E+03 5.050500478E+03 8.788271683E+03 1.432802710E+02
1.660000000E+07 7.268744478E+03 7.174712466E+03 4.987018168E+03 8.672853645E+03 1.426163958E+02
1.680000000E+07 7.174175499E+03 7.082586347E+03 4.925281722E+03 8.560612353E+03 1.419462105E+02
1.700000000E+07 7.082220902E+03 6.993006040E+03 4.865219495E+03 8.451419615E+03 1.412703960E+02
1.720000000E+07 6.992773079E+03 6.905866778E+03 4.806763602E+03 8.345153668E+03 1.405895942E+02
1.740000000E+07 6.905730270E+03 6.821069482E+03 4.749849809E+03 8.241699295E+03 1.399044100E+02
1.760000000E+07 6.820996103E+03 6.738520312E+03 4.694417235E+03 8.140947158E+03 1.392154135E+02
1.780000000E+07 6.739418545E+03 6.659104604E+03 4.641226595E+03 8.045804766E+03 1.411314416E+02
1.800000000E+07 6.659047907E+03 6.580805695E+03 4.588599991E+03 7.950203322E+03 1.404603262E+02
1.820000000E+07 6.580724791E+03 6.504500556E+03 4.537289157E+03 7.857004766E+03 1.397861407E+02
1.840000000E+07 6.504371160E+03 6.430113176E+03 4.487244637E+03 7.766119882E+03 1.391093406E+02
1.860000000E+07 6.429912865E+03 6.357571334E+03 4.438419409E+03 7.677463762E+03 1.384303553E+02
1.880000000E+07 6.357279420E+03 6.286806367E+03 4.390768740E+03 7.590955557E+03 1.377495893E+02
1.900000000E+07 6.286403770E+03 6.217752957E+03 4.344250047E+03 7.506518234E+03 1.370674234E+02
1.920000000E+07 6.217222092E+03 6.150348932E+03 4.298822774E+03 7.424078362E+03 1.363842168E+02
1.940000000E+07 6.149673606E+03 6.084535077E+03 4.254448271E+03 7.343565904E+03 1.357003073E+02
1.960000000E+07 6.083700389E+03 6.020254967E+03 4.211089687E+03 7.264914024E+03 1.350160135E+02
1.980000000E+07 6.019247224E+03 5.957454805E+03 4.168711864E+03 7.188058914E+03 1.343316353E+02
2.000000000E+07 5.956261429E+03 5.896083267E+03 4.127281244E+03 7.112939616E+03 1.336474554E+02
2.020000000E+07 5.894692727E+03 5.836091371E+03 4.086765781E+03 7.039497875E+03 1.329637397E+02
2.040000000E+07 5.834493106E+03 5.777432338E+03 4.047134853E+03 6.967677988E+03 1.322807392E+02
2.060000000E+07 5.776290329E+03 5.720760410E+03 4.008946868E+03 6.899593029E+03 1.335317678E+02
2.080000000E+07 5.718704607E+03 5.664646839E+03 3.971008548E+03 6.830897450E+03 1.328727366E+02
2.100000000E+07 5.662355712E+03 5.609737242E+03 3.933870191E+03 6.763668721E+03 1.322143969E+02
2.120000000E+07 5.607203540E+03 5.555992549E+03 3.897506168E+03 6.697860129E+03 1.315570184E+02
2.140000000E+07 5.553209702E+03 5.503375357E+03 3.861891937E+03 6.633426907E+03 1.309008488E+02
2.160000000E+07 5.500337431E+03 5.451849848E+03 3.827003979E+03 6.570326132E+03 1.302461156E+02
2.180000000E+07 5.448551501E+03 5.401381702E+03 3.792819751E+03 6.508516635E+03 1.295930281E+02
2.200000000E+07 5.397818145E+03 5.351938024E+03 3.759317632E+03 6.447958913E+03 1.289417786E+02
2.220000000E+07 5.348104982E+03 5.303487267E+03 3.726476881E+03 6.388615045E+03 1.282925443E+02
2.240000000E+07 5.299380948E+03 5.255999170E+03 3.694277590E+03 6.330448616E+03 1.276454880E+02
2.260000000E+07 5.251616228E+03 5.209444686E+03 3.662700644E+03 6.273424643E+03 1.270007598E+02
2.280000000E+07 5.204782197E+03 5.163795930E+03 3.631727682E+03 6.217509509E+03 1.263584976E+02
2.300000000E+07 5.158851356E+03 5.119026116E+03 3.601341059E+03 6.162670893E+03 1.257188283E+02
2.320000000E+07 5.113797285E+03 5.075109506E+03 3.571523815E+03 6.108877710E+03 1.250818690E+02
2.340000000E+07 5.069594585E+03 5.032021360E+03 3.542259638E+03 6.056100056E+03 1.244477271E+02
2.360000000E+07 5.026218831E+03 4.989737886E+03 3.513532837E+03 6.004309150E+03 1.238165015E+02
2.380000000E+07 4.983646527E+03 4.948236199E+03 3.485328310E+03 5.953477282E+03 1.231882830E+02
2.400000000E+07 4.942346479E+03 4.908004319E+03 3.458060758E+03 5.905163099E+03 1.240132960E+02
2.420000000E+07 4.901321040E+03 4.868008219E+03 3.430863881E+03 5.856193587E+03 1.234057664E+02
2.440000000E+07 4.861033390E+03 4.828729932E+03 3.404146974E+03 5.808104928E+03 1.228010729E+02
2.460000000E+07 4.821463339E+03 4.790149797E+03 3.377897047E+03 5.760873260E+03 1.221993081E+02
2.480000000E+07 4.782591433E+03 4.752248867E+03 3.352101572E+03 5.714475569E+03 1.216005555E+02
2.500000000E+07 4.744398917E+03 4.715008877E+03 3.326748472E+03 5.668889658E+03 1.210048904E+02
2.520000000E+07 4.706867704E+03 4.678412216E+03 3.301826095E+03 5.624094105E+03 1.204123808E+02
2.540000000E+07 4.669980350E+03 4.642441894E+03 3.277323198E+03 5.580068236E+03 1.198230875E+02
2.560000000E+07 4.633720018E+03 4.607081520E+03 3.253228929E+03 5.536792089E+03 1.192370654E+02
2.580000000E+07 4.598070459E+03 4.572315271E+03 3.229532808E+03 5.494246384E+03 1.186543631E+02
2.600000000E+07 4.563015983E+03 4.538127870E+03 3.206224716E+03 5.452412497E+03 1.180750243E+02
2.620000000E+07 4.528541437E+03 4.504504564E+03 3.183294874E+03 5.411272430E+03 1.174990874E+02
2.640000000E+07 4.494632181E+03 4.471431101E+03 3.160733834E+03 5.370808786E+03 1.169265865E+02
2.660000000E+07 4.461274066E+03 4.438893704E+03 3.138532460E+03 5.331004744E+03 1.163575514E+02
2.680000000E+07 4.428453416E+03 4.406879060E+03 3.116681920E+03 5.291844036E+03 1.157920081E+02
2.700000000E+07 4.396157005E+03 4.375374296E+03 3.095173671E+03 5.253310926E+03 1.152299789E+02
2.720000000E+07 4.364372042E+03 4.344366958E+03 3.073999447E+03 5.215390183E+03 1.146714829E+02
2.740000000E+07 4.333086152E+03 4.313845002E+03 3.053151249E+03 5.178067069E+03 1.141165360E+02
2.760000000E+07 4.302287357E+03 4.283796769E+03 3.032621334E+03 5.141327313E+03 1.135651515E+02
2.780000000E+07 4.271964064E+03 4.254210975E+03 3.012402205E+03 5.105157093E+03 1.130173399E+02
2.800000000E+07 4.242466211E+03 4.225451660E+03 2.992802405E+03 5.070711388E+03 1.135681643E+02
2.820000000E+07 4.213064861E+03 4.196762762E+03 2.973187069E+03 5.035654782E+03 1.130370902E+02
2.840000000E+07 4.184106214E+03 4.168504370E+03 2.953861259E+03 5.001128245E+03 1.125093732E+02
2.860000000E+07 4.155580064E+03 4.140666555E+03 2.934818368E+03 4.967119600E+03 1.119850258E+02
2.880000000E+07 4.127476524E+03 4.113239693E+03 2.916051994E+03 4.933617043E+03 1.114640574E+02
2.900000000E+07 4.099786004E+03 4.086214455E+03 2.897555927E+03 4.900609124E+03 1.109464752E+02
2.920000000E+07 4.072499209E+03 4.059581795E+03 2.879324145E+03 4.868084739E+03 1.104322837E+02
2.940000000E+07 4.045607120E+03 4.033332938E+03 2.861350806E+03 4.836033112E+03 1.099214853E+02
2.960000000E+07 4.019100989E+03 4.007459373E+03 2.843630240E+03 4.804443789E+03 1.094140804E+02
2.980000000E+07 3.992972328E+03 3.981952842E+03 2.826156944E+03 4.773306621E+03 1.089100676E+02
3.000000000E+07 3.967212895E+03 3.956805328E+03 2.808925575E+03 4.742611755E+03 1.084094435E+02
3.020000000E+07 3.941814692E+03 3.932009049E+03 2.791930947E+03 4.712349623E+03 1.079122036E+02
3.040000000E+07 3.916769952E+03 3.907556449E+03 2.775168020E+03 4.682510933E+03 1.074183414E+02
3.060000000E+07 3.892071131E+03 3.883440190E+03 2.758631900E+03 4.653086657E+03 1.069278496E+02
3.080000000E+07 3.867710901E+03 3.859653144E+03 2.742317833E+03 4.624068025E+03 1.064407192E+02
3.100000000E+07 3.843682140E+03 3.836188385E+03 2.726221196E+03 4.595446510E+03 1.059569403E+02
3.120000000E+07 3.819977929E+03 3.813039181E+03 2.710337496E+03 4.567213828E+03 1.054765020E+02
3.140000000E+07 3.796591539E+03 3.790198991E+03 2.694662366E+03 4.539361921E+03 1.049993925E+02
3.160000000E+07 3.773516432E+03 3.767661452E+03 2.679191557E+03 4.511882954E+03 1.045255987E+02
3.180000000E+07 3.750746246E+03 3.745420380E+03 2.663920938E+03 4.484769309E+03 1.040551073E+02
3.200000000E+07 3.728274796E+03 3.723469759E+03 2.648846490E+03 4.458013573E+03 1.035879037E+02
3.220000000E+07 3.706096064E+03 3.701803738E+03 2.633964303E+03 4.431608532E+03 1.031239730E+02
3.240000000E+07 3.684466986E+03 3.680689509E+03 2.619500534E+03 4.406398973E+03 1.034846430E+02
3.260000000E+07 3.662859027E+03 3.659578622E+03 2.604993983E+03 4.380683623E+03 1.030337930E+02
3.280000000E+07 3.641526593E+03 3.638735610E+03 2.590668495E+03 4.355298169E+03 1.025860229E+02
3.300000000E+07 3.620464283E+03 3.618155222E+03 2.576520558E+03 4.330236139E+03 1.021413199E+02
3.320000000E+07 3.599666840E+03 3.597832347E+03 2.562546751E+03 4.305491227E+03 1.016996704E+02
3.340000000E+07 3.579129144E+03 3.577762007E+03 2.548743745E+03 4.281057294E+03 1.012610600E+02
3.360000000E+07 3.558846208E+03 3.557939352E+03 2.535108294E+03 4.256928357E+03 1.008254737E+02
3.380000000E+07 3.538813172E+03 3.538359661E+03 2.521637235E+03 4.233098590E+03 1.003928960E+02
3.400000000E+07 3.519025302E+03 3.519018329E+03 2.508327488E+03 4.209562312E+03 9.996331078E+01
3.420000000E+07 3.499477986E+03 3.499910873E+03 2.495176048E+03 4.186313988E+03 9.953670159E+01
3.440000000E+07 3.480166722E+03 3.481032917E+03 2.482179986E+03 4.163348221E+03 9.911305144E+01
3.460000000E+07 3.461087128E+03 3.462380204E+03 2.469336448E+03 4.140659751E+03 9.869234299E+01
3.480000000E+07 3.442234929E+03 3.443948575E+03 2.456642648E+03 4.118243447E+03 9.827455856E+01
3.500000000E+07 3.423605953E+03 3.425733977E+03 2.444095869E+03 4.096094305E+03 9.785968017E+01
3.520000000E+07 3.405196137E+03 3.407732460E+03 2.431693464E+03 4.074207447E+03 9.744768954E+01
3.540000000E+07 3.387001511E+03 3.389940167E+03 2.419432844E+03 4.052578108E+03 9.703856818E+01
3.560000000E+07 3.369018204E+03 3.372353335E+03 2.407311489E+03 4.031201644E+03 9.663229737E+01
3.580000000E+07 3.351242440E+03 3.354968295E+03 2.395326935E+03 4.010073521E+03 9.622885819E+01
3.600000000E+07 3.333670533E+03 3.337781463E+03 2.383476780E+03 3.989189315E+03 9.582823159E+01
3.620000000E+07 3.316298883E+03 3.320789343E+03 2.371758675E+03 3.968544704E+03 9.543039833E+01
3.640000000E+07 3.299123978E+03 3.303988520E+03 2.360170331E+03 3.948135472E+03 9.503533910E+01
3.660000000E+07 3.282142387E+03 3.287375661E+03 2.348709508E+03 3.927957502E+03 9.464303446E+01
3.680000000E+07 3.265350760E+03 3.270947512E+03 2.337374023E+03 3.908006770E+03 9.425346489E+01
3.700000000E+07 3.248745825E+03 3.254700892E+03 2.326161738E+03 3.888279349E+03 9.386661081E+01
3.720000000E+07 3.232324386E+03 3.238632696E+03 2.315070570E+03 3.868771401E+03 9.348245259E+01
3.740000000E+07 3.216083322E+03 3.222739891E+03 2.304098479E+03 3.849479179E+03 9.310097056E+01
3.760000000E+07 3.200212313E+03 3.207219687E+03 2.293412253E+03 3.831024900E+03 9.334185827E+01
3.780000000E+07 3.184324661E+03 3.191670659E+03 2.282673934E+03 3.812159043E+03 9.297018053E+01
3.800000000E+07 3.168608385E+03 3.176288277E+03 2.272048806E+03 3.793498005E+03 9.260103233E+01
3.820000000E+07 3.153060637E+03 3.161069772E+03 2.261535009E+03 3.775038366E+03 9.223439561E+01
3.840000000E+07 3.137678631E+03 3.146012440E+03 2.251130725E+03 3.756776785E+03 9.187025225E+01
3.860000000E+07 3.122459646E+03 3.131113634E+03 2.240834173E+03 3.738709991E+03 9.150858405E+01
3.880000000E+07 3.107401018E+03 3.116370769E+03 2.230643615E+03 3.720834788E+03 9.114937280E+01
3.900000000E+07 3.092500144E+03 3.101781314E+03 2.220557348E+03 3.703148050E+03 9.079260027E+01
3.920000000E+07 3.077754475E+03 3.087342795E+03 2.210573707E+03 3.685646719E+03 9.043824821E+01
3.940000000E+07 3.063161521E+03 3.073052791E+03 2.200691065E+03 3.668327804E+03 9.008629838E+01
3.960000000E+07 3.048718843E+03 3.058908935E+03 2.190907825E+03 3.651188378E+03 8.973673254E+01
3.980000000E+07 3.034424056E+03 3.044908909E+03 2.181222430E+03 3.634225577E+03 8.938953249E+01
4.000000000E+07 3.020274826E+03 3.031050446E+03 2.171633352E+03 3.617436600E+03 8.904468007E+01
4.020000000E+07 3.006268867E+03 3.017331325E+03 2.162139096E+03 3.600818703E+03 8.870215714E+01
4.040000000E+07 2.992403944E+03 3.003749376E+03 2.152738199E+03 3.584369203E+03 8.836194562E+01
4.060000000E+07 2.978677865E+03 2.990302470E+03 2.143429229E+03 3.568085471E+03 8.802402750E+01
4.080000000E+07 2.965088489E+03 2.976988527E+03 2.134210783E+03 3.551964935E+03 8.768838482E+01
4.100000000E+07 2.951633715E+03 2.963805506E+03 2.125081487E+03 3.536005074E+03 8.735499968E+01
4.120000000E+07 2.938311488E+03 2.950751412E+03 2.116039997E+03 3.520203423E+03 8.702385430E+01
4.140000000E+07 2.925119794E+03 2.937824288E+03 2.107084992E+03 3.504557565E+03 8.669493092E+01
4.160000000E+07 2.912056663E+03 2.925022221E+03 2.098215183E+03 3.489065133E+03 8.636821191E+01
4.180000000E+07 2.899120160E+03 2.912343332E+03 2.089429304E+03 3.473723809E+03 8.604367972E+01
4.200000000E+07 2.886308393E+03 2.899785784E+03 2.080726114E+03 3.458531322E+03 8.572131688E+01
4.220000000E+07 2.873619508E+03 2.887347775E+03 2.072104401E+03 3.443485446E+03 8.540110603E+01
4.240000000E+07 2.861051687E+03 2.875027541E+03 2.063562972E+03 3.428584001E+03 8.508302991E+01
4.260000000E+07 2.848603149E+03 2.862823351E+03 2.055100661E+03 3.413824850E+03 8.476707135E+01
4.280000000E+07 2.836272148E+03 2.850733509E+03 2.046716323E+03 3.399205897E+03 8.445321330E+01
4.300000000E+07 2.824056972E+03 2.838756354E+03 2.038408837E+03 3.384725090E+03 8.414143882E+01
4.320000000E+07 2.811955943E+03 2.826890256E+03 2.030177103E+03 3.370380416E+03 8.383173106E+01
4.340000000E+07 2.799967415E+03 2.815133616E+03 2.022020041E+03 3.356169902E+03 8.352407331E+01
4.360000000E+07 2.788089776E+03 2.803484870E+03 2.013936596E+03 3.342091612E+03 8.321844895E+01
4.380000000E+07 2.776464031E+03 2.792090601E+03 2.006050680E+03 3.328607507E+03 8.338570896E+01
4.400000000E+07 2.764804548E+03 2.780654200E+03 1.998112340E+03 3.314791649E+03 8.308716439E+01
4.420000000E+07 2.753251272E+03 2.769321144E+03 1.990244539E+03 3.301102345E+03 8.279055127E+01
4.440000000E+07 2.741802708E+03 2.758089980E+03 1.982446297E+03 3.287537803E+03 8.249585402E+01
4.460000000E+07 2.730457393E+03 2.746959288E+03 1.974716653E+03 3.274096269E+03 8.220305715E+01
4.480000000E+07 2.719213889E+03 2.735927672E+03 1.967054664E+03 3.260776018E+03 8.191214528E+01
4.500000000E+07 2.708070786E+03 2.724993762E+03 1.959459405E+03 3.247575362E+03 8.162310316E+01
4.520000000E+07 2.697026701E+03 2.714156215E+03 1.951929967E+03 3.234492640E+03 8.133591562E+01
4.540000000E+07 2.686080276E+03 2.703413714E+03 1.944465460E+03 3.221526227E+03 8.105056760E+01
4.560000000E+07 2.675230178E+03 2.692764962E+03 1.937065008E+03 3.208674524E+03 8.076704418E+01
4.580000000E+07 2.664475100E+03 2.682208691E+03 1.929727752E+03 3.195935964E+03 8.048533053E+01
4.600000000E+07 2.653813757E+03 2.671743654E+03 1.922452850E+03 3.183309008E+03 8.020541194E+01
4.620000000E+07 2.643244888E+03 2.661368626E+03 1.915239473E+03 3.170792145E+03 7.992727381E+01
4.640000000E+07 2.632767255E+03 2.651082405E+03 1.908086807E+03 3.158383892E+03 7.965090167E+01
4.660000000E+07 2.622379643E+03 2.640883811E+03 1.900994055E+03 3.146082793E+03 7.937628116E+01
4.680000000E+07 2.612080858E+03 2.630771684E+03 1.893960432E+03 3.133887417E+03 7.910339802E+01
4.700000000E+07 2.601869728E+03 2.620744887E+03 1.886985168E+03 3.121796362E+03 7.883223814E+01
4.720000000E+07 2.591745102E+03 2.610802302E+03 1.880067506E+03 3.109808247E+03 7.856278750E+01
4.740000000E+07 2.581705848E+03 2.600942829E+03 1.873206701E+03 3.097921717E+03 7.829503221E+01
4.760000000E+07 2.571750856E+03 2.591165391E+03 1.866402026E+03 3.086135444E+03 7.802895849E+01
4.780000000E+07 2.561879033E+03 2.581468928E+03 1.859652761E+03 3.074448119E+03 7.776455268E+01
4.800000000E+07 2.552089308E+03 2.571852398E+03 1.852958201E+03 3.062858459E+03 7.750180125E+01
4.820000000E+07 2.542380627E+03 2.562314778E+03 1.846317654E+03 3.051365202E+03 7.724069077E+01
4.840000000E+07 2.532751955E+03 2.552855063E+03 1.839730438E+03 3.039967108E+03 7.698120793E+01
4.860000000E+07 2.523202273E+03 2.543472264E+03 1.833195884E+03 3.028662959E+03 7.672333954E+01
4.880000000E+07 2.513730582E+03 2.534165411E+03 1.826713334E+03 3.017451559E+03 7.646707252E+01
4.900000000E+07 2.504335899E+03 2.524933548E+03 1.820282142E+03 3.006331731E+03 7.621239392E+01
4.920000000E+07 2.495017257E+03 2.515775739E+03 1.813901670E+03 2.995302318E+03 7.595929088E+01
4.940000000E+07 2.485773707E+03 2.506691059E+03 1.807571295E+03 2.984362183E+03 7.570775068E+01
4.960000000E+07 2.476604314E+03 2.497678603E+03 1.801290401E+03 2.973510210E+03 7.545776070E+01
4.980000000E+07 2.467508161E+03 2.488737479E+03 1.795058384E+03 2.962745299E+03 7.520930842E+01
5.000000000E+07 2.458484344E+03 2.479866810E+03 1.788874649E+03 2.952066370E+03 7.496238147E+01
5.020000000E+07 2.449531976E+03 2.471065733E+03 1.782738612E+03 2.941472362E+03 7.471696754E+01
5.040000000E+07 2.440650183E+03 2.462333402E+03 1.776649698E+03 2.930962231E+03 7.447305449E+01
5.060000000E+07 2.431838107E+03 2.453668982E+03 1.770607340E+03 2.920534947E+03 7.423063023E+01
5.080000000E+07 2.423199772E+03 2.445180608E+03 1.764702932E+03 2.910531125E+03 7.434561836E+01
5.100000000E+07 2.414525313E+03 2.436650296E+03 1.758752650E+03 2.900268861E+03 7.410825583E+01
5.120000000E+07 2.405918064E+03 2.428185460E+03 1.752847270E+03 2.890086416E+03 7.387231418E+01
5.140000000E+07 2.397377221E+03 2.419785319E+03 1.746986263E+03 2.879982831E+03 7.363778196E+01
5.160000000E+07 2.388901991E+03 2.411449104E+03 1.741169106E+03 2.869957158E+03 7.340464782E+01
5.180000000E+07 2.380491598E+03 2.403176059E+03 1.735395287E+03 2.860008467E+03 7.317290051E+01
5.200000000E+07 2.372145274E+03 2.394965442E+03 1.729664301E+03 2.850135844E+03 7.294252892E+01
5.220000000E+07 2.363862268E+03 2.386816520E+03 1.723975650E+03 2.840338387E+03 7.271352200E+01
5.240000000E+07 2.355641837E+03 2.378728573E+03 1.718328847E+03 2.830615211E+03 7.248586884E+01
5.260000000E+07 2.347483252E+03 2.370700892E+03 1.712723410E+03 2.820965444E+03 7.225955860E+01
5.280000000E+07 2.339385793E+03 2.362732781E+03 1.707158864E+03 2.811388226E+03 7.203458057E+01
5.300000000E+07 2.331348755E+03 2.354823552E+03 1.701634744E+03 2.801882714E+03 7.181092414E+01
5.320000000E+07 2.323371441E+03 2.346972528E+03 1.696150590E+03 2.792448076E+03 7.158857878E+01
5.340000000E+07 2.315453165E+03 2.339179046E+03 1.690705951E+03 2.783083493E+03 7.136753407E+01
5.360000000E+07 2.307593254E+03 2.331442450E+03 1.685300380E+03 2.773788160E+03 7.114777970E+01
5.380000000E+07 2.299791043E+03 2.323762094E+03 1.679933440E+03 2.764561283E+03 7.092930544E+01
5.400000000E+07 2.292045879E+03 2.316137344E+03 1.674604700E+03 2.755402083E+03 7.071210119E+01
5.420000000E+07 2.284357117E+03 2.308567575E+03 1.669313733E+03 2.746309789E+03 7.049615690E+01
5.440000000E+07 2.276724123E+03 2.301052171E+03 1.664060123E+03 2.737283646E+03 7.028146265E+01
5.460000000E+07 2.269146274E+03 2.293590524E+03 1.658843455E+03 2.728322907E+03 7.006800861E+01
5.480000000E+07 2.261622953E+03 2.286182038E+03 1.653663324E+03 2.719426839E+03 6.985578503E+01
5.500000000E+07 2.254153556E+03 2.278826125E+03 1.648519330E+03 2.710594718E+03 6.964478227E+01
5.520000000E+07 2.246737485E+03 2.271522205E+03 1.643411079E+03 2.701825832E+03 6.943499077E+01
5.540000000E+07 2.239374153E+03 2.264269708E+03 1.638338183E+03 2.693119482E+03 6.922640107E+01
5.560000000E+07 2.232062981E+03 2.257068070E+03 1.633300258E+03 2.684474974E+03 6.901900380E+01
5.580000000E+07 2.224803400E+03 2.249916739E+03 1.628296929E+03 2.675891630E+03 6.881278966E+01
5.600000000E+07 2.217594845E+03 2.242815168E+03 1.623327824E+03 2.667368778E+03 6.860774947E+01
5.620000000E+07 2.210436766E+03 2.235762819E+03 1.618392576E+03 2.658905758E+03 6.840387412E+01
5.640000000E+07 2.203328615E+03 2.228759164E+03 1.613490826E+03 2.650501920E+03 6.820115459E+01
5.660000000E+07 2.196269855E+03 2.221803678E+03 1.608622218E+03 2.642156623E+03 6.799958193E+01
5.680000000E+07 2.189259955E+03 2.214895848E+03 1.603786401E+03 2.633869233E+03 6.779914731E+01
5.700000000E+07 2.182298397E+03 2.208035168E+03 1.598983031E+03 2.625639131E+03 6.759984195E+01
5.720000000E+07 2.175384662E+03 2.201221137E+03 1.594211767E+03 2.617465701E+03 6.740165717E+01
5.740000000E+07 2.168518246E+03 2.194453262E+03 1.589472274E+03 2.609348339E+03 6.720458438E+01
5.760000000E+07 2.161698647E+03 2.187731058E+03 1.584764221E+03 2.601286450E+03 6.700861504E+01
5.780000000E+07 2.154925374E+03 2.181054047E+03 1.580087282E+03 2.593279445E+03 6.681374073E+01
5.800000000E+07 2.148197941E+03 2.174421756E+03 1.575441135E+03 2.585326747E+03 6.661995307E+01
5.820000000E+07 2.141515868E+03 2.167833720E+03 1.570825465E+03 2.577427784E+03 6.642724380E+01
5.840000000E+07 2.134878684E+03 2.161289481E+03 1.566239957E+03 2.569581994E+03 6.623560471E+01
5.860000000E+07 2.128285924E+03 2.154788588E+03 1.561684306E+03 2.561788822E+03 6.604502766E+01
5.880000000E+07 2.121737127E+03 2.148330592E+03 1.557158205E+03 2.554047722E+03 6.585550462E+01
5.900000000E+07 2.115309243E+03 2.141995482E+03 1.552729254E+03 2.546610607E+03 6.593679061E+01
5.920000000E+07 2.108847471E+03 2.135622437E+03 1.548261756E+03 2.538973520E+03 6.575080099E+01
5.940000000E+07 2.102428321E+03 2.129290986E+03 1.543822919E+03 2.531386894E+03 6.556583474E+01
5.960000000E+07 2.096051353E+03 2.123000702E+03 1.539412453E+03 2.523850201E+03 6.538187119E+01
5.980000000E+07 2.089716142E+03 2.116751171E+03 1.535030074E+03 2.516362932E+03 6.519890270E+01
6.000000000E+07 2.083422265E+03 2.110541982E+03 1.530675502E+03 2.508924585E+03 6.501692173E+01
6.020000000E+07 2.077169306E+03 2.104372732E+03 1.526348462E+03 2.501534663E+03 6.483592078E+01
6.040000000E+07 2.070956853E+03 2.098243020E+03 1.522048681E+03 2.494192678E+03 6.465589244E+01
6.060000000E+07 2.064784503E+03 2.092152453E+03 1.517775892E+03 2.486898147E+03 6.447682936E+01
6.080000000E+07 2.058651854E+03 2.086100643E+03 1.513529828E+03 2.479650594E+03 6.429872429E+01
6.100000000E+07 2.052558514E+03 2.080087208E+03 1.509310230E+03 2.472449551E+03 6.412157001E+01
6.120000000E+07 2.046504093E+03 2.074111769E+03 1.505116839E+03 2.465294555E+03 6.394535939E+01
6.140000000E+07 2.040488207E+03 2.068173952E+03 1.500949400E+03 2.458185148E+03 6.377008539E+01
6.160000000E+07 2.034510478E+03 2.062273391E+03 1.496807663E+03 2.451120881E+03 6.359574099E+01
6.180000000E+07 2.028570533E+03 2.056409723E+03 1.492691379E+03 2.444101309E+03 6.342231929E+01
6.200000000E+07 2.022668002E+03 2.050582588E+03 1.488600305E+03 2.437125993E+03 6.324981342E+01
6.220000000E+07 2.016802523E+03 2.044791635E+03 1.484534199E+03 2.430194501E+03 6.307821659E+01
6.240000000E+07 2.010973736E+03 2.039036513E+03 1.480492823E+03 2.423306406E+03 6.290752208E+01
6.260000000E+07 2.005181286E+03 2.033316877E+03 1.476475941E+03 2.416461285E+03 6.273772321E+01
6.280000000E+07 1.999424825E+03 2.027632391E+03 1.472483323E+03 2.409658724E+03 6.256881340E+01
6.300000000E+07 1.993704008E+03 2.021982716E+03 1.468514738E+03 2.402898312E+03 6.240078610E+01
6.320000000E+07 1.988018493E+03 2.016367523E+03 1.464569961E+03 2.396179644E+03 6.223363485E+01
6.340000000E+07 1.982367944E+03 2.010786484E+03 1.460648768E+03 2.389502321E+03 6.206735323E+01
6.360000000E+07 1.976752030E+03 2.005239277E+03 1.456750940E+03 2.382865947E+03 6.190193489E+01
6.380000000E+07 1.971170423E+03 1.999725583E+03 1.452876258E+03 2.376270133E+03 6.173737355E+01
6.400000000E+07 1.965622799E+03 1.994245089E+03 1.449024508E+03 2.369714495E+03 6.157366296E+01
6.420000000E+07 1.960108840E+03 1.988797483E+03 1.445195477E+03 2.363198654E+03 6.141079697E+01
6.440000000E+07 1.954628230E+03 1.983382460E+03 1.441388957E+03 2.356722234E+03 6.124876945E+01
6.460000000E+07 1.949180658E+03 1.977999717E+03 1.437604741E+03 2.350284866E+03 6.108757434E+01
6.480000000E+07 1.943765816E+03 1.972648954E+03 1.433842624E+03 2.343886184E+03 6.092720566E+01
6.500000000E+07 1.938383401E+03 1.967329878E+03 1.430102405E+03 2.337525829E+03 6.076765745E+01
6.520000000E+07 1.933033115E+03 1.962042196E+03 1.426383885E+03 2.331203443E+03 6.060892382E+01
6.540000000E+07 1.927714659E+03 1.956785621E+03 1.422686866E+03 2.324918676E+03 6.045099895E+01
6.560000000E+07 1.922427743E+03 1.951559869E+03 1.419011155E+03 2.318671181E+03 6.029387704E+01
6.580000000E+07 1.917172077E+03 1.946364660E+03 1.415356560E+03 2.312460614E+03 6.013755239E+01
6.600000000E+07 1.911947378E+03 1.941199717E+03 1.411722892E+03 2.306286637E+03 5.998201931E+01
6.620000000E+07 1.906753363E+03 1.936064764E+03 1.408109963E+03 2.300148916E+03 5.982727217E+01
6.640000000E+07 1.901589754E+03 1.930959533E+03 1.404517587E+03 2.294047120E+03 5.967330542E+01
6.660000000E+07 1.896456277E+03 1.925883756E+03 1.400945584E+03 2.287980925E+03 5.952011354E+01
6.680000000E+07 1.891352660E+03 1.920837170E+03 1.397393772E+03 2.281950006E+03 5.936769105E+01
6.700000000E+07 1.886278636E+03 1.915819514E+03 1.393861973E+03 2.275954047E+03 5.921603253E+01
6.720000000E+07 1.881233939E+03 1.910830530E+03 1.390350010E+03 2.269992733E+03 5.906513262E+01
6.740000000E+07 1.876218309E+03 1.905869964E+03 1.386857711E+03 2.264065753E+03 5.891498600E+01
6.760000000E+07 1.871231487E+03 1.900937565E+03 1.383384902E+03 2.258172802E+03 5.876558739E+01
6.780000000E+07 1.866273218E+03 1.896033086E+03 1.379931414E+03 2.252313576E+03 5.861693158E+01
6.800000000E+07 1.861343249E+03 1.891156280E+03 1.376497080E+03 2.246487775E+03 5.846901337E+01
6.820000000E+07 1.856441331E+03 1.886306904E+03 1.373081732E+03 2.240695104E+03 5.832182764E+01
6.840000000E+07 1.851567219E+03 1.881484721E+03 1.369685207E+03 2.234935271E+03 5.817536931E+01
6.860000000E+07 1.846777945E+03 1.876749017E+03 1.366357611E+03 2.229395016E+03 5.823451104E+01
6.880000000E+07 1.841959001E+03 1.871980805E+03 1.362998500E+03 2.223700937E+03 5.809048939E+01
6.900000000E+07 1.837167137E+03 1.867239082E+03 1.359657729E+03 2.218038831E+03 5.794717527E+01
6.920000000E+07 1.832402118E+03 1.862523615E+03 1.356335141E+03 2.212408415E+03 5.780455641E+01
6.940000000E+07 1.827663711E+03 1.857834180E+03 1.353030581E+03 2.206809412E+03 5.766262794E+01
6.960000000E+07 1.822951688E+03 1.853170553E+03 1.349743896E+03 2.201241552E+03 5.752138506E+01
6.980000000E+07 1.818265821E+03 1.848532514E+03 1.346474935E+03 2.195704564E+03 5.738082299E+01
7.000000000E+07 1.813605886E+03 1.843919845E+03 1.343223548E+03 2.190198183E+03 5.724093702E+01
7.020000000E+07 1.808971664E+03 1.839332330E+03 1.339989589E+03 2.184722147E+03 5.710172246E+01
7.040000000E+07 1.804362933E+03 1.834769758E+03 1.336772912E+03 2.179276196E+03 5.696317467E+01
7.060000000E+07 1.799779479E+03 1.830231917E+03 1.333573371E+03 2.173860074E+03 5.682528906E+01
7.080000000E+07 1.795221087E+03 1.825718598E+03 1.330390825E+03 2.168473528E+03 5.668806109E+01
7.100000000E+07 1.790687545E+03 1.821229598E+03 1.327225133E+03 2.163116306E+03 5.655148623E+01
7.120000000E+07 1.786178646E+03 1.816764711E+03 1.324076155E+03 2.157788160E+03 5.641556002E+01
7.140000000E+07 1.781694181E+03 1.812323738E+03 1.320943753E+03 2.152488847E+03 5.628027805E+01
7.160000000E+07 1.777233947E+03 1.807906478E+03 1.317827791E+03 2.147218123E+03 5.614563591E+01
7.180000000E+07 1.772797743E+03 1.803512737E+03 1.314728134E+03 2.141975749E+03 5.601162926E+01
7.200000000E+07 1.768385368E+03 1.799142319E+03 1.311644649E+03 2.136761490E+03 5.587825380E+01
7.220000000E+07 1.763996624E+03 1.794795033E+03 1.308577205E+03 2.131575110E+03 5.574550525E+01
7.240000000E+07 1.759631318E+03 1.790470688E+03 1.305525671E+03 2.126416379E+03 5.561337940E+01
7.260000000E+07 1.755289254E+03 1.786169096E+03 1.302489918E+03 2.121285068E+03 5.548187204E+01
7.280000000E+07 1.750970244E+03 1.781890073E+03 1.299469819E+03 2.116180951E+03 5.535097903E+01
7.300000000E+07 1.746674098E+03 1.777633433E+03 1.296465248E+03 2.111103803E+03 5.522069625E+01
7.320000000E+07 1.742400629E+03 1.773398996E+03 1.293476079E+03 2.106053405E+03 5.509101963E+01
7.340000000E+07 1.738149652E+03 1.769186582E+03 1.290502191E+03 2.101029537E+03 5.496194511E+01
7.360000000E+07 1.733920986E+03 1.764996013E+03 1.287543460E+03 2.096031983E+03 5.483346870E+01
7.380000000E+07 1.729714449E+03 1.760827112E+03 1.284599767E+03 2.091060529E+03 5.470558642E+01
7.400000000E+07 1.725529863E+03 1.756679708E+03 1.281670991E+03 2.086114964E+03 5.457829434E+01
7.420000000E+07 1.721367052E+03 1.752553626E+03 1.278757016E+03 2.081195078E+03 5.445158856E+01
7.440000000E+07 1.717225840E+03 1.748448698E+03 1.275857723E+03 2.076300665E+03 5.432546522E+01
7.460000000E+07 1.713106055E+03 1.744364756E+03 1.272972999E+03 2.071431520E+03 5.419992047E+01
7.480000000E+07 1.709007525E+03 1.740301632E+03 1.270102728E+03 2.066587441E+03 5.407495053E+01
7.500000000E+07 1.704930082E+03 1.736259162E+03 1.267246796E+03 2.061768227E+03 5.395055163E+01
7.520000000E+07 1.700873559E+03 1.732237184E+03 1.264405094E+03 2.056973681E+03 5.382672003E+01
7.540000000E+07 1.696837789E+03 1.728235535E+03 1.261577510E+03 2.052203607E+03 5.370345205E+01
7.560000000E+07 1.692822610E+03 1.724254057E+03 1.258763934E+03 2.047457810E+03 5.358074400E+01
7.580000000E+07 1.688827859E+03 1.720292593E+03 1.255964258E+03 2.042736099E+03 5.345859226E+01
7.600000000E+07 1.684853376E+03 1.716350985E+03 1.253178376E+03 2.038038285E+03 5.333699322E+01
7.620000000E+07 1.680899002E+03 1.712429079E+03 1.250406180E+03 2.033364180E+03 5.321594330E+01
7.640000000E+07 1.676964581E+03 1.708526724E+03 1.247647566E+03 2.028713598E+03 5.309543897E+01
7.660000000E+07 1.673049957E+03 1.704643768E+03 1.244902431E+03 2.024086356E+03 5.297547672E+01
7.680000000E+07 1.669154977E+03 1.700780060E+03 1.242170670E+03 2.019482271E+03 5.285605306E+01
7.700000000E+07 1.665279489E+03 1.696935453E+03 1.239452183E+03 2.014901164E+03 5.273716453E+01
7.720000000E+07 1.661423341E+03 1.693109801E+03 1.236746870E+03 2.010342858E+03 5.261880772E+01
7.740000000E+07 1.657586387E+03 1.689302959E+03 1.234054630E+03 2.005807176E+03 5.250097924E+01
7.760000000E+07 1.653768478E+03 1.685514784E+03 1.231375365E+03 2.001293945E+03 5.238367570E+01
7.780000000E+07 1.649969468E+03 1.681745132E+03 1.228708976E+03 1.996802990E+03 5.226689379E+01
7.800000000E+07 1.646189214E+03 1.677993865E+03 1.226055369E+03 1.992334143E+03 5.215063019E+01
7.820000000E+07 1.642427573E+03 1.674260842E+03 1.223414447E+03 1.987887234E+03 5.203488161E+01
7.840000000E+07 1.638684402E+03 1.670545927E+03 1.220786115E+03 1.983462096E+03 5.191964481E+01
7.860000000E+07 1.634959564E+03 1.666848983E+03 1.218170281E+03 1.979058565E+03 5.180491655E+01
7.880000000E+07 1.631252918E+03 1.663169875E+03 1.215566851E+03 1.974676475E+03 5.169069364E+01
7.900000000E+07 1.627564328E+03 1.659508470E+03 1.212975732E+03 1.970315666E+03 5.157697290E+01
7.920000000E+07 1.623893660E+03 1.655864636E+03 1.210396836E+03 1.965975977E+03 5.146375118E+01
7.940000000E+07 1.620240777E+03 1.652238241E+03 1.207830071E+03 1.961657249E+03 5.135102537E+01
7.960000000E+07 1.616605548E+03 1.648629158E+03 1.205275349E+03 1.957359325E+03 5.123879236E+01
7.980000000E+07 1.613030286E+03 1.645081371E+03 1.202769845E+03 1.953220780E+03 5.128280910E+01
8.000000000E+07 1.609430152E+03 1.641506714E+03 1.200239105E+03 1.948964599E+03 5.117223749E+01
8.020000000E+07 1.605847280E+03 1.637948985E+03 1.197720143E+03 1.944728756E+03 5.106214474E+01
8.040000000E+07 1.602281540E+03 1.634408060E+03 1.195212875E+03 1.940513096E+03 5.095252508E+01
8.060000000E+07 1.598732807E+03 1.630883815E+03 1.192717216E+03 1.936317471E+03 5.084337556E+01
8.080000000E+07 1.595200955E+03 1.627376128E+03 1.190233080E+03 1.932141733E+03 5.073469320E+01
8.100000000E+07 1.591685862E+03 1.623884878E+03 1.187760387E+03 1.927985736E+03 5.062647508E+01
8.120000000E+07 1.588187403E+03 1.620409947E+03 1.185299053E+03 1.923849334E+03 5.051871831E+01
8.140000000E+07 1.584705459E+03 1.616951216E+03 1.182848997E+03 1.919732385E+03 5.041142001E+01
8.160000000E+07 1.581239908E+03 1.613508568E+03 1.180410138E+03 1.915634747E+03 5.030457732E+01
8.180000000E+07 1.577790632E+03 1.610081887E+03 1.177982397E+03 1.911556278E+03 5.019818742E+01
8.200000000E+07 1.574357513E+03 1.606671058E+03 1.175565694E+03 1.907496840E+03 5.009224750E+01
8.220000000E+07 1.570940434E+03 1.603275967E+03 1.173159951E+03 1.903456294E+03 4.998675478E+01
8.240000000E+07 1.567539280E+03 1.599896501E+03 1.170765091E+03 1.899434506E+03 4.988170651E+01
8.260000000E+07 1.564153936E+03 1.596532550E+03 1.168381037E+03 1.895431338E+03 4.977709995E+01
8.280000000E+07 1.560784290E+03 1.593184004E+03 1.166007712E+03 1.891446658E+03 4.967293240E+01
8.300000000E+07 1.557430228E+03 1.589850751E+03 1.163645043E+03 1.887480334E+03 4.956920116E+01
8.320000000E+07 1.554091641E+03 1.586532685E+03 1.161292952E+03 1.883532233E+03 4.946590357E+01
8.340000000E+07 1.550768416E+03 1.583229698E+03 1.158951368E+03 1.879602225E+03 4.936303699E+01
8.360000000E+07 1.547460448E+03 1.579941684E+03 1.156620217E+03 1.875690184E+03 4.926059879E+01
8.380000000E+07 1.544167625E+03 1.576668536E+03 1.154299426E+03 1.871795980E+03 4.915858639E+01
8.400000000E+07 1.540889843E+03 1.573410152E+03 1.151988923E+03 1.867919487E+03 4.905699719E+01
8.420000000E+07 1.537626995E+03 1.570166429E+03 1.149688638E+03 1.864060582E+03 4.895582865E+01
8.440000000E+07 1.534378976E+03 1.566937263E+03 1.147398500E+03 1.860219139E+03 4.885507823E+01
8.460000000E+07 1.531145683E+03 1.563722554E+03 1.145118439E+03 1.856395036E+03 4.875474342E+01
8.480000000E+07 1.527927012E+03 1.560522201E+03 1.142848386E+03 1.852588153E+03 4.865482171E+01
8.500000000E+07 1.524722861E+03 1.557336104E+03 1.140588271E+03 1.848798367E+03 4.855531065E+01
8.520000000E+07 1.521533131E+03 1.554164167E+03 1.138338029E+03 1.845025561E+03 4.845620777E+01
8.540000000E+07 1.518357720E+03 1.551006290E+03 1.136097592E+03 1.841269617E+03 4.835751064E+01
8.560000000E+07 1.515196530E+03 1.547862377E+03 1.133866892E+03 1.837530417E+03 4.825921685E+01
8.580000000E+07 1.512049463E+03 1.544732333E+03 1.131645863E+03 1.833807845E+03 4.816132401E+01
8.600000000E+07 1.508916420E+03 1.541616063E+03 1.129434441E+03 1.830101787E+03 4.806382974E+01
8.620000000E+07 1.505797307E+03 1.538513473E+03 1.127232561E+03 1.826412130E+03 4.796673169E+01
8.640000000E+07 1.502692027E+03 1.535424469E+03 1.125040158E+03 1.822738760E+03 4.787002751E+01
8.660000000E+07 1.499600487E+03 1.532348961E+03 1.122857169E+03 1.819081567E+03 4.777371490E+01
8.680000000E+07 1.496522591E+03 1.529286855E+03 1.120683531E+03 1.815440439E+03 4.767779155E+01
8.700000000E+07 1.493458249E+03 1.526238062E+03 1.118519181E+03 1.811815267E+03 4.758225518E+01
8.720000000E+07 1.490407366E+03 1.523202492E+03 1.116364058E+03 1.808205943E+03 4.748710353E+01
8.740000000E+07 1.487369854E+03 1.520180056E+03 1.114218100E+03 1.804612360E+03 4.739233435E+01
8.760000000E+07 1.484345621E+03 1.517170666E+03 1.112081246E+03 1.801034409E+03 4.729794542E+01
8.780000000E+07 1.481334577E+03 1.514174235E+03 1.109953437E+03 1.797471988E+03 4.720393452E+01
8.800000000E+07 1.478336635E+03 1.511190677E+03 1.107834612E+03 1.793924990E+03 4.711029948E+01
8.820000000E+07 1.475351707E+03 1.508219905E+03 1.105724713E+03 1.790393312E+03 4.701703809E+01
8.840000000E+07 1.472379704E+03 1.505261835E+03 1.103623680E+03 1.786876852E+03 4.692414823E+01
8.860000000E+07 1.469420542E+03 1.502316383E+03 1.101531456E+03 1.783375507E+03 4.683162773E+01
8.880000000E+07 1.466474134E+03 1.499383464E+03 1.099447983E+03 1.779889178E+03 4.673947447E+01
8.900000000E+07 1.463540397E+03 1.496462998E+03 1.097373205E+03 1.776417764E+03 4.664768635E+01
8.920000000E+07 1.460619246E+03 1.493554901E+03 1.095307064E+03 1.772961166E+03 4.655626128E+01
8.940000000E+07 1.457710597E+03 1.490659093E+03 1.093249505E+03 1.769519286E+03 4.646519717E+01
8.960000000E+07 1.454814369E+03 1.487775493E+03 1.091200472E+03 1.766092028E+03 4.637449198E+01
8.980000000E+07 1.451930480E+03 1.484904021E+03 1.089159909E+03 1.762679293E+03 4.628414364E+01
9.000000000E+07 1.449058849E+03 1.482044599E+03 1.087127763E+03 1.759280988E+03 4.619415015E+01
9.020000000E+07 1.446199395E+03 1.479197147E+03 1.085103980E+03 1.755897018E+03 4.610450947E+01
9.040000000E+07 1.443352039E+03 1.476361589E+03 1.083088505E+03 1.752527289E+03 4.601521962E+01
9.060000000E+07 1.440516702E+03 1.473537848E+03 1.081081286E+03 1.749171707E+03 4.592627861E+01
9.080000000E+07 1.437693307E+03 1.470725847E+03 1.079082269E+03 1.745830181E+03 4.583768447E+01
9.100000000E+07 1.434881775E+03 1.467925510E+03 1.077091403E+03 1.742502620E+03 4.574943525E+01
9.120000000E+07 1.432082030E+03 1.465136763E+03 1.075108636E+03 1.739188932E+03 4.566152902E+01
9.140000000E+07 1.429293995E+03 1.462359530E+03 1.073133917E+03 1.735889029E+03 4.557396384E+01
9.160000000E+07 1.426517596E+03 1.459593740E+03 1.071167194E+03 1.732602822E+03 4.548673781E+01
9.180000000E+07 1.423752757E+03 1.456839319E+03 1.069208417E+03 1.729330221E+03 4.539984903E+01
9.200000000E+07 1.420999405E+03 1.454096194E+03 1.067257537E+03 1.726071140E+03 4.531329563E+01
9.220000000E+07 1.418257466E+03 1.451364292E+03 1.065314502E+03 1.722825493E+03 4.522707573E+01
9.240000000E+07 1.415526866E+03 1.448643545E+03 1.063379266E+03 1.719593193E+03 4.514118747E+01
9.260000000E+07 1.412838867E+03 1.445966448E+03 1.061479294E+03 1.716476644E+03 4.517352017E+01
9.280000000E+07 1.410130847E+03 1.443267917E+03 1.059559609E+03 1.713271168E+03 4.508876118E+01
9.300000000E+07 1.407433953E+03 1.440580330E+03 1.057647576E+03 1.710078784E+03 4.500432605E+01
9.320000000E+07 1.404748111E+03 1.437903616E+03 1.055743146E+03 1.706899407E+03 4.492021207E+01
9.340000000E+07 1.402073254E+03 1.435237707E+03 1.053846273E+03 1.703732956E+03 4.483641598E+01
9.360000000E+07 1.399409311E+03 1.432582536E+03 1.051956910E+03 1.700579348E+03 4.475293601E+01
9.380000000E+07 1.396756214E+03 1.429938036E+03 1.050075010E+03 1.697438502E+03 4.466977039E+01
9.400000000E+07 1.394113895E+03 1.427304140E+03 1.048200529E+03 1.694310338E+03 4.458691737E+01
9.420000000E+07 1.391482286E+03 1.424680783E+03 1.046333419E+03 1.691194778E+03 4.450437521E+01
9.440000000E+07 1.388861321E+03 1.422067899E+03 1.044473636E+03 1.688091741E+03 4.442214218E+01
9.460000000E+07 1.386250933E+03 1.419465423E+03 1.042621135E+03 1.685001151E+03 4.434021658E+01
9.480000000E+07 1.383651057E+03 1.416873292E+03 1.040775872E+03 1.681922929E+03 4.425859670E+01
9.500000000E+07 1.381061627E+03 1.414291441E+03 1.038937802E+03 1.678856999E+03 4.417728085E+01
9.520000000E+07 1.378482579E+03 1.411719808E+03 1.037106883E+03 1.675803284E+03 4.409626737E+01
9.540000000E+07 1.375913848E+03 1.409158329E+03 1.035283069E+03 1.672761709E+03 4.401555459E+01
9.560000000E+07 1.373355372E+03 1.406606943E+03 1.033466320E+03 1.669732201E+03 4.393514087E+01
9.580000000E+07 1.370807086E+03 1.404065588E+03 1.031656592E+03 1.666714682E+03 4.385502457E+01
9.600000000E+07 1.368268929E+03 1.401534203E+03 1.029853842E+03 1.663709082E+03 4.377520407E+01
9.620000000E+07 1.365740839E+03 1.399012728E+03 1.028058030E+03 1.660715325E+03 4.369567775E+01
9.640000000E+07 1.363222754E+03 1.396501102E+03 1.026269112E+03 1.657733341E+03 4.361644402E+01
9.660000000E+07 1.360714612E+03 1.393999265E+03 1.024487049E+03 1.654763057E+03 4.353750130E+01
9.680000000E+07 1.358216354E+03 1.391507160E+03 1.022711799E+03 1.651804402E+03 4.345884800E+01
9.700000000E+07 1.355727920E+03 1.389024726E+03 1.020943321E+03 1.648857305E+03 4.338048257E+01
9.720000000E+07 1.353249250E+03 1.386551907E+03 1.019181576E+03 1.645921697E+03 4.330240345E+01
9.740000000E+07 1.350780286E+03 1.384088644E+03 1.017426523E+03 1.642997508E+03 4.322460910E+01
9.760000000E+07 1.348320968E+03 1.381634880E+03 1.015678123E+03 1.640084669E+03 4.314709800E+01
9.780000000E+07 1.345871238E+03 1.379190558E+03 1.013936336E+03 1.637183111E+03 4.306986863E+01
9.800000000E+07 1.343431040E+03 1.376755623E+03 1.012201124E+03 1.634292768E+03 4.299291949E+01
9.820000000E+07 1.341000315E+03 1.374330018E+03 1.010472448E+03 1.631413571E+03 4.291624907E+01
9.840000000E+07 1.338579008E+03 1.371913688E+03 1.008750270E+03 1.628545454E+03 4.283985590E+01
9.860000000E+07 1.336167063E+03 1.369506578E+03 1.007034551E+03 1.625688352E+03 4.276373850E+01
9.880000000E+07 1.333764422E+03 1.367108634E+03 1.005325255E+03 1.622842197E+03 4.268789541E+01
9.900000000E+07 1.331371032E+03 1.364719801E+03 1.003622342E+03 1.620006926E+03 4.261232518E+01
9.920000000E+07 1.328986837E+03 1.362340027E+03 1.001925777E+03 1.617182474E+03 4.253702637E+01
9.940000000E+07 1.326611783E+03 1.359969257E+03 1.000235522E+03 1.614368777E+03 4.246199754E+01
9.960000000E+07 1.324245816E+03 1.357607439E+03 9.985515416E+02 1.611565771E+03 4.238723729E+01
9.980000000E+07 1.321888883E+03 1.355254522E+03 9.968737985E+02 1.608773393E+03 4.231274420E+01
1.000000000E+08 1.319540930E+03 1.352910452E+03 9.952022571E+02 1.605991581E+03 4.223851686E+01
