8.000000000E+00 0.000000000E+00 0.000000000E+00 0.000000000E+00 0.000000000E+00 0.000000000E+00
9.000000000E+00 6.605730298E+03 0.000000000E+00 0.000000000E+00 0.000000000E+00 0.000000000E+00
1.000000000E+01 2.061056487E+04 0.000000000E+00 0.000000000E+00 0.000000000E+00 0.000000000E+00
1.100000000E+01 2.885703650E+04 6.055621195E+00 0.000000000E+00 0.000000000E+00 0.000000000E+00
1.200000000E+01 3.265149222E+04 2.667105036E+01 6.020585457E+00 0.000000000E+00 0.000000000E+00
1.300000000E+01 3.482721852E+04 7.237021510E+01 3.063614965E+01 9.635442999E-02 0.000000000E+00
1.400000000E+01 3.630627704E+04 1.594137632E+02 8.130975109E+01 1.026301431E+00 1.582508184E-02
1.500000000E+01 3.787155259E+04 3.137319602E+02 1.673196450E+02 3.153947279E+00 3.021531301E-01
1.600000000E+01 4.103211428E+04 5.780898450E+02 2.986080571E+02 6.828434861E+00 1.022932097E+00
1.700000000E+01 4.955360822E+04 1.042957497E+03 4.915754126E+02 1.241192016E+01 2.318525386E+00
1.800000000E+01 6.639481903E+04 2.067342557E+03 8.215188982E+02 2.162916477E+01 4.509177470E+00
1.900000000E+01 8.255849036E+04 4.550139091E+03 1.422455872E+03 3.766140990E+01 8.544755535E+00
2.000000000E+01 9.299304817E+04 9.547581422E+03 2.368931623E+03 6.171053198E+01 1.498884309E+01
2.200000000E+01 1.038873548E+05 2.833742952E+04 6.397331541E+03 1.551300575E+02 4.130307056E+01
2.400000000E+01 1.084815360E+05 4.476179863E+04 1.768691967E+04 4.100182189E+02 1.145732952E+02
2.600000000E+01 1.100720961E+05 5.362964087E+04 3.964800046E+04 1.222073399E+03 3.601472725E+02
2.800000000E+01 1.100482803E+05 5.848555810E+04 6.287565809E+04 3.978982882E+03 1.503133200E+03
3.000000000E+01 1.090979165E+05 6.115144012E+04 7.886781831E+04 8.632658727E+03 4.926635923E+03
3.200000000E+01 1.076025955E+05 6.251912433E+04 8.899140688E+04 1.236809120E+04 8.368865539E+03
3.400000000E+01 1.057853718E+05 6.306761640E+04 9.536597925E+04 1.474458817E+04 1.049815722E+04
3.600000000E+01 1.037867629E+05 6.307992307E+04 9.933885560E+04 1.625573008E+04 1.181431103E+04
3.800000000E+01 1.016948053E+05 6.273421381E+04 1.017216420E+05 1.723366164E+04 1.265919473E+04
4.000000000E+01 9.956524850E+04 6.214729859E+04 1.030181567E+05 1.786564638E+04 1.320832943E+04
4.200000000E+01 9.743644978E+04 6.139794021E+04 1.035516523E+05 1.826180244E+04 1.355947214E+04
4.400000000E+01 9.533388369E+04 6.054039540E+04 1.035384950E+05 1.849143391E+04 1.377225794E+04
4.600000000E+01 9.327386932E+04 5.961281426E+04 1.031298505E+05 1.860084285E+04 1.388568717E+04
4.800000000E+01 9.126616562E+04 5.864257994E+04 1.024342504E+05 1.862220100E+04 1.392646346E+04
5.000000000E+01 8.931610148E+04 5.764942295E+04 1.015308000E+05 1.857843629E+04 1.391344413E+04
5.500000000E+01 8.470327256E+04 5.520554552E+04 9.870700647E+04 1.827032299E+04 1.372109302E+04
6.000000000E+01 8.048701025E+04 5.276246788E+04 9.551535303E+04 1.782727580E+04 1.340524187E+04
6.500000000E+01 7.664004289E+04 5.044907726E+04 9.218474819E+04 1.732277824E+04 1.303769581E+04
7.000000000E+01 7.313271818E+04 4.828408253E+04 8.888168000E+04 1.679178751E+04 1.264995718E+04
7.500000000E+01 6.993144566E+04 4.626949048E+04 8.568934230E+04 1.625521387E+04 1.225425485E+04
8.000000000E+01 6.701530175E+04 4.439901380E+04 8.264492647E+04 1.572863002E+04 1.186183027E+04
8.500000000E+01 6.431837764E+04 4.266329845E+04 7.976241719E+04 1.522071431E+04 1.148114288E+04
9.000000000E+01 6.183052042E+04 4.105339366E+04 7.704386630E+04 1.473535833E+04 1.111624270E+04
9.500000000E+01 5.957111831E+04 3.955750126E+04 7.448431903E+04 1.427390626E+04 1.076859292E+04
1.000000000E+02 5.743249013E+04 3.816170452E+04 7.207728567E+04 1.383636141E+04 1.043871850E+04
1.100000000E+02 5.368234729E+04 3.563662863E+04 6.765340276E+04 1.302489831E+04 9.825281801E+03
1.200000000E+02 5.032360549E+04 3.344739660E+04 6.375862710E+04 1.230420508E+04 9.281178139E+03
1.400000000E+02 4.484924762E+04 2.978111498E+04 5.718612391E+04 1.107672083E+04 8.347204431E+03
1.600000000E+02 4.051549454E+04 2.687227284E+04 5.186946582E+04 1.007391170E+04 7.593717525E+03
1.800000000E+02 3.717184884E+04 2.453796805E+04 4.748705774E+04 9.244479612E+03 6.964644126E+03
2.000000000E+02 3.407464107E+04 2.249657874E+04 4.378313727E+04 8.545753832E+03 6.421822906E+03
2.500000000E+02 2.860009991E+04 1.875353476E+04 3.677229210E+04 7.200230261E+03 5.422452109E+03
3.000000000E+02 2.455141818E+04 1.619852851E+04 3.173871398E+04 6.249987424E+03 4.697854183E+03
3.500000000E+02 2.190283967E+04 1.415513669E+04 2.811862143E+04 5.495741676E+03 4.118539571E+03
4.000000000E+02 1.945345916E+04 1.276815603E+04 2.508735344E+04 4.957297242E+03 3.726904834E+03
4.500000000E+02 1.767551298E+04 1.148785532E+04 2.275157471E+04 4.484679315E+03 3.357941500E+03
5.000000000E+02 1.609246955E+04 1.048045294E+04 2.098149102E+04 4.101953013E+03 3.060774982E+03
5.390000000E+02 1.513426960E+04 9.826049454E+03 1.961151061E+04 3.891341062E+03 2.897774434E+03
5.400000000E+02 1.511417333E+04 9.810336908E+03 1.958055029E+04 3.886668139E+03 2.894961698E+03
6.000000000E+02 1.408440656E+04 8.900692649E+03 1.788270087E+04 3.540633219E+03 2.652445658E+03
7.000000000E+02 1.222981541E+04 7.899428156E+03 1.563087734E+04 3.110665253E+03 2.320381777E+03
8.000000000E+02 1.086758944E+04 7.035680894E+03 1.399761186E+04 2.760367630E+03 2.059155486E+03
9.000000000E+02 9.833544229E+03 6.292228296E+03 1.279337909E+04 2.507938270E+03 1.859029144E+03
1.000000000E+03 9.061997294E+03 5.717848562E+03 1.160957677E+04 2.323055278E+03 1.732197175E+03
1.500000000E+03 6.328847637E+03 4.003681099E+03 8.167435694E+03 1.618525323E+03 1.198562683E+03
2.000000000E+03 4.917876999E+03 3.085165111E+03 6.298305237E+03 1.260299896E+03 9.343183157E+02
2.500000000E+03 4.048684006E+03 2.522417020E+03 5.161837269E+03 1.033533867E+03 7.648794359E+02
3.000000000E+03 3.527275666E+03 2.145614802E+03 4.389414124E+03 8.794211316E+02 6.500466441E+02
3.500000000E+03 3.056499239E+03 1.907429969E+03 3.833200922E+03 7.673129134E+02 5.665201766E+02
4.000000000E+03 2.710507428E+03 1.693539051E+03 3.438498048E+03 6.825047745E+02 5.030712554E+02
4.500000000E+03 2.440226712E+03 1.515161423E+03 3.131316858E+03 6.205585303E+02 4.550534434E+02
5.000000000E+03 2.221671230E+03 1.374857323E+03 2.839232816E+03 5.719322318E+02 4.222559769E+02
6.000000000E+03 1.888876818E+03 1.163920564E+03 2.402316538E+03 4.828054977E+02 3.556071291E+02
7.000000000E+03 1.646316412E+03 1.011589859E+03 2.089772403E+03 4.200412255E+02 3.090336178E+02
8.000000000E+03 1.461415025E+03 8.957748625E+02 1.852623141E+03 3.725611578E+02 2.738949624E+02
9.000000000E+03 1.315404511E+03 8.046192939E+02 1.665914698E+03 3.351853454E+02 2.462672302E+02
1.000000000E+04 1.196992878E+03 7.309121574E+02 1.514857737E+03 3.049318466E+02 2.239250118E+02
2.000000000E+04 6.083691113E+02 3.967749332E+02 7.976347496E+02 1.647372573E+02 1.148199626E+02
3.000000000E+04 4.212986305E+02 2.736545166E+02 5.513610253E+02 1.141587796E+02 7.926858475E+01
4.000000000E+04 3.243957195E+02 2.101128141E+02 4.239653349E+02 8.791930739E+01 6.092160947E+01
5.000000000E+04 2.647289995E+02 1.711969028E+02 3.456505156E+02 7.176537183E+01 4.962894119E+01
6.000000000E+04 2.241484041E+02 1.447851771E+02 2.924520100E+02 6.077161168E+01 4.196188667E+01
7.000000000E+04 1.946890632E+02 1.256079478E+02 2.538555497E+02 5.279905126E+01 3.641746964E+01
8.000000000E+04 1.722957900E+02 1.110349873E+02 2.245376705E+02 4.672438293E+01 3.220913800E+01
9.000000000E+04 1.546758149E+02 9.957838702E+01 2.014837471E+02 4.195399632E+01 2.887101734E+01
1.000000000E+05 1.404332300E+02 9.032870033E+01 1.828565791E+02 3.810212319E+01 2.619851516E+01
1.100000000E+05 1.286749999E+02 8.269948257E+01 1.674840121E+02 3.491363107E+01 2.400966633E+01
1.200000000E+05 1.187977395E+02 7.629567713E+01 1.545801968E+02 3.222935581E+01 2.216098184E+01
1.300000000E+05 1.103781599E+02 7.084135274E+01 1.435931223E+02 2.994280829E+01 2.056984425E+01
1.400000000E+05 1.031121618E+02 6.613796551E+01 1.341217111E+02 2.797409095E+01 1.919208962E+01
1.500000000E+05 9.677573391E+01 6.203898149E+01 1.258679357E+02 2.626037133E+01 1.799593549E+01
1.600000000E+05 9.119959734E+01 5.843383303E+01 1.186066382E+02 2.475262461E+01 1.695194551E+01
1.700000000E+05 8.625321277E+01 5.523748059E+01 1.121651996E+02 2.341336726E+01 1.603292851E+01
1.800000000E+05 8.183439688E+01 5.238343228E+01 1.064093633E+02 2.221426092E+01 1.521551648E+01
1.900000000E+05 7.786211575E+01 4.981894331E+01 1.012332072E+02 2.113377633E+01 1.448085200E+01
2.000000000E+05 7.427125809E+01 4.750163164E+01 9.655199852E+01 2.015521965E+01 1.381444602E+01
3.000000000E+05 5.110833679E+01 3.258509383E+01 6.633120145E+01 1.386377230E+01 9.448824573E+00
4.000000000E+05 3.917087070E+01 2.492775975E+01 5.078068089E+01 1.064830645E+01 7.249599152E+00
5.000000000E+05 3.185592883E+01 2.024513293E+01 4.126691827E+01 8.666017781E+00 5.906253246E+00
6.000000000E+05 2.689998411E+01 1.707693341E+01 3.482783418E+01 7.317449525E+00 4.984617494E+00
7.000000000E+05 2.331320576E+01 1.478654171E+01 3.017099395E+01 6.340543815E+00 4.314725569E+00
8.000000000E+05 2.059354325E+01 1.305124827E+01 2.664132434E+01 5.599886058E+00 3.806928052E+00
9.000000000E+05 1.845808172E+01 1.168971896E+01 2.387076965E+01 5.018539138E+00 3.408795508E+00
1.000000000E+06 1.673505308E+01 1.059209384E+01 2.163634612E+01 4.549707713E+00 3.088147843E+00
1.200000000E+06 1.412258879E+01 8.929699305E+00 1.825030020E+01 3.839179217E+00 2.602926263E+00
1.400000000E+06 1.223346742E+01 7.728738885E+00 1.580254813E+01 3.325529657E+00 2.252745880E+00
1.600000000E+06 1.080179720E+01 6.819339174E+00 1.394806908E+01 2.936318935E+00 1.987716213E+00
1.800000000E+06 9.677926890E+00 6.106133728E+00 1.249303493E+01 2.630888728E+00 1.779840062E+00
2.000000000E+06 8.771487437E+00 5.531391202E+00 1.132002365E+01 2.384610860E+00 1.612270069E+00
2.200000000E+06 8.024570448E+00 5.058075394E+00 1.035368114E+01 2.181677684E+00 1.474274797E+00
2.400000000E+06 7.398202076E+00 4.661314963E+00 9.543396484E+00 2.011474565E+00 1.358640523E+00
2.600000000E+06 6.865143316E+00 4.323780853E+00 8.853896803E+00 1.866607218E+00 1.260306161E+00
2.800000000E+06 6.405793628E+00 4.033025654E+00 8.259833888E+00 1.741763160E+00 1.175616584E+00
3.000000000E+06 6.005704545E+00 3.779875301E+00 7.742515357E+00 1.633024167E+00 1.101877825E+00
3.200000000E+06 5.653996267E+00 3.557417252E+00 7.287849830E+00 1.537435202E+00 1.037068872E+00
3.400000000E+06 5.342317120E+00 3.360342320E+00 6.885010249E+00 1.452724835E+00 9.796459782E-01
3.600000000E+06 5.064144458E+00 3.184504035E+00 6.525538298E+00 1.377118186E+00 9.284079794E-01
3.800000000E+06 4.814305788E+00 3.026616069E+00 6.202728758E+00 1.309208247E+00 8.824035996E-01
4.000000000E+06 4.588644223E+00 2.884039679E+00 5.911196645E+00 1.247865244E+00 8.408675518E-01
4.200000000E+06 4.383779944E+00 2.754631348E+00 5.646566755E+00 1.192171456E+00 8.031760384E-01
4.400000000E+06 4.196936601E+00 2.636631571E+00 5.405246995E+00 1.141373561E+00 7.688151438E-01
4.600000000E+06 4.025812582E+00 2.528582359E+00 5.184260249E+00 1.094847249E+00 7.373577870E-01
4.800000000E+06 3.868483918E+00 2.429265153E+00 4.981117841E+00 1.052070601E+00 7.084464450E-01
5.000000000E+06 3.723329995E+00 2.337653484E+00 4.793723064E+00 1.012603823E+00 6.817798786E-01
5.200000000E+06 3.588976034E+00 2.252876447E+00 4.620296737E+00 9.760736174E-01 6.571027351E-01
5.400000000E+06 3.464248085E+00 2.174190216E+00 4.459319140E+00 9.421610255E-01 6.341972926E-01
5.600000000E+06 3.348137502E+00 2.100955612E+00 4.309484262E+00 9.105918493E-01 6.128768491E-01
5.800000000E+06 3.239772682E+00 2.032620261E+00 4.169663417E+00 8.811290460E-01 5.929803993E-01
6.000000000E+06 3.138396415E+00 1.968704300E+00 4.038876059E+00 8.535666282E-01 5.743683340E-01
6.200000000E+06 3.043347583E+00 1.908788820E+00 3.916266185E+00 8.277247314E-01 5.569189544E-01
6.400000000E+06 2.954046304E+00 1.852506459E+00 3.801083124E+00 8.034455949E-01 5.405256404E-01
6.600000000E+06 2.869981755E+00 1.799533685E+00 3.692665773E+00 7.805902630E-01 5.250945404E-01
6.800000000E+06 2.790702150E+00 1.749584434E+00 3.590429591E+00 7.590358600E-01 5.105426800E-01
7.000000000E+06 2.715806426E+00 1.702404825E+00 3.493855796E+00 7.386733250E-01 4.967964035E-01
7.200000000E+06 2.644937302E+00 1.657768746E+00 3.402482348E+00 7.194055200E-01 4.837900848E-01
7.400000000E+06 2.577775461E+00 1.615474150E+00 3.315896377E+00 7.011456381E-01 4.714650513E-01
7.600000000E+06 2.514034634E+00 1.575339929E+00 3.233727792E+00 6.838158628E-01 4.597686833E-01
7.800000000E+06 2.453457434E+00 1.537203262E+00 3.155643864E+00 6.673462285E-01 4.486536510E-01
8.000000000E+06 2.395811795E+00 1.500917360E+00 3.081344617E+00 6.516736513E-01 4.380772684E-01
8.200000000E+06 2.340887942E+00 1.466349535E+00 3.010558881E+00 6.367411002E-01 4.280009391E-01
8.400000000E+06 2.288495763E+00 1.433379539E+00 2.943040908E+00 6.224968849E-01 4.183896814E-01
8.600000000E+06 2.238462561E+00 1.401898140E+00 2.878567451E+00 6.088940427E-01 4.092117167E-01
8.800000000E+06 2.190631096E+00 1.371805884E+00 2.816935239E+00 5.958898078E-01 4.004381133E-01
9.000000000E+06 2.144857884E+00 1.343012021E+00 2.757958788E+00 5.834451513E-01 3.920424759E-01
9.200000000E+06 2.101011722E+00 1.315433571E+00 2.701468488E+00 5.715243802E-01 3.840006741E-01
9.400000000E+06 2.058972394E+00 1.288994506E+00 2.647308937E+00 5.600947871E-01 3.762906046E-01
9.600000000E+06 2.018629534E+00 1.263625040E+00 2.595337483E+00 5.491263436E-01 3.688919826E-01
9.800000000E+06 1.979881634E+00 1.239260993E+00 2.545422934E+00 5.385914311E-01 3.617861572E-01
1.000000000E+07 1.942635165E+00 1.215843242E+00 2.497444429E+00 5.284646027E-01 3.549559492E-01
