1.100000000E+05 1.487112407E+04 3.017989642E+03 5.269821122E+03 1.873887039E+02 3.675565830E+02
1.200000000E+05 1.465249367E+04 3.168706384E+03 5.564200529E+03 2.062403799E+02 3.988612097E+02
1.300000000E+05 1.438058756E+04 3.231988839E+03 5.663149838E+03 2.210864690E+02 4.142834006E+02
1.400000000E+05 1.412892278E+04 3.314307620E+03 5.819074455E+03 2.353710827E+02 4.321844038E+02
1.500000000E+05 1.387062601E+04 3.371466560E+03 5.923721091E+03 2.480345062E+02 4.451595994E+02
1.600000000E+05 1.359558109E+04 3.386989901E+03 5.935914785E+03 2.592025794E+02 4.518114792E+02
1.700000000E+05 1.334106866E+04 3.415877529E+03 5.986859143E+03 2.697964302E+02 4.596862213E+02
1.800000000E+05 1.309052283E+04 3.433323303E+03 6.015868123E+03 2.795383808E+02 4.655977561E+02
1.900000000E+05 1.283592504E+04 3.427636867E+03 5.994107642E+03 2.884397266E+02 4.686376405E+02
2.000000000E+05 1.259874069E+04 3.431445232E+03 5.999254283E+03 2.968363875E+02 4.723326763E+02
3.000000000E+05 1.031503938E+04 3.251671383E+03 5.662106972E+03 3.550115642E+02 4.789511643E+02
4.000000000E+05 8.933864062E+03 3.033713893E+03 5.313247844E+03 3.845951763E+02 4.715778325E+02
5.000000000E+05 7.902094364E+03 2.811980521E+03 4.957536704E+03 3.985319750E+02 4.588675036E+02
6.000000000E+05 7.104319644E+03 2.613951589E+03 4.640928867E+03 4.034864574E+02 4.445830147E+02
7.000000000E+05 6.468720012E+03 2.442516529E+03 4.367349518E+03 4.030906552E+02 4.299607811E+02
8.000000000E+05 5.947673367E+03 2.291120269E+03 4.122856521E+03 3.994543646E+02 4.155329695E+02
9.000000000E+05 5.512776275E+03 2.158823978E+03 3.907872889E+03 3.938566105E+02 4.016102299E+02
1.000000000E+06 5.143521658E+03 2.042173106E+03 3.716778547E+03 3.870954276E+02 3.883246734E+02
1.200000000E+06 4.548247531E+03 1.845166288E+03 3.389518231E+03 3.719375081E+02 3.638337654E+02
1.400000000E+06 4.087988780E+03 1.685923167E+03 3.120906578E+03 3.562575415E+02 3.420584068E+02
1.600000000E+06 3.720115214E+03 1.554081093E+03 2.895256645E+03 3.410172583E+02 3.227340272E+02
1.800000000E+06 3.418753341E+03 1.443407141E+03 2.703716957E+03 3.266059414E+02 3.055446236E+02
2.000000000E+06 3.166686714E+03 1.348666967E+03 2.537888460E+03 3.131529839E+02 2.901908433E+02
2.200000000E+06 2.952513097E+03 1.266881661E+03 2.393532180E+03 3.006681684E+02 2.764109273E+02
2.400000000E+06 2.767997871E+03 1.195393836E+03 2.266355897E+03 2.891075071E+02 2.639825968E+02
2.600000000E+06 2.607188231E+03 1.132287010E+03 2.153288688E+03 2.784050187E+02 2.527194458E+02
2.800000000E+06 2.465671153E+03 1.076166161E+03 2.052127946E+03 2.684882214E+02 2.424656300E+02
3.000000000E+06 2.340073815E+03 1.025914459E+03 1.961066460E+03 2.592855880E+02 2.330907046E+02
3.200000000E+06 2.227761034E+03 9.805910419E+02 1.878521394E+03 2.507299508E+02 2.244851146E+02
3.400000000E+06 2.126673648E+03 9.394991942E+02 1.803353075E+03 2.427598466E+02 2.165564316E+02
3.600000000E+06 2.035158461E+03 9.020534898E+02 1.734580342E+03 2.353198224E+02 2.092262800E+02
3.800000000E+06 1.951876624E+03 8.677734024E+02 1.671391769E+03 2.283602328E+02 2.024278506E+02
4.000000000E+06 1.875731663E+03 8.362607498E+02 1.613110402E+03 2.218368068E+02 1.961038931E+02
4.200000000E+06 1.805815498E+03 8.071785468E+02 1.559156704E+03 2.157101308E+02 1.902050959E+02
4.400000000E+06 1.741371961E+03 7.802505096E+02 1.509058403E+03 2.099451220E+02 1.846887738E+02
4.600000000E+06 1.681765712E+03 7.552463759E+02 1.462422891E+03 2.045105286E+02 1.795178012E+02
4.800000000E+06 1.626451787E+03 7.319452408E+02 1.418853827E+03 1.993784743E+02 1.746597414E+02
5.000000000E+06 1.574970487E+03 7.101796631E+02 1.378064210E+03 1.945240495E+02 1.700861314E+02
5.200000000E+06 1.526924972E+03 6.897976237E+02 1.339787050E+03 1.899249518E+02 1.657718930E+02
5.400000000E+06 1.481973050E+03 6.706705984E+02 1.303798298E+03 1.855611700E+02 1.616948442E+02
5.600000000E+06 1.439814901E+03 6.526755854E+02 1.269875099E+03 1.814147094E+02 1.578352925E+02
5.800000000E+06 1.400190880E+03 6.357146006E+02 1.237845826E+03 1.774693520E+02 1.541756939E+02
6.000000000E+06 1.362872422E+03 6.196980271E+02 1.207550702E+03 1.737104483E+02 1.507003675E+02
6.200000000E+06 1.327658355E+03 6.045479924E+02 1.178851476E+03 1.701247366E+02 1.473952528E+02
6.400000000E+06 1.294369809E+03 5.901909718E+02 1.151614220E+03 1.667001848E+02 1.442477054E+02
6.600000000E+06 1.262848650E+03 5.765654286E+02 1.125729193E+03 1.634258536E+02 1.412463213E+02
6.800000000E+06 1.232953645E+03 5.636149854E+02 1.101094681E+03 1.602917762E+02 1.383807882E+02
7.000000000E+06 1.204558442E+03 5.512890106E+02 1.077619102E+03 1.572888539E+02 1.356417568E+02
7.200000000E+06 1.177549743E+03 5.395424650E+02 1.055221177E+03 1.544087640E+02 1.330207300E+02
7.400000000E+06 1.151825294E+03 5.283330452E+02 1.033823268E+03 1.516438794E+02 1.305099676E+02
7.600000000E+06 1.127293039E+03 5.176239770E+02 1.013358756E+03 1.489871974E+02 1.281024029E+02
7.800000000E+06 1.103869576E+03 5.073813807E+02 9.937657988E+02 1.464322776E+02 1.257915707E+02
8.000000000E+06 1.081479222E+03 4.975744194E+02 9.749879950E+02 1.439731862E+02 1.235715437E+02
8.200000000E+06 1.060053130E+03 4.881749613E+02 9.569737918E+02 1.416044474E+02 1.214368776E+02
8.400000000E+06 1.039528557E+03 4.791574846E+02 9.396764672E+02 1.393210000E+02 1.193825623E+02
8.600000000E+06 1.019848093E+03 4.704980410E+02 9.230517161E+02 1.371181588E+02 1.174039791E+02
8.800000000E+06 1.000959244E+03 4.621751863E+02 9.070601585E+02 1.349915800E+02 1.154968628E+02
9.000000000E+06 9.828138227E+02 4.541690259E+02 8.916650838E+02 1.329372308E+02 1.136572682E+02
9.200000000E+06 9.653675323E+02 4.464612292E+02 8.768326149E+02 1.309513620E+02 1.118815404E+02
9.400000000E+06 9.485795797E+02 4.390348775E+02 8.625314367E+02 1.290304831E+02 1.101662884E+02
9.600000000E+06 9.324123312E+02 4.318743285E+02 8.487325560E+02 1.271713405E+02 1.085083612E+02
9.800000000E+06 9.168310179E+02 4.249651605E+02 8.354092471E+02 1.253708975E+02 1.069048271E+02
1.000000000E+07 9.018034378E+02 4.182938188E+02 8.225362344E+02 1.236263165E+02 1.053529545E+02
1.020000000E+07 8.872997595E+02 4.118478853E+02 8.100904488E+02 1.219349427E+02 1.038501949E+02
1.040000000E+07 8.732922822E+02 4.056157557E+02 7.980502680E+02 1.202942897E+02 1.023941680E+02
1.060000000E+07 8.597552527E+02 3.995866216E+02 7.863955292E+02 1.187020261E+02 1.009826473E+02
1.080000000E+07 8.466646960E+02 3.937504037E+02 7.751074077E+02 1.171559637E+02 9.961354855E+01
1.100000000E+07 8.339982622E+02 3.880976898E+02 7.641683054E+02 1.156540462E+02 9.828491763E+01
1.120000000E+07 8.217350910E+02 3.826196807E+02 7.535617523E+02 1.141943401E+02 9.699492106E+01
1.140000000E+07 8.098556889E+02 3.773081576E+02 7.432723612E+02 1.127750245E+02 9.574183638E+01
1.160000000E+07 7.983418134E+02 3.721553687E+02 7.332855694E+02 1.113943841E+02 9.452404399E+01
1.180000000E+07 7.871763804E+02 3.671540901E+02 7.235878260E+02 1.100508007E+02 9.334001933E+01
1.200000000E+07 7.763433685E+02 3.622975225E+02 7.141663541E+02 1.087427468E+02 9.218832608E+01
1.220000000E+07 7.658277380E+02 3.575792744E+02 7.050091315E+02 1.074687792E+02 9.106760972E+01
1.240000000E+07 7.556153560E+02 3.529933312E+02 6.961048352E+02 1.062275332E+02 8.997659173E+01
1.260000000E+07 7.456929286E+02 3.485340280E+02 6.874427915E+02 1.050177173E+02 8.891406433E+01
1.280000000E+07 7.360479384E+02 3.441960238E+02 6.790129281E+02 1.038381083E+02 8.787888551E+01
1.300000000E+07 7.266685895E+02 3.399742789E+02 6.708057338E+02 1.026875466E+02 8.686997464E+01
1.320000000E+07 7.175437545E+02 3.358640379E+02 6.628122290E+02 1.015649326E+02 8.588630835E+01
1.340000000E+07 7.086629275E+02 3.318607933E+02 6.550238880E+02 1.004692223E+02 8.492691670E+01
1.360000000E+07 7.000161818E+02 3.279602928E+02 6.474326691E+02 9.939942410E+01 8.399087973E+01
1.380000000E+07 6.915941291E+02 3.241585065E+02 6.400309435E+02 9.835459525E+01 8.307732423E+01
1.400000000E+07 6.833878845E+02 3.204516160E+02 6.328114777E+02 9.733383923E+01 8.218542085E+01
1.420000000E+07 6.753890311E+02 3.168360005E+02 6.257674077E+02 9.633630258E+01 8.131438120E+01
1.440000000E+07 6.675895911E+02 3.133082242E+02 6.188922157E+02 9.536117252E+01 8.046345549E+01
1.460000000E+07 6.599819960E+02 3.098650243E+02 6.121797081E+02 9.440767443E+01 7.963193004E+01
1.480000000E+07 6.525590614E+02 3.065033005E+02 6.056239959E+02 9.347506966E+01 7.881912519E+01
1.500000000E+07 6.453139619E+02 3.032201042E+02 5.992194753E+02 9.256265343E+01 7.802439323E+01
1.520000000E+07 6.382402092E+02 3.000126302E+02 5.929608109E+02 9.166975287E+01 7.724711654E+01
1.540000000E+07 6.313316316E+02 2.968782080E+02 5.868429220E+02 9.079572527E+01 7.648670585E+01
1.560000000E+07 6.245823540E+02 2.938142909E+02 5.808609583E+02 8.993995634E+01 7.574259862E+01
1.580000000E+07 6.179867808E+02 2.908184535E+02 5.750102997E+02 8.910185863E+01 7.501425745E+01
1.600000000E+07 6.115395793E+02 2.878883815E+02 5.692865348E+02 8.828087016E+01 7.430116882E+01
1.620000000E+07 6.052356639E+02 2.850218659E+02 5.636854507E+02 8.747645292E+01 7.360284162E+01
1.640000000E+07 5.990701819E+02 2.822167971E+02 5.582030219E+02 8.668809163E+01 7.291880600E+01
1.660000000E+07 5.930385009E+02 2.794711594E+02 5.528354003E+02 8.591529259E+01 7.224861221E+01
1.680000000E+07 5.871361952E+02 2.767830258E+02 5.475789049E+02 8.515758251E+01 7.159182953E+01
1.700000000E+07 5.813590353E+02 2.741505530E+02 5.424300131E+02 8.441450744E+01 7.094804525E+01
1.720000000E+07 5.757029764E+02 2.715719768E+02 5.373853518E+02 8.368563179E+01 7.031686370E+01
1.740000000E+07 5.701641485E+02 2.690456081E+02 5.324416900E+02 8.297053744E+01 6.969790544E+01
1.760000000E+07 5.647388475E+02 2.665698288E+02 5.275959309E+02 8.226882281E+01 6.909080637E+01
1.780000000E+07 5.594235254E+02 2.641430880E+02 5.228451056E+02 8.158010206E+01 6.849521698E+01
1.800000000E+07 5.542147828E+02 2.617638985E+02 5.181863646E+02 8.090400435E+01 6.791080160E+01
1.820000000E+07 5.491093610E+02 2.594308336E+02 5.136169746E+02 8.024017305E+01 6.733723775E+01
1.840000000E+07 5.441041344E+02 2.571425242E+02 5.091343105E+02 7.958826512E+01 6.677421542E+01
1.860000000E+07 5.391961040E+02 2.548976554E+02 5.047358507E+02 7.894795038E+01 6.622143654E+01
1.880000000E+07 5.343823913E+02 2.526949645E+02 5.004191724E+02 7.831891104E+01 6.567861439E+01
1.900000000E+07 5.296602314E+02 2.505332377E+02 4.961819457E+02 7.770084095E+01 6.514547301E+01
1.920000000E+07 5.250269683E+02 2.484113083E+02 4.920219303E+02 7.709344521E+01 6.462174677E+01
1.940000000E+07 5.204800490E+02 2.463280541E+02 4.879369706E+02 7.649643958E+01 6.410717981E+01
1.960000000E+07 5.160170187E+02 2.442823953E+02 4.839249916E+02 7.590954999E+01 6.360152564E+01
1.980000000E+07 5.116355161E+02 2.422732928E+02 4.799839956E+02 7.533251214E+01 6.310454671E+01
2.000000000E+07 5.073332688E+02 2.402997457E+02 4.761120579E+02 7.476507100E+01 6.261601394E+01
2.020000000E+07 5.031080893E+02 2.383607901E+02 4.723073243E+02 7.420698044E+01 6.213570645E+01
2.040000000E+07 4.989578712E+02 2.364554972E+02 4.685680074E+02 7.365800286E+01 6.166341110E+01
2.060000000E+07 4.948805846E+02 2.345829716E+02 4.648923832E+02 7.311790874E+01 6.119892219E+01
2.080000000E+07 4.908742740E+02 2.327423499E+02 4.612787892E+02 7.258647640E+01 6.074204114E+01
2.100000000E+07 4.869370536E+02 2.309327991E+02 4.577256209E+02 7.206349157E+01 6.029257615E+01
2.120000000E+07 4.830671050E+02 2.291535157E+02 4.542313298E+02 7.154874716E+01 5.985034194E+01
2.140000000E+07 4.792626736E+02 2.274037239E+02 4.507944204E+02 7.104204288E+01 5.941515945E+01
2.160000000E+07 4.755220665E+02 2.256826746E+02 4.474134483E+02 7.054318501E+01 5.898685559E+01
2.180000000E+07 4.718436493E+02 2.239896443E+02 4.440870181E+02 7.005198617E+01 5.856526303E+01
2.200000000E+07 4.682258436E+02 2.223239339E+02 4.408137811E+02 6.956826495E+01 5.815021987E+01
2.220000000E+07 4.646671247E+02 2.206848679E+02 4.375924333E+02 6.909184573E+01 5.774156949E+01
2.240000000E+07 4.611660195E+02 2.190717931E+02 4.344217137E+02 6.862255851E+01 5.733916031E+01
2.260000000E+07 4.577211037E+02 2.174840777E+02 4.313004025E+02 6.816023854E+01 5.694284557E+01
2.280000000E+07 4.543310008E+02 2.159211107E+02 4.282273194E+02 6.770472629E+01 5.655248323E+01
2.300000000E+07 4.509943790E+02 2.143823009E+02 4.252013219E+02 6.725586708E+01 5.616793560E+01
2.320000000E+07 4.477099499E+02 2.128670759E+02 4.222213039E+02 6.681351099E+01 5.578906936E+01
2.340000000E+07 4.444764671E+02 2.113748817E+02 4.192861943E+02 6.637751268E+01 5.541575528E+01
2.360000000E+07 4.412927238E+02 2.099051817E+02 4.163949556E+02 6.594773117E+01 5.504786811E+01
2.380000000E+07 4.381575516E+02 2.084574560E+02 4.135465822E+02 6.552402968E+01 5.468528635E+01
2.400000000E+07 4.350698189E+02 2.070312011E+02 4.107400997E+02 6.510627551E+01 5.432789223E+01
2.420000000E+07 4.320284293E+02 2.056259287E+02 4.079745635E+02 6.469433985E+01 5.397557146E+01
2.440000000E+07 4.290323207E+02 2.042411657E+02 4.052490575E+02 6.428809767E+01 5.362821316E+01
2.460000000E+07 4.260804635E+02 2.028764531E+02 4.025626932E+02 6.388742755E+01 5.328570971E+01
2.480000000E+07 4.231718595E+02 2.015313460E+02 3.999146088E+02 6.349221157E+01 5.294795663E+01
2.500000000E+07 4.203055405E+02 2.002054123E+02 3.973039676E+02 6.310233515E+01 5.261485248E+01
2.520000000E+07 4.174805676E+02 1.988982332E+02 3.947299579E+02 6.271768699E+01 5.228629872E+01
2.540000000E+07 4.146960298E+02 1.976094019E+02 3.921917913E+02 6.233815890E+01 5.196219964E+01
2.560000000E+07 4.119510431E+02 1.963385236E+02 3.896887025E+02 6.196364572E+01 5.164246224E+01
2.580000000E+07 4.092447493E+02 1.950852148E+02 3.872199481E+02 6.159404519E+01 5.132699614E+01
2.600000000E+07 4.065763152E+02 1.938491030E+02 3.847848057E+02 6.122925787E+01 5.101571346E+01
2.620000000E+07 4.039449316E+02 1.926298265E+02 3.823825735E+02 6.086918704E+01 5.070852879E+01
2.640000000E+07 4.013498129E+02 1.914270337E+02 3.800125695E+02 6.051373861E+01 5.040535906E+01
2.660000000E+07 3.987901954E+02 1.902403828E+02 3.776741304E+02 6.016282099E+01 5.010612344E+01
2.680000000E+07 3.962653370E+02 1.890695417E+02 3.753666116E+02 5.981634506E+01 4.981074334E+01
2.700000000E+07 3.937745167E+02 1.879141873E+02 3.730893860E+02 5.947422407E+01 4.951914224E+01
2.720000000E+07 3.913170332E+02 1.867740056E+02 3.708418435E+02 5.913637354E+01 4.923124570E+01
2.740000000E+07 3.888922052E+02 1.856486910E+02 3.686233909E+02 5.880271122E+01 4.894698126E+01
2.760000000E+07 3.864993693E+02 1.845379461E+02 3.664334505E+02 5.847315698E+01 4.866627833E+01
2.780000000E+07 3.841378807E+02 1.834414818E+02 3.642714604E+02 5.814763277E+01 4.838906821E+01
2.800000000E+07 3.818071120E+02 1.823590164E+02 3.621368733E+02 5.782606252E+01 4.811528396E+01
2.820000000E+07 3.795064523E+02 1.812902758E+02 3.600291564E+02 5.750837213E+01 4.784486039E+01
2.840000000E+07 3.772353076E+02 1.802349931E+02 3.579477911E+02 5.719448935E+01 4.757773396E+01
2.860000000E+07 3.749930990E+02 1.791929085E+02 3.558922719E+02 5.688434375E+01 4.731384278E+01
2.880000000E+07 3.727792634E+02 1.781637688E+02 3.538621066E+02 5.657786668E+01 4.705312650E+01
2.900000000E+07 3.705932518E+02 1.771473273E+02 3.518568153E+02 5.627499115E+01 4.679552629E+01
2.920000000E+07 3.684345301E+02 1.761433438E+02 3.498759307E+02 5.597565187E+01 4.654098480E+01
2.940000000E+07 3.663025775E+02 1.751515840E+02 3.479189969E+02 5.567978507E+01 4.628944608E+01
2.960000000E+07 3.641968868E+02 1.741718197E+02 3.459855699E+02 5.538732863E+01 4.604085561E+01
2.980000000E+07 3.621169636E+02 1.732038284E+02 3.440752165E+02 5.509822189E+01 4.579516016E+01
3.000000000E+07 3.600623258E+02 1.722473930E+02 3.421875142E+02 5.481240559E+01 4.555230778E+01
3.020000000E+07 3.580325040E+02 1.713023021E+02 3.403220511E+02 5.452982197E+01 4.531224785E+01
3.040000000E+07 3.560270395E+02 1.703683490E+02 3.384784252E+02 5.425041458E+01 4.507493088E+01
3.060000000E+07 3.540454861E+02 1.694453326E+02 3.366562443E+02 5.397412833E+01 4.484030862E+01
3.080000000E+07 3.520874079E+02 1.685330565E+02 3.348551260E+02 5.370090944E+01 4.460833395E+01
3.100000000E+07 3.501523798E+02 1.676313288E+02 3.330746964E+02 5.343070531E+01 4.437896085E+01
3.120000000E+07 3.482399872E+02 1.667399626E+02 3.313145914E+02 5.316346465E+01 4.415214440E+01
3.140000000E+07 3.463498252E+02 1.658587752E+02 3.295744547E+02 5.289913726E+01 4.392784070E+01
3.160000000E+07 3.444814987E+02 1.649875882E+02 3.278539389E+02 5.263767412E+01 4.370600687E+01
3.180000000E+07 3.426346223E+02 1.641262275E+02 3.261527044E+02 5.237902734E+01 4.348660103E+01
3.200000000E+07 3.408088198E+02 1.632745233E+02 3.244704201E+02 5.212315013E+01 4.326958228E+01
3.220000000E+07 3.390037232E+02 1.624323094E+02 3.228067618E+02 5.186999668E+01 4.305491059E+01
3.240000000E+07 3.372189737E+02 1.615994235E+02 3.211614133E+02 5.161952227E+01 4.284254687E+01
3.260000000E+07 3.354542207E+02 1.607757072E+02 3.195340653E+02 5.137168311E+01 4.263245291E+01
3.280000000E+07 3.337091220E+02 1.599610058E+02 3.179244159E+02 5.112643647E+01 4.242459138E+01
3.300000000E+07 3.319833425E+02 1.591551676E+02 3.163321695E+02 5.088374044E+01 4.221892569E+01
3.320000000E+07 3.302765556E+02 1.583580449E+02 3.147570377E+02 5.064355411E+01 4.201542015E+01
3.340000000E+07 3.285884415E+02 1.575694931E+02 3.131987380E+02 5.040583740E+01 4.181403980E+01
3.360000000E+07 3.269186882E+02 1.567893708E+02 3.116569947E+02 5.017055115E+01 4.161475047E+01
3.380000000E+07 3.252669902E+02 1.560175397E+02 3.101315377E+02 4.993765701E+01 4.141751874E+01
3.400000000E+07 3.236330490E+02 1.552538646E+02 3.086221031E+02 4.970711740E+01 4.122231185E+01
3.420000000E+07 3.220165730E+02 1.544982134E+02 3.071284329E+02 4.947889566E+01 4.102909783E+01
3.440000000E+07 3.204172765E+02 1.537504567E+02 3.056502742E+02 4.925295574E+01 4.083784530E+01
3.460000000E+07 3.188348806E+02 1.530104680E+02 3.041873801E+02 4.902926250E+01 4.064852364E+01
3.480000000E+07 3.172691121E+02 1.522781234E+02 3.027395085E+02 4.880778142E+01 4.046110278E+01
3.500000000E+07 3.157197038E+02 1.515533018E+02 3.013064228E+02 4.858847874E+01 4.027555336E+01
3.520000000E+07 3.141863947E+02 1.508358848E+02 2.998878916E+02 4.837132143E+01 4.009184661E+01
3.540000000E+07 3.126689287E+02 1.501257561E+02 2.984836877E+02 4.815627707E+01 3.990995432E+01
3.560000000E+07 3.111670556E+02 1.494228022E+02 2.970935893E+02 4.794331391E+01 3.972984889E+01
3.580000000E+07 3.096805304E+02 1.487269119E+02 2.957173789E+02 4.773240091E+01 3.955150330E+01
3.600000000E+07 3.082091135E+02 1.480379764E+02 2.943548438E+02 4.752350760E+01 3.937489107E+01
3.620000000E+07 3.067525700E+02 1.473558889E+02 2.930057752E+02 4.731660411E+01 3.919998624E+01
3.640000000E+07 3.053106698E+02 1.466805450E+02 2.916699691E+02 4.711166120E+01 3.902676340E+01
3.660000000E+07 3.038831882E+02 1.460118425E+02 2.903472254E+02 4.690865021E+01 3.885519764E+01
3.680000000E+07 3.024699044E+02 1.453496811E+02 2.890373482E+02 4.670754302E+01 3.868526454E+01
3.700000000E+07 3.010706026E+02 1.446939626E+02 2.877401452E+02 4.650831208E+01 3.851694016E+01
3.720000000E+07 2.996850714E+02 1.440445909E+02 2.864554285E+02 4.631093037E+01 3.835020106E+01
3.740000000E+07 2.983131035E+02 1.434014718E+02 2.851830137E+02 4.611537144E+01 3.818502427E+01
3.760000000E+07 2.969544959E+02 1.427645129E+02 2.839227199E+02 4.592160927E+01 3.802138721E+01
3.780000000E+07 2.956090496E+02 1.421336235E+02 2.826743700E+02 4.572961839E+01 3.785926779E+01
3.800000000E+07 2.942765696E+02 1.415087150E+02 2.814377903E+02 4.553937382E+01 3.769864433E+01
3.820000000E+07 2.929568650E+02 1.408897004E+02 2.802128104E+02 4.535085104E+01 3.753949556E+01
3.840000000E+07 2.916497484E+02 1.402764945E+02 2.789992636E+02 4.516402601E+01 3.738180065E+01
3.860000000E+07 2.903550362E+02 1.396690135E+02 2.777969862E+02 4.497887515E+01 3.722553915E+01
3.880000000E+07 2.890725484E+02 1.390671755E+02 2.766058173E+02 4.479537528E+01 3.707069097E+01
3.900000000E+07 2.878021084E+02 1.384709000E+02 2.754255996E+02 4.461350369E+01 3.691723643E+01
3.920000000E+07 2.865435434E+02 1.378801082E+02 2.742561786E+02 4.443323808E+01 3.676515623E+01
3.940000000E+07 2.852966834E+02 1.372947227E+02 2.730974028E+02 4.425455658E+01 3.661443140E+01
3.960000000E+07 2.840613620E+02 1.367146675E+02 2.719491234E+02 4.407743770E+01 3.646504334E+01
3.980000000E+07 2.828374158E+02 1.361398682E+02 2.708111945E+02 4.390186032E+01 3.631697378E+01
4.000000000E+07 2.816246850E+02 1.355702518E+02 2.696834731E+02 4.372780381E+01 3.617020483E+01
4.020000000E+07 2.804230120E+02 1.350057465E+02 2.685658186E+02 4.355524778E+01 3.602471887E+01
4.040000000E+07 2.792322429E+02 1.344462819E+02 2.674580931E+02 4.338417228E+01 3.588049863E+01
4.060000000E+07 2.780522262E+02 1.338917890E+02 2.663601613E+02 4.321455772E+01 3.573752717E+01
4.080000000E+07 2.768828136E+02 1.333422001E+02 2.652718904E+02 4.304638484E+01 3.559578782E+01
4.100000000E+07 2.757238592E+02 1.327974485E+02 2.641931497E+02 4.287963473E+01 3.545526423E+01
4.120000000E+07 2.745752202E+02 1.322574689E+02 2.631238115E+02 4.271428883E+01 3.531594036E+01
4.140000000E+07 2.734367559E+02 1.317221972E+02 2.620637498E+02 4.255032888E+01 3.517780041E+01
4.160000000E+07 2.723083288E+02 1.311915705E+02 2.610128412E+02 4.238773696E+01 3.504082891E+01
4.180000000E+07 2.711898032E+02 1.306655268E+02 2.599709644E+02 4.222649544E+01 3.490501062E+01
4.200000000E+07 2.700810464E+02 1.301440054E+02 2.589380003E+02 4.206658702E+01 3.477033059E+01
4.220000000E+07 2.689819279E+02 1.296269466E+02 2.579138320E+02 4.190799471E+01 3.463677415E+01
4.240000000E+07 2.678923197E+02 1.291142920E+02 2.568983444E+02 4.175070177E+01 3.450432685E+01
4.260000000E+07 2.668120958E+02 1.286059839E+02 2.558914248E+02 4.159469181E+01 3.437297451E+01
4.280000000E+07 2.657411326E+02 1.281019658E+02 2.548929622E+02 4.143994864E+01 3.424270318E+01
4.300000000E+07 2.646793088E+02 1.276021820E+02 2.539028475E+02 4.128645641E+01 3.411349918E+01
4.320000000E+07 2.636265050E+02 1.271065781E+02 2.529209738E+02 4.113419951E+01 3.398534902E+01
4.340000000E+07 2.625826039E+02 1.266151004E+02 2.519472356E+02 4.098316260E+01 3.385823948E+01
4.360000000E+07 2.615474907E+02 1.261276962E+02 2.509815297E+02 4.083333060E+01 3.373215754E+01
4.380000000E+07 2.605210520E+02 1.256443137E+02 2.500237544E+02 4.068468867E+01 3.360709041E+01
4.400000000E+07 2.595031765E+02 1.251649018E+02 2.490738096E+02 4.053722222E+01 3.348302550E+01
4.420000000E+07 2.584937553E+02 1.246894108E+02 2.481315972E+02 4.039091693E+01 3.335995047E+01
4.440000000E+07 2.574926808E+02 1.242177912E+02 2.471970206E+02 4.024575868E+01 3.323785313E+01
4.460000000E+07 2.564998474E+02 1.237499948E+02 2.462699849E+02 4.010173359E+01 3.311672155E+01
4.480000000E+07 2.555151516E+02 1.232859740E+02 2.453503967E+02 3.995882803E+01 3.299654395E+01
4.500000000E+07 2.545384910E+02 1.228256820E+02 2.444381641E+02 3.981702854E+01 3.287730875E+01
4.520000000E+07 2.535697656E+02 1.223690729E+02 2.435331969E+02 3.967632193E+01 3.275900458E+01
4.540000000E+07 2.526088766E+02 1.219161013E+02 2.426354063E+02 3.953669520E+01 3.264162024E+01
4.560000000E+07 2.516557271E+02 1.214667230E+02 2.417447050E+02 3.939813556E+01 3.252514473E+01
4.580000000E+07 2.507102219E+02 1.210208941E+02 2.408610071E+02 3.926063045E+01 3.240956722E+01
4.600000000E+07 2.497722672E+02 1.205785716E+02 2.399842281E+02 3.912416745E+01 3.229487702E+01
4.620000000E+07 2.488417707E+02 1.201397133E+02 2.391142849E+02 3.898873442E+01 3.218106368E+01
4.640000000E+07 2.479186417E+02 1.197042774E+02 2.382510957E+02 3.885431933E+01 3.206811685E+01
4.660000000E+07 2.470027909E+02 1.192722230E+02 2.373945800E+02 3.872091038E+01 3.195602637E+01
4.680000000E+07 2.460941305E+02 1.188435098E+02 2.365446585E+02 3.858849594E+01 3.184478224E+01
4.700000000E+07 2.451925745E+02 1.184180982E+02 2.357012537E+02 3.845706461E+01 3.173437465E+01
4.720000000E+07 2.442980376E+02 1.179959492E+02 2.348642886E+02 3.832660510E+01 3.162479389E+01
4.740000000E+07 2.434104362E+02 1.175770243E+02 2.340336878E+02 3.819710632E+01 3.151603042E+01
4.760000000E+07 2.425296885E+02 1.171612859E+02 2.332093772E+02 3.806855738E+01 3.140807488E+01
4.780000000E+07 2.416557130E+02 1.167486966E+02 2.323912835E+02 3.794094750E+01 3.130091800E+01
4.800000000E+07 2.407884303E+02 1.163392199E+02 2.315793349E+02 3.781426612E+01 3.119455069E+01
4.820000000E+07 2.399277620E+02 1.159328198E+02 2.307734605E+02 3.768850280E+01 3.108896400E+01
4.840000000E+07 2.390736310E+02 1.155294608E+02 2.299735907E+02 3.756364730E+01 3.098414912E+01
4.860000000E+07 2.382259612E+02 1.151291080E+02 2.291796566E+02 3.743968949E+01 3.088009734E+01
4.880000000E+07 2.373846780E+02 1.147317269E+02 2.283915909E+02 3.731661941E+01 3.077680011E+01
4.900000000E+07 2.365497076E+02 1.143372838E+02 2.276093268E+02 3.719442726E+01 3.067424901E+01
4.920000000E+07 2.357209778E+02 1.139457454E+02 2.268327989E+02 3.707310338E+01 3.057243575E+01
4.940000000E+07 2.348984171E+02 1.135570787E+02 2.260619427E+02 3.695263825E+01 3.047135214E+01
4.960000000E+07 2.340819552E+02 1.131712515E+02 2.252966945E+02 3.683302249E+01 3.037099014E+01
4.980000000E+07 2.332715233E+02 1.127882320E+02 2.245369919E+02 3.671424688E+01 3.027134183E+01
5.000000000E+07 2.324670527E+02 1.124079887E+02 2.237827729E+02 3.659630227E+01 3.017239936E+01
5.020000000E+07 2.316684767E+02 1.120304909E+02 2.230339771E+02 3.647917973E+01 3.007415506E+01
5.040000000E+07 2.308757292E+02 1.116557081E+02 2.222905446E+02 3.636287043E+01 2.997660135E+01
5.060000000E+07 2.300887450E+02 1.112836103E+02 2.215524162E+02 3.624736562E+01 2.987973073E+01
5.080000000E+07 2.293074602E+02 1.109141681E+02 2.208195342E+02 3.613265674E+01 2.978353586E+01
5.100000000E+07 2.285318115E+02 1.105473522E+02 2.200918411E+02 3.601873532E+01 2.968800946E+01
5.120000000E+07 2.277617368E+02 1.101831342E+02 2.193692806E+02 3.590559303E+01 2.959314439E+01
5.140000000E+07 2.269971749E+02 1.098214858E+02 2.186517974E+02 3.579322166E+01 2.949893362E+01
5.160000000E+07 2.262380652E+02 1.094623791E+02 2.179393364E+02 3.568161308E+01 2.940537017E+01
5.180000000E+07 2.254843484E+02 1.091057867E+02 2.172318439E+02 3.557075931E+01 2.931244721E+01
5.200000000E+07 2.247359658E+02 1.087516817E+02 2.165292665E+02 3.546065248E+01 2.922015798E+01
5.220000000E+07 2.239928598E+02 1.084000374E+02 2.158315520E+02 3.535128483E+01 2.912849583E+01
5.240000000E+07 2.232549734E+02 1.080508275E+02 2.151386488E+02 3.524264871E+01 2.903745421E+01
5.260000000E+07 2.225222505E+02 1.077040263E+02 2.144505059E+02 3.513473655E+01 2.894702664E+01
5.280000000E+07 2.217946360E+02 1.073596081E+02 2.137670731E+02 3.502754093E+01 2.885720674E+01
5.300000000E+07 2.210720752E+02 1.070175480E+02 2.130883010E+02 3.492105451E+01 2.876798825E+01
5.320000000E+07 2.203545144E+02 1.066778211E+02 2.124141407E+02 3.481527003E+01 2.867936493E+01
5.340000000E+07 2.196419008E+02 1.063404029E+02 2.117445443E+02 3.471018038E+01 2.859133070E+01
5.360000000E+07 2.189341823E+02 1.060052695E+02 2.110794643E+02 3.460577851E+01 2.850387952E+01
5.380000000E+07 2.182313072E+02 1.056723971E+02 2.104188539E+02 3.450205746E+01 2.841700544E+01
5.400000000E+07 2.175332250E+02 1.053417622E+02 2.097626671E+02 3.439901040E+01 2.833070260E+01
5.420000000E+07 2.168398857E+02 1.050133419E+02 2.091108585E+02 3.429663059E+01 2.824496523E+01
5.440000000E+07 2.161512401E+02 1.046871133E+02 2.084633832E+02 3.419491133E+01 2.815978762E+01
5.460000000E+07 2.154672393E+02 1.043630540E+02 2.078201969E+02 3.409384606E+01 2.807516412E+01
5.480000000E+07 2.147878355E+02 1.040411419E+02 2.071812562E+02 3.399342830E+01 2.799108921E+01
5.500000000E+07 2.141129816E+02 1.037213551E+02 2.065465181E+02 3.389365166E+01 2.790755741E+01
5.520000000E+07 2.134426307E+02 1.034036721E+02 2.059159399E+02 3.379450980E+01 2.782456331E+01
5.540000000E+07 2.127767372E+02 1.030880717E+02 2.052894802E+02 3.369599652E+01 2.774210159E+01
5.560000000E+07 2.121152555E+02 1.027745329E+02 2.046670973E+02 3.359810564E+01 2.766016698E+01
5.580000000E+07 2.114581410E+02 1.024630350E+02 2.040487509E+02 3.350083113E+01 2.757875431E+01
5.600000000E+07 2.108053495E+02 1.021535578E+02 2.034344005E+02 3.340416698E+01 2.749785845E+01
5.620000000E+07 2.101568376E+02 1.018460809E+02 2.028240066E+02 3.330810729E+01 2.741747435E+01
5.640000000E+07 2.095125623E+02 1.015405848E+02 2.022175302E+02 3.321264624E+01 2.733759704E+01
5.660000000E+07 2.088724814E+02 1.012370496E+02 2.016149326E+02 3.311777806E+01 2.725822158E+01
5.680000000E+07 2.082365528E+02 1.009354562E+02 2.010161757E+02 3.302349707E+01 2.717934312E+01
5.700000000E+07 2.076047357E+02 1.006357855E+02 2.004212222E+02 3.292979769E+01 2.710095690E+01
5.720000000E+07 2.069769892E+02 1.003380185E+02 1.998300347E+02 3.283667435E+01 2.702305815E+01
5.740000000E+07 2.063532732E+02 1.000421370E+02 1.992425768E+02 3.274412162E+01 2.694564222E+01
5.760000000E+07 2.057335483E+02 9.974812244E+01 1.986588125E+02 3.265213409E+01 2.686870451E+01
5.780000000E+07 2.051177753E+02 9.945595679E+01 1.980787060E+02 3.256070645E+01 2.679224048E+01
5.800000000E+07 2.045059155E+02 9.916562217E+01 1.975022221E+02 3.246983342E+01 2.671624560E+01
5.820000000E+07 2.038979310E+02 9.887710105E+01 1.969293262E+02 3.237950983E+01 2.664071548E+01
5.840000000E+07 2.032937843E+02 9.859037600E+01 1.963599840E+02 3.228973056E+01 2.656564574E+01
5.860000000E+07 2.026934385E+02 9.830542994E+01 1.957941618E+02 3.220049055E+01 2.649103205E+01
5.880000000E+07 2.020968566E+02 9.802224582E+01 1.952318260E+02 3.211178479E+01 2.641687014E+01
5.900000000E+07 2.015040027E+02 9.774080700E+01 1.946729437E+02 3.202360835E+01 2.634315581E+01
5.920000000E+07 2.009148413E+02 9.746109696E+01 1.941174825E+02 3.193595638E+01 2.626988490E+01
5.940000000E+07 2.003293371E+02 9.718309942E+01 1.935654102E+02 3.184882406E+01 2.619705331E+01
5.960000000E+07 1.997474553E+02 9.690679823E+01 1.930166949E+02 3.176220660E+01 2.612465696E+01
5.980000000E+07 1.991691617E+02 9.663217759E+01 1.924713056E+02 3.167609936E+01 2.605269187E+01
6.000000000E+07 1.985944225E+02 9.635922177E+01 1.919292111E+02 3.159049769E+01 2.598115409E+01
6.020000000E+07 1.980232042E+02 9.608791531E+01 1.913903810E+02 3.150539701E+01 2.591003970E+01
6.040000000E+07 1.974554739E+02 9.581824292E+01 1.908547851E+02 3.142079280E+01 2.583934486E+01
6.060000000E+07 1.968911989E+02 9.555018947E+01 1.903223937E+02 3.133668058E+01 2.576906573E+01
6.080000000E+07 1.963303471E+02 9.528374004E+01 1.897931772E+02 3.125305595E+01 2.569919857E+01
6.100000000E+07 1.957728867E+02 9.501887995E+01 1.892671067E+02 3.116991456E+01 2.562973967E+01
6.120000000E+07 1.952187864E+02 9.475559463E+01 1.887441535E+02 3.108725209E+01 2.556068534E+01
6.140000000E+07 1.946680150E+02 9.449386966E+01 1.882242891E+02 3.100506427E+01 2.549203194E+01
6.160000000E+07 1.941205423E+02 9.423369097E+01 1.877074858E+02 3.092334693E+01 2.542377593E+01
6.180000000E+07 1.935763377E+02 9.397504448E+01 1.871937157E+02 3.084209591E+01 2.535591374E+01
6.200000000E+07 1.930353716E+02 9.371791632E+01 1.866829516E+02 3.076130709E+01 2.528844188E+01
6.220000000E+07 1.924976144E+02 9.346229286E+01 1.861751665E+02 3.068097643E+01 2.522135689E+01
6.240000000E+07 1.919630370E+02 9.320816057E+01 1.856703337E+02 3.060109992E+01 2.515465536E+01
6.260000000E+07 1.914316106E+02 9.295550605E+01 1.851684269E+02 3.052167358E+01 2.508833391E+01
6.280000000E+07 1.909033069E+02 9.270431622E+01 1.846694201E+02 3.044269354E+01 2.502238921E+01
6.300000000E+07 1.903780978E+02 9.245457803E+01 1.841732876E+02 3.036415591E+01 2.495681798E+01
6.320000000E+07 1.898559555E+02 9.220627853E+01 1.836800039E+02 3.028605685E+01 2.489161694E+01
6.340000000E+07 1.893368527E+02 9.195940507E+01 1.831895441E+02 3.020839262E+01 2.482678290E+01
6.360000000E+07 1.888207621E+02 9.171394506E+01 1.827018832E+02 3.013115946E+01 2.476231265E+01
6.380000000E+07 1.883076573E+02 9.146988611E+01 1.822169967E+02 3.005435369E+01 2.469820308E+01
6.400000000E+07 1.877975118E+02 9.122721597E+01 1.817348606E+02 2.997797167E+01 2.463445106E+01
6.420000000E+07 1.872902993E+02 9.098592245E+01 1.812554508E+02 2.990200979E+01 2.457105353E+01
6.440000000E+07 1.867859941E+02 9.074599357E+01 1.807787436E+02 2.982646447E+01 2.450800746E+01
6.460000000E+07 1.862845707E+02 9.050741756E+01 1.803047158E+02 2.975133222E+01 2.444530985E+01
6.480000000E+07 1.857860041E+02 9.027018267E+01 1.798333442E+02 2.967660953E+01 2.438295773E+01
6.500000000E+07 1.852902690E+02 9.003427729E+01 1.793646058E+02 2.960229297E+01 2.432094817E+01
6.520000000E+07 1.847973412E+02 8.979969009E+01 1.788984784E+02 2.952837913E+01 2.425927828E+01
6.540000000E+07 1.843071961E+02 8.956640966E+01 1.784349393E+02 2.945486465E+01 2.419794519E+01
6.560000000E+07 1.838198098E+02 8.933442491E+01 1.779739668E+02 2.938174620E+01 2.413694607E+01
6.580000000E+07 1.833351586E+02 8.910372478E+01 1.775155388E+02 2.930902049E+01 2.407627812E+01
6.600000000E+07 1.828532190E+02 8.887429839E+01 1.770596340E+02 2.923668429E+01 2.401593860E+01
6.620000000E+07 1.823739677E+02 8.864613486E+01 1.766062310E+02 2.916473435E+01 2.395592473E+01
6.640000000E+07 1.818973817E+02 8.841922358E+01 1.761553086E+02 2.909316749E+01 2.389623383E+01
6.660000000E+07 1.814234386E+02 8.819355405E+01 1.757068462E+02 2.902198061E+01 2.383686323E+01
6.680000000E+07 1.809521157E+02 8.796911574E+01 1.752608230E+02 2.895117053E+01 2.377781025E+01
6.700000000E+07 1.804833910E+02 8.774589843E+01 1.748172189E+02 2.888073424E+01 2.371907232E+01
6.720000000E+07 1.800172425E+02 8.752389190E+01 1.743760135E+02 2.881066866E+01 2.366064683E+01
6.740000000E+07 1.795536485E+02 8.730308606E+01 1.739371871E+02 2.874097079E+01 2.360253123E+01
6.760000000E+07 1.790925878E+02 8.708347098E+01 1.735007200E+02 2.867163766E+01 2.354472298E+01
6.780000000E+07 1.786340392E+02 8.686503682E+01 1.730665927E+02 2.860266634E+01 2.348721960E+01
6.800000000E+07 1.781779816E+02 8.664777379E+01 1.726347859E+02 2.853405390E+01 2.343001860E+01
6.820000000E+07 1.777243942E+02 8.643167224E+01 1.722052807E+02 2.846579745E+01 2.337311752E+01
6.840000000E+07 1.772732568E+02 8.621672274E+01 1.717780582E+02 2.839789417E+01 2.331651396E+01
6.860000000E+07 1.768245490E+02 8.600291576E+01 1.713530997E+02 2.833034121E+01 2.326020551E+01
6.880000000E+07 1.763782509E+02 8.579024205E+01 1.709303870E+02 2.826313583E+01 2.320418983E+01
6.900000000E+07 1.759343426E+02 8.557869235E+01 1.705099017E+02 2.819627523E+01 2.314846455E+01
6.920000000E+07 1.754928046E+02 8.536825761E+01 1.700916259E+02 2.812975670E+01 2.309302737E+01
6.940000000E+07 1.750536174E+02 8.515892879E+01 1.696755419E+02 2.806357756E+01 2.303787599E+01
6.960000000E+07 1.746167620E+02 8.495069689E+01 1.692616318E+02 2.799773510E+01 2.298300814E+01
6.980000000E+07 1.741822195E+02 8.474355322E+01 1.688498784E+02 2.793222671E+01 2.292842158E+01
7.000000000E+07 1.737499709E+02 8.453748894E+01 1.684402643E+02 2.786704975E+01 2.287411408E+01
7.020000000E+07 1.733199980E+02 8.433249552E+01 1.680327726E+02 2.780220167E+01 2.282008348E+01
7.040000000E+07 1.728922823E+02 8.412856440E+01 1.676273864E+02 2.773767990E+01 2.276632757E+01
7.060000000E+07 1.724668057E+02 8.392568708E+01 1.672240890E+02 2.767348190E+01 2.271284422E+01
7.080000000E+07 1.720435504E+02 8.372385527E+01 1.668228639E+02 2.760960517E+01 2.265963130E+01
7.100000000E+07 1.716224984E+02 8.352306067E+01 1.664236947E+02 2.754604723E+01 2.260668670E+01
7.120000000E+07 1.712036323E+02 8.332329508E+01 1.660265652E+02 2.748280562E+01 2.255400834E+01
7.140000000E+07 1.707869348E+02 8.312455047E+01 1.656314596E+02 2.741987793E+01 2.250159417E+01
7.160000000E+07 1.703723885E+02 8.292681878E+01 1.652383619E+02 2.735726174E+01 2.244944213E+01
7.180000000E+07 1.699599767E+02 8.273009212E+01 1.648472565E+02 2.729495469E+01 2.239755023E+01
7.200000000E+07 1.695496824E+02 8.253436263E+01 1.644581280E+02 2.723295441E+01 2.234591645E+01
7.220000000E+07 1.691414891E+02 8.233962262E+01 1.640709610E+02 2.717125859E+01 2.229453883E+01
7.240000000E+07 1.687353803E+02 8.214586436E+01 1.636857403E+02 2.710986492E+01 2.224341541E+01
7.260000000E+07 1.683313396E+02 8.195308022E+01 1.633024509E+02 2.704877109E+01 2.219254424E+01
7.280000000E+07 1.679293510E+02 8.176126279E+01 1.629210780E+02 2.698797489E+01 2.214192343E+01
7.300000000E+07 1.675293985E+02 8.157040455E+01 1.625416069E+02 2.692747407E+01 2.209155107E+01
7.320000000E+07 1.671314664E+02 8.138049817E+01 1.621640230E+02 2.686726639E+01 2.204142528E+01
7.340000000E+07 1.667355390E+02 8.119153635E+01 1.617883119E+02 2.680734969E+01 2.199154421E+01
7.360000000E+07 1.663416010E+02 8.100351195E+01 1.614144595E+02 2.674772180E+01 2.194190603E+01
7.380000000E+07 1.659496369E+02 8.081641775E+01 1.610424515E+02 2.668838056E+01 2.189250891E+01
7.400000000E+07 1.655596317E+02 8.063024672E+01 1.606722740E+02 2.662932385E+01 2.184335104E+01
7.420000000E+07 1.651715704E+02 8.044499186E+01 1.603039131E+02 2.657054956E+01 2.179443065E+01
7.440000000E+07 1.647854382E+02 8.026064631E+01 1.599373554E+02 2.651205563E+01 2.174574596E+01
7.460000000E+07 1.644012204E+02 8.007720318E+01 1.595725871E+02 2.645384000E+01 2.169729525E+01
7.480000000E+07 1.640189025E+02 7.989465571E+01 1.592095949E+02 2.639590060E+01 2.164907677E+01
7.500000000E+07 1.636384700E+02 7.971299712E+01 1.588483655E+02 2.633823543E+01 2.160108880E+01
7.520000000E+07 1.632599090E+02 7.953222088E+01 1.584888859E+02 2.628084249E+01 2.155332967E+01
7.540000000E+07 1.628832051E+02 7.935232035E+01 1.581311429E+02 2.622371978E+01 2.150579768E+01
7.560000000E+07 1.625083445E+02 7.917328906E+01 1.577751237E+02 2.616686537E+01 2.145849118E+01
7.580000000E+07 1.621353134E+02 7.899512052E+01 1.574208156E+02 2.611027730E+01 2.141140851E+01
7.600000000E+07 1.617640981E+02 7.881780836E+01 1.570682060E+02 2.605395363E+01 2.136454805E+01
7.620000000E+07 1.613946851E+02 7.864134631E+01 1.567172824E+02 2.599789249E+01 2.131790818E+01
7.640000000E+07 1.610270610E+02 7.846572810E+01 1.563680324E+02 2.594209197E+01 2.127148732E+01
7.660000000E+07 1.606612127E+02 7.829094754E+01 1.560204438E+02 2.588655022E+01 2.122528388E+01
7.680000000E+07 1.602971267E+02 7.811699844E+01 1.556745043E+02 2.583126537E+01 2.117929627E+01
7.700000000E+07 1.599347905E+02 7.794387483E+01 1.553302022E+02 2.577623560E+01 2.113352297E+01
7.720000000E+07 1.595741908E+02 7.777157063E+01 1.549875254E+02 2.572145910E+01 2.108796242E+01
7.740000000E+07 1.592153152E+02 7.760007991E+01 1.546464621E+02 2.566693406E+01 2.104261312E+01
7.760000000E+07 1.588581510E+02 7.742939683E+01 1.543070009E+02 2.561265873E+01 2.099747355E+01
7.780000000E+07 1.585026855E+02 7.725951545E+01 1.539691300E+02 2.555863131E+01 2.095254222E+01
7.800000000E+07 1.581489066E+02 7.709043009E+01 1.536328381E+02 2.550485008E+01 2.090781766E+01
7.820000000E+07 1.577968020E+02 7.692213499E+01 1.532981139E+02 2.545131329E+01 2.086329839E+01
7.840000000E+07 1.574463595E+02 7.675462445E+01 1.529649461E+02 2.539801924E+01 2.081898297E+01
7.860000000E+07 1.570975672E+02 7.658789294E+01 1.526333236E+02 2.534496625E+01 2.077486997E+01
7.880000000E+07 1.567504131E+02 7.642193484E+01 1.523032355E+02 2.529215262E+01 2.073095795E+01
7.900000000E+07 1.564048856E+02 7.625674466E+01 1.519746708E+02 2.523957668E+01 2.068724551E+01
7.920000000E+07 1.560609728E+02 7.609231696E+01 1.516476188E+02 2.518723680E+01 2.064373126E+01
7.940000000E+07 1.557186634E+02 7.592864633E+01 1.513220688E+02 2.513513133E+01 2.060041382E+01
7.960000000E+07 1.553779458E+02 7.576572743E+01 1.509980103E+02 2.508325866E+01 2.055729181E+01
7.980000000E+07 1.550388087E+02 7.560355495E+01 1.506754326E+02 2.503161718E+01 2.051436387E+01
8.000000000E+07 1.547012411E+02 7.544212368E+01 1.503543255E+02 2.498020532E+01 2.047162868E+01
8.020000000E+07 1.543652315E+02 7.528142838E+01 1.500346787E+02 2.492902149E+01 2.042908488E+01
8.040000000E+07 1.540307693E+02 7.512146395E+01 1.497164819E+02 2.487806414E+01 2.038673117E+01
8.060000000E+07 1.536978433E+02 7.496222525E+01 1.493997252E+02 2.482733172E+01 2.034456624E+01
8.080000000E+07 1.533664428E+02 7.480370722E+01 1.490843984E+02 2.477682270E+01 2.030258878E+01
8.100000000E+07 1.530365572E+02 7.464590492E+01 1.487704918E+02 2.472653557E+01 2.026079754E+01
8.120000000E+07 1.527081758E+02 7.448881334E+01 1.484579954E+02 2.467646882E+01 2.021919122E+01
8.140000000E+07 1.523812881E+02 7.433242757E+01 1.481468997E+02 2.462662097E+01 2.017776857E+01
8.160000000E+07 1.520558839E+02 7.417674279E+01 1.478371948E+02 2.457699053E+01 2.013652834E+01
8.180000000E+07 1.517319527E+02 7.402175415E+01 1.475288714E+02 2.452757606E+01 2.009546931E+01
8.200000000E+07 1.514094843E+02 7.386745685E+01 1.472219200E+02 2.447837610E+01 2.005459024E+01
8.220000000E+07 1.510884686E+02 7.371384618E+01 1.469163311E+02 2.442938920E+01 2.001388991E+01
8.240000000E+07 1.507688956E+02 7.356091745E+01 1.466120954E+02 2.438061396E+01 1.997336713E+01
8.260000000E+07 1.504507556E+02 7.340866605E+01 1.463092040E+02 2.433204897E+01 1.993302071E+01
8.280000000E+07 1.501340384E+02 7.325708735E+01 1.460076476E+02 2.428369283E+01 1.989284947E+01
8.300000000E+07 1.498187347E+02 7.310617682E+01 1.457074172E+02 2.423554415E+01 1.985285224E+01
8.320000000E+07 1.495048344E+02 7.295592988E+01 1.454085038E+02 2.418760156E+01 1.981302784E+01
8.340000000E+07 1.491923282E+02 7.280634209E+01 1.451108986E+02 2.413986371E+01 1.977337515E+01
8.360000000E+07 1.488812067E+02 7.265740905E+01 1.448145929E+02 2.409232925E+01 1.973389302E+01
8.380000000E+07 1.485714603E+02 7.250912629E+01 1.445195778E+02 2.404499682E+01 1.969458031E+01
8.400000000E+07 1.482630798E+02 7.236148950E+01 1.442258447E+02 2.399786513E+01 1.965543591E+01
8.420000000E+07 1.479560560E+02 7.221449438E+01 1.439333853E+02 2.395093286E+01 1.961645872E+01
8.440000000E+07 1.476503798E+02 7.206813663E+01 1.436421909E+02 2.390419870E+01 1.957764763E+01
8.460000000E+07 1.473460421E+02 7.192241199E+01 1.433522532E+02 2.385766136E+01 1.953900156E+01
8.480000000E+07 1.470430339E+02 7.177731630E+01 1.430635639E+02 2.381131958E+01 1.950051943E+01
8.500000000E+07 1.467413464E+02 7.163284534E+01 1.427761146E+02 2.376517207E+01 1.946220015E+01
8.520000000E+07 1.464409707E+02 7.148899507E+01 1.424898974E+02 2.371921760E+01 1.942404269E+01
8.540000000E+07 1.461418982E+02 7.134576132E+01 1.422049039E+02 2.367345491E+01 1.938604598E+01
8.560000000E+07 1.458441202E+02 7.120314010E+01 1.419211263E+02 2.362788278E+01 1.934820899E+01
8.580000000E+07 1.455476281E+02 7.106112733E+01 1.416385566E+02 2.358249996E+01 1.931053068E+01
8.600000000E+07 1.452524134E+02 7.091971904E+01 1.413571868E+02 2.353730526E+01 1.927301002E+01
8.620000000E+07 1.449584676E+02 7.077891133E+01 1.410770092E+02 2.349229748E+01 1.923564601E+01
8.640000000E+07 1.446657826E+02 7.063870028E+01 1.407980160E+02 2.344747542E+01 1.919843763E+01
8.660000000E+07 1.443743501E+02 7.049908200E+01 1.405201997E+02 2.340283792E+01 1.916138390E+01
8.680000000E+07 1.440841616E+02 7.036005259E+01 1.402435524E+02 2.335838377E+01 1.912448381E+01
8.700000000E+07 1.437952092E+02 7.022160833E+01 1.399680667E+02 2.331411184E+01 1.908773640E+01
8.720000000E+07 1.435074848E+02 7.008374536E+01 1.396937351E+02 2.327002096E+01 1.905114068E+01
8.740000000E+07 1.432209806E+02 6.994646004E+01 1.394205502E+02 2.322611002E+01 1.901469571E+01
8.760000000E+07 1.429356882E+02 6.980974853E+01 1.391485046E+02 2.318237784E+01 1.897840050E+01
8.780000000E+07 1.426516003E+02 6.967360724E+01 1.388775911E+02 2.313882335E+01 1.894225414E+01
8.800000000E+07 1.423687089E+02 6.953803254E+01 1.386078025E+02 2.309544541E+01 1.890625568E+01
8.820000000E+07 1.420870063E+02 6.940302075E+01 1.383391315E+02 2.305224293E+01 1.887040418E+01
8.840000000E+07 1.418064847E+02 6.926856826E+01 1.380715710E+02 2.300921479E+01 1.883469872E+01
8.860000000E+07 1.415271369E+02 6.913467163E+01 1.378051141E+02 2.296635993E+01 1.879913839E+01
8.880000000E+07 1.412489550E+02 6.900132724E+01 1.375397537E+02 2.292367727E+01 1.876372227E+01
8.900000000E+07 1.409719318E+02 6.886853165E+01 1.372754830E+02 2.288116575E+01 1.872844948E+01
8.920000000E+07 1.406960598E+02 6.873628136E+01 1.370122950E+02 2.283882430E+01 1.869331912E+01
8.940000000E+07 1.404213316E+02 6.860457292E+01 1.367501830E+02 2.279665187E+01 1.865833029E+01
8.960000000E+07 1.401477403E+02 6.847340300E+01 1.364891402E+02 2.275464744E+01 1.862348214E+01
8.980000000E+07 1.398752784E+02 6.834276817E+01 1.362291600E+02 2.271280997E+01 1.858877379E+01
9.000000000E+07 1.396039388E+02 6.821266505E+01 1.359702355E+02 2.267113842E+01 1.855420436E+01
9.020000000E+07 1.393337144E+02 6.808309037E+01 1.357123605E+02 2.262963180E+01 1.851977301E+01
9.040000000E+07 1.390645983E+02 6.795404085E+01 1.354555282E+02 2.258828910E+01 1.848547890E+01
9.060000000E+07 1.387965836E+02 6.782551320E+01 1.351997323E+02 2.254710931E+01 1.845132118E+01
9.080000000E+07 1.385296633E+02 6.769750419E+01 1.349449664E+02 2.250609145E+01 1.841729901E+01
9.100000000E+07 1.382638305E+02 6.757001059E+01 1.346912239E+02 2.246523454E+01 1.838341157E+01
9.120000000E+07 1.379990786E+02 6.744302927E+01 1.344384987E+02 2.242453761E+01 1.834965804E+01
9.140000000E+07 1.377354006E+02 6.731655698E+01 1.341867845E+02 2.238399967E+01 1.831603759E+01
9.160000000E+07 1.374727903E+02 6.719059072E+01 1.339360752E+02 2.234361981E+01 1.828254944E+01
9.180000000E+07 1.372112405E+02 6.706512724E+01 1.336863644E+02 2.230339704E+01 1.824919277E+01
9.200000000E+07 1.369507452E+02 6.694016359E+01 1.334376462E+02 2.226333043E+01 1.821596680E+01
9.220000000E+07 1.366912974E+02 6.681569663E+01 1.331899145E+02 2.222341905E+01 1.818287072E+01
9.240000000E+07 1.364328911E+02 6.669172337E+01 1.329431633E+02 2.218366197E+01 1.814990377E+01
9.260000000E+07 1.361755196E+02 6.656824079E+01 1.326973866E+02 2.214405827E+01 1.811706517E+01
9.280000000E+07 1.359191767E+02 6.644524592E+01 1.324525786E+02 2.210460704E+01 1.808435415E+01
9.300000000E+07 1.356638562E+02 6.632273585E+01 1.322087334E+02 2.206530739E+01 1.805176995E+01
9.320000000E+07 1.354095517E+02 6.620070757E+01 1.319658452E+02 2.202615840E+01 1.801931181E+01
9.340000000E+07 1.351562570E+02 6.607915821E+01 1.317239082E+02 2.198715918E+01 1.798697898E+01
9.360000000E+07 1.349039660E+02 6.595808488E+01 1.314829166E+02 2.194830886E+01 1.795477071E+01
9.380000000E+07 1.346526727E+02 6.583748476E+01 1.312428650E+02 2.190960658E+01 1.792268628E+01
9.400000000E+07 1.344023711E+02 6.571735497E+01 1.310037476E+02 2.187105144E+01 1.789072495E+01
9.420000000E+07 1.341530550E+02 6.559769271E+01 1.307655588E+02 2.183264259E+01 1.785888599E+01
9.440000000E+07 1.339047186E+02 6.547849518E+01 1.305282931E+02 2.179437917E+01 1.782716867E+01
9.460000000E+07 1.336573561E+02 6.535975962E+01 1.302919451E+02 2.175626034E+01 1.779557229E+01
9.480000000E+07 1.334109615E+02 6.524148328E+01 1.300565093E+02 2.171828526E+01 1.776409614E+01
9.500000000E+07 1.331655291E+02 6.512366345E+01 1.298219802E+02 2.168045308E+01 1.773273951E+01
9.520000000E+07 1.329210531E+02 6.500629742E+01 1.295883526E+02 2.164276299E+01 1.770150170E+01
9.540000000E+07 1.326775278E+02 6.488938250E+01 1.293556211E+02 2.160521415E+01 1.767038203E+01
9.560000000E+07 1.324349477E+02 6.477291607E+01 1.291237805E+02 2.156780577E+01 1.763937981E+01
9.580000000E+07 1.321933069E+02 6.465689541E+01 1.288928255E+02 2.153053701E+01 1.760849434E+01
9.600000000E+07 1.319526001E+02 6.454131801E+01 1.286627509E+02 2.149340710E+01 1.757772498E+01
9.620000000E+07 1.317128216E+02 6.442618118E+01 1.284335516E+02 2.145641521E+01 1.754707101E+01
9.640000000E+07 1.314739660E+02 6.431148240E+01 1.282052225E+02 2.141956057E+01 1.751653181E+01
9.660000000E+07 1.312360279E+02 6.419721906E+01 1.279777585E+02 2.138284239E+01 1.748610669E+01
9.680000000E+07 1.309990019E+02 6.408338870E+01 1.277511547E+02 2.134625989E+01 1.745579501E+01
9.700000000E+07 1.307628826E+02 6.396998876E+01 1.275254059E+02 2.130981231E+01 1.742559612E+01
9.720000000E+07 1.305276647E+02 6.385701673E+01 1.273005073E+02 2.127349886E+01 1.739550936E+01
9.740000000E+07 1.302933430E+02 6.374447017E+01 1.270764539E+02 2.123731880E+01 1.736553410E+01
9.760000000E+07 1.300599122E+02 6.363234659E+01 1.268532409E+02 2.120127137E+01 1.733566971E+01
9.780000000E+07 1.298273672E+02 6.352064360E+01 1.266308635E+02 2.116535582E+01 1.730591555E+01
9.800000000E+07 1.295957028E+02 6.340935874E+01 1.264093168E+02 2.112957141E+01 1.727627100E+01
9.820000000E+07 1.293649138E+02 6.329848957E+01 1.261885961E+02 2.109391739E+01 1.724673542E+01
9.840000000E+07 1.291349954E+02 6.318803380E+01 1.259686966E+02 2.105839304E+01 1.721730823E+01
9.860000000E+07 1.289059424E+02 6.307798902E+01 1.257496138E+02 2.102299764E+01 1.718798879E+01
9.880000000E+07 1.286777499E+02 6.296835289E+01 1.255313429E+02 2.098773045E+01 1.715877651E+01
9.900000000E+07 1.284504128E+02 6.285912305E+01 1.253138792E+02 2.095259076E+01 1.712967077E+01
9.920000000E+07 1.282239264E+02 6.275029726E+01 1.250972184E+02 2.091757788E+01 1.710067099E+01
9.940000000E+07 1.279982857E+02 6.264187319E+01 1.248813558E+02 2.088269108E+01 1.707177656E+01
9.960000000E+07 1.277734859E+02 6.253384855E+01 1.246662868E+02 2.084792967E+01 1.704298691E+01
9.980000000E+07 1.275495222E+02 6.242622109E+01 1.244520070E+02 2.081329296E+01 1.701430145E+01
1.000000000E+08 1.273263898E+02 6.231898860E+01 1.242385120E+02 2.077878026E+01 1.698571959E+01
