8.000000000E+00 0.000000000E+00 0.000000000E+00 0.000000000E+00 0.000000000E+00 0.000000000E+00
9.000000000E+00 0.000000000E+00 0.000000000E+00 0.000000000E+00 0.000000000E+00 0.000000000E+00
1.000000000E+01 0.000000000E+00 0.000000000E+00 0.000000000E+00 0.000000000E+00 0.000000000E+00
1.100000000E+01 5.276049060E+03 0.000000000E+00 0.000000000E+00 0.000000000E+00 0.000000000E+00
1.200000000E+01 1.306030704E+04 0.000000000E+00 0.000000000E+00 0.000000000E+00 0.000000000E+00
1.300000000E+01 2.249680497E+04 0.000000000E+00 0.000000000E+00 0.000000000E+00 0.000000000E+00
1.400000000E+01 3.144207392E+04 1.687831200E+03 0.000000000E+00 0.000000000E+00 0.000000000E+00
1.500000000E+01 4.115451844E+04 4.236561318E+03 0.000000000E+00 0.000000000E+00 0.000000000E+00
1.600000000E+01 4.962593933E+04 7.344718368E+03 0.000000000E+00 0.000000000E+00 0.000000000E+00
1.700000000E+01 5.555994582E+04 1.025267416E+04 0.000000000E+00 0.000000000E+00 0.000000000E+00
1.800000000E+01 6.125148584E+04 1.360117239E+04 7.186250014E+02 0.000000000E+00 0.000000000E+00
1.900000000E+01 6.829235522E+04 1.705206071E+04 1.795022066E+03 0.000000000E+00 0.000000000E+00
2.000000000E+01 7.492752034E+04 2.081014242E+04 3.121487242E+03 0.000000000E+00 0.000000000E+00
2.200000000E+01 8.911324132E+04 2.750190563E+04 6.019034189E+03 0.000000000E+00 0.000000000E+00
2.400000000E+01 1.046400806E+05 3.409640475E+04 9.090001900E+03 0.000000000E+00 0.000000000E+00
2.600000000E+01 1.198444773E+05 4.106361172E+04 1.222903907E+04 0.000000000E+00 0.000000000E+00
2.800000000E+01 1.381143055E+05 4.913723721E+04 1.564749850E+04 0.000000000E+00 0.000000000E+00
3.000000000E+01 1.607750000E+05 5.888772891E+04 1.940727897E+04 0.000000000E+00 0.000000000E+00
3.200000000E+01 1.885249217E+05 7.138062397E+04 2.375419750E+04 0.000000000E+00 0.000000000E+00
3.400000000E+01 2.205778304E+05 8.777743523E+04 2.885904646E+04 1.065708201E+03 0.000000000E+00
3.600000000E+01 2.544332601E+05 1.090497035E+05 3.488678731E+04 2.988451571E+03 0.000000000E+00
3.800000000E+01 2.876206268E+05 1.355563821E+05 4.204351255E+04 5.809239964E+03 0.000000000E+00
4.000000000E+01 3.186467489E+05 1.667346995E+05 5.060688791E+04 9.733148462E+03 0.000000000E+00
4.200000000E+01 3.469230505E+05 2.010883309E+05 6.081406914E+04 1.492748500E+04 0.000000000E+00
4.400000000E+01 3.723056927E+05 2.365772365E+05 7.272175721E+04 2.132246878E+04 0.000000000E+00
4.600000000E+01 3.947963464E+05 2.712882188E+05 8.618945631E+04 2.866049225E+04 0.000000000E+00
4.800000000E+01 4.144677648E+05 3.038899088E+05 1.002011920E+05 3.672744894E+04 0.000000000E+00
5.000000000E+01 4.314657015E+05 3.336799790E+05 1.141148484E+05 4.539307681E+04 0.000000000E+00
5.500000000E+01 4.628547148E+05 3.886030019E+05 1.485031525E+05 6.907849624E+04 0.000000000E+00
6.000000000E+01 4.786563723E+05 4.253761076E+05 1.797053113E+05 9.492955865E+04 0.000000000E+00
6.500000000E+01 4.864138783E+05 4.493816118E+05 2.057510526E+05 1.219641167E+05 0.000000000E+00
7.000000000E+01 4.886445723E+05 4.642357004E+05 2.264360396E+05 1.518587852E+05 0.000000000E+00
7.500000000E+01 4.871092263E+05 4.725948196E+05 2.423440889E+05 1.761377290E+05 0.000000000E+00
8.000000000E+01 4.830267186E+05 4.763477854E+05 2.542822924E+05 2.049151927E+05 0.000000000E+00
8.500000000E+01 4.772407610E+05 4.768280946E+05 2.644833290E+05 2.262646702E+05 0.000000000E+00
9.000000000E+01 4.715529981E+05 4.748417724E+05 2.691117028E+05 2.510281462E+05 0.000000000E+00
9.500000000E+01 4.626205065E+05 4.726985757E+05 2.745088825E+05 2.679130050E+05 0.000000000E+00
1.000000000E+02 4.555705970E+05 4.666999490E+05 2.759608782E+05 2.874285562E+05 0.000000000E+00
1.100000000E+02 4.387372227E+05 4.551653710E+05 2.777343918E+05 3.140883356E+05 0.000000000E+00
1.200000000E+02 4.220119369E+05 4.420798903E+05 2.763512091E+05 3.324664317E+05 0.000000000E+00
1.400000000E+02 3.905098987E+05 4.148523256E+05 2.685054630E+05 3.513683926E+05 0.000000000E+00
1.600000000E+02 3.624413779E+05 3.888062842E+05 2.577338088E+05 3.555486125E+05 0.000000000E+00
1.800000000E+02 3.377910949E+05 3.650065753E+05 2.462428743E+05 3.524963384E+05 0.000000000E+00
2.000000000E+02 3.160724880E+05 3.437467779E+05 2.350921507E+05 3.446570868E+05 0.000000000E+00
2.500000000E+02 2.727733716E+05 2.993183308E+05 2.095593373E+05 3.185519397E+05 0.000000000E+00
3.000000000E+02 2.400694123E+05 2.654518551E+05 1.887834311E+05 2.929337049E+05 0.000000000E+00
3.500000000E+02 2.148395273E+05 2.386465190E+05 1.716292528E+05 2.693530297E+05 0.000000000E+00
4.000000000E+02 1.946806433E+05 2.171441152E+05 1.574680804E+05 2.491760162E+05 0.000000000E+00
4.500000000E+02 1.781826047E+05 1.993707950E+05 1.455984793E+05 2.315001038E+05 0.000000000E+00
5.000000000E+02 1.643948490E+05 1.844887036E+05 1.355020797E+05 2.161549489E+05 0.000000000E+00
5.390000000E+02 1.550895712E+05 1.744563858E+05 1.286236008E+05 2.055754145E+05 0.000000000E+00
5.400000000E+02 1.549216244E+05 1.742078426E+05 1.284513175E+05 2.052962994E+05 0.000000000E+00
6.000000000E+02 1.427749259E+05 1.608921006E+05 1.192495306E+05 1.909751801E+05 1.803952875E+02
7.000000000E+02 1.264730113E+05 1.430206830E+05 1.067272401E+05 1.712566064E+05 5.520609238E+02
8.000000000E+02 1.136945237E+05 1.289871338E+05 9.676434145E+04 1.554189893E+05 8.500619097E+02
9.000000000E+02 1.034143581E+05 1.176013741E+05 8.863798361E+04 1.424194453E+05 1.062868804E+03
1.000000000E+03 9.499498607E+04 1.081909786E+05 8.186985058E+04 1.315374324E+05 1.208444342E+03
1.500000000E+03 6.813945251E+04 7.819017568E+04 5.988692255E+04 9.607165131E+04 1.438186887E+03
2.000000000E+03 5.362471959E+04 6.176113686E+04 4.771603316E+04 7.635777482E+04 1.380702238E+03
2.500000000E+03 4.440544767E+04 5.134572754E+04 3.988010050E+04 6.370100932E+04 1.278991762E+03
3.000000000E+03 3.802713163E+04 4.407708100E+04 3.439296551E+04 5.484627508E+04 1.178455799E+03
3.500000000E+03 3.334242572E+04 3.871314942E+04 3.031508585E+04 4.827035407E+04 1.088567538E+03
4.000000000E+03 2.975062425E+04 3.458395201E+04 2.715564468E+04 4.318263775E+04 1.010204669E+03
4.500000000E+03 2.690973058E+04 3.130198108E+04 2.463178640E+04 3.912329332E+04 9.421553515E+02
5.000000000E+03 2.460858195E+04 2.862854982E+04 2.256639499E+04 3.580312264E+04 8.828603470E+02
6.000000000E+03 2.106862859E+04 2.453561871E+04 1.938147729E+04 3.068410731E+04 7.850180062E+02
7.000000000E+03 1.843828719E+04 2.153015459E+04 1.703397640E+04 2.691279073E+04 7.078457728E+02
8.000000000E+03 1.641541417E+04 1.920171394E+04 1.522710790E+04 2.401322254E+04 6.454669755E+02
9.000000000E+03 1.481174734E+04 1.734695256E+04 1.378846952E+04 2.171079762E+04 5.939774173E+02
1.000000000E+04 1.350781443E+04 1.583560977E+04 1.261194485E+04 1.983605468E+04 5.507040844E+02
2.000000000E+04 7.373981439E+03 8.680535353E+03 6.991301101E+03 1.084563348E+04 3.463687037E+02
3.000000000E+04 5.144762978E+03 6.074198074E+03 4.915619305E+03 7.599329633E+03 2.521693356E+02
4.000000000E+04 3.980317474E+03 4.708466642E+03 3.822257603E+03 5.895178073E+03 2.004052977E+02
5.000000000E+04 3.259808248E+03 3.861606235E+03 3.141917826E+03 4.837548513E+03 1.673167295E+02
6.000000000E+04 2.767950792E+03 3.282574615E+03 2.675532430E+03 4.113917524E+03 1.441942486E+02
7.000000000E+04 2.409810905E+03 2.860429012E+03 2.334815475E+03 3.586091250E+03 1.270501894E+02
8.000000000E+04 2.136843613E+03 2.538343665E+03 2.074420991E+03 3.183217554E+03 1.137910219E+02
9.000000000E+04 1.921571710E+03 2.284113663E+03 1.868593218E+03 2.865106779E+03 1.032047996E+02
1.000000000E+05 1.747250362E+03 2.078089629E+03 1.701589672E+03 2.607240444E+03 9.454220996E+01
1.100000000E+05 1.603077160E+03 1.907583126E+03 1.563228451E+03 2.393774835E+03 8.731221282E+01
1.200000000E+05 1.481761927E+03 1.764024797E+03 1.446624061E+03 2.214006666E+03 8.117938348E+01
1.300000000E+05 1.378202520E+03 1.641413092E+03 1.346948494E+03 2.060437752E+03 7.590645393E+01
1.400000000E+05 1.288719085E+03 1.535416424E+03 1.260713327E+03 1.927654752E+03 7.132065318E+01
1.500000000E+05 1.210589163E+03 1.442827998E+03 1.185333493E+03 1.811649075E+03 6.729305990E+01
1.600000000E+05 1.141754141E+03 1.361221571E+03 1.118851485E+03 1.709387285E+03 6.372543670E+01
1.700000000E+05 1.080627723E+03 1.288726700E+03 1.059757038E+03 1.618530439E+03 6.054164988E+01
1.800000000E+05 1.025967344E+03 1.223877680E+03 1.006865846E+03 1.537245854E+03 5.768142504E+01
1.900000000E+05 9.767854205E+02 1.165509159E+03 9.592355134E+02 1.464074739E+03 5.509683382E+01
2.000000000E+05 9.322870561E+02 1.112682833E+03 9.161068702E+02 1.397843703E+03 5.274900146E+01
3.000000000E+05 6.444034566E+02 7.705056541E+02 6.362083880E+02 9.686411212E+02 3.731803745E+01
4.000000000E+05 4.954806614E+02 5.931593561E+02 4.907102034E+02 7.460336060E+02 2.913990184E+01
5.000000000E+05 4.039457786E+02 4.840101052E+02 4.009789220E+02 6.089598140E+02 2.402944236E+01
6.000000000E+05 3.417738436E+02 4.097978039E+02 3.398758596E+02 5.157275708E+02 2.051482428E+01
7.000000000E+05 2.966856761E+02 3.559332077E+02 2.954723468E+02 4.480389825E+02 1.794053136E+01
8.000000000E+05 2.624336740E+02 3.149871453E+02 2.616839669E+02 3.965718624E+02 1.596882212E+01
9.000000000E+05 2.354966969E+02 2.827687959E+02 2.350743465E+02 3.560662009E+02 1.440738238E+01
1.000000000E+06 2.137361610E+02 2.567305187E+02 2.135525350E+02 3.233239694E+02 1.313839367E+01
1.200000000E+06 1.806906206E+02 2.171703691E+02 1.808234464E+02 2.735653659E+02 1.118272377E+01
1.400000000E+06 1.567439566E+02 1.884855811E+02 1.570663367E+02 2.374766948E+02 9.754806625E+00
1.600000000E+06 1.385646386E+02 1.666981316E+02 1.390056590E+02 2.100599988E+02 8.664010794E+00
1.800000000E+06 1.242764193E+02 1.495664571E+02 1.247935956E+02 1.884981525E+02 7.802133442E+00
2.000000000E+06 1.127403372E+02 1.357292110E+02 1.133068968E+02 1.710798850E+02 7.103061896E+00
2.200000000E+06 1.032241920E+02 1.243108579E+02 1.038226007E+02 1.567044300E+02 6.524056248E+00
2.400000000E+06 9.523543536E+01 1.147221971E+02 9.585386123E+01 1.446309180E+02 6.036224598E+00
2.600000000E+06 8.843030367E+01 1.065518634E+02 8.906057667E+01 1.343420354E+02 5.619315062E+00
2.800000000E+06 8.256144307E+01 9.950376828E+01 8.319782330E+01 1.254653969E+02 5.258698988E+00
3.000000000E+06 7.744623967E+01 9.335925722E+01 7.808464364E+01 1.177259782E+02 4.943538618E+00
3.200000000E+06 7.294688545E+01 8.795328253E+01 7.358438356E+01 1.109161614E+02 4.665629124E+00
3.400000000E+06 6.895739505E+01 8.315887942E+01 6.959187595E+01 1.048762182E+02 4.418641707E+00
3.600000000E+06 6.539489741E+01 7.887675101E+01 6.602483858E+01 9.948121542E+01 4.197614267E+00
3.800000000E+06 6.219364354E+01 7.502810002E+01 6.281795144E+01 9.463200192E+01 3.998599892E+00
4.000000000E+06 5.930078953E+01 7.154958323E+01 5.991868650E+01 9.024886462E+01 3.818418805E+00
4.200000000E+06 5.667336960E+01 6.838968901E+01 5.728431263E+01 8.626697328E+01 3.654479858E+00
4.400000000E+06 5.427608435E+01 6.550608991E+01 5.487970603E+01 8.263305146E+01 3.504649779E+00
4.600000000E+06 5.207965895E+01 6.286367709E+01 5.267572409E+01 7.930290456E+01 3.367155890E+00
4.800000000E+06 5.005960664E+01 6.043307967E+01 5.064798000E+01 7.623955774E+01 3.240512680E+00
5.000000000E+06 4.819528545E+01 5.818953500E+01 4.877590756E+01 7.341183485E+01 3.123465673E+00
5.200000000E+06 4.646916977E+01 5.611201614E+01 4.704203867E+01 7.079326102E+01 3.014948002E+00
5.400000000E+06 4.486628193E+01 5.418255084E+01 4.543143919E+01 6.836120584E+01 2.914046447E+00
5.600000000E+06 4.337374403E+01 5.238568447E+01 4.393126404E+01 6.609620780E+01 2.819974618E+00
5.800000000E+06 4.198042126E+01 5.070805276E+01 4.253040302E+01 6.398143660E+01 2.732051584E+00
6.000000000E+06 4.067663584E+01 4.913803875E+01 4.121919651E+01 6.200226154E+01 2.649684683E+00
6.200000000E+06 3.945393547E+01 4.766549536E+01 3.998920539E+01 6.014590247E+01 2.572355613E+00
6.400000000E+06 3.830490474E+01 4.628151931E+01 3.883302358E+01 5.840114515E+01 2.499609069E+00
6.600000000E+06 3.722301038E+01 4.497826559E+01 3.774412405E+01 5.675810783E+01 2.431043414E+00
6.800000000E+06 3.620247347E+01 4.374879421E+01 3.671673178E+01 5.520804837E+01 2.366302959E+00
7.000000000E+06 3.523816330E+01 4.258694298E+01 3.574571809E+01 5.374320401E+01 2.305071553E+00
7.200000000E+06 3.432550869E+01 4.148722111E+01 3.482651237E+01 5.235665757E+01 2.247067206E+00
7.400000000E+06 3.346042345E+01 4.044471991E+01 3.395502792E+01 5.104222492E+01 2.192037580E+00
7.600000000E+06 3.263924362E+01 3.945503741E+01 3.312759935E+01 4.979436008E+01 2.139756174E+00
7.800000000E+06 3.185867405E+01 3.851421435E+01 3.234092944E+01 4.860807474E+01 2.090019082E+00
8.000000000E+06 3.111574304E+01 3.761867977E+01 3.159204393E+01 4.747886959E+01 2.042642235E+00
8.200000000E+06 3.040776345E+01 3.676520433E+01 3.087825273E+01 4.640267571E+01 1.997459034E+00
8.400000000E+06 2.973229935E+01 3.595086032E+01 3.019711671E+01 4.537580404E+01 1.954318314E+00
8.600000000E+06 2.908713723E+01 3.517298709E+01 2.954641894E+01 4.439490202E+01 1.913082594E+00
8.800000000E+06 2.847026112E+01 3.442916120E+01 2.892413994E+01 4.345691588E+01 1.873626548E+00
9.000000000E+06 2.787983093E+01 3.371717048E+01 2.832843601E+01 4.255905798E+01 1.835835695E+00
9.200000000E+06 2.731416364E+01 3.303499141E+01 2.775762053E+01 4.169877836E+01 1.799605237E+00
9.400000000E+06 2.677171685E+01 3.238076933E+01 2.721014747E+01 4.087373984E+01 1.764839056E+00
9.600000000E+06 2.625107432E+01 3.175280120E+01 2.668459698E+01 4.008179619E+01 1.731448827E+00
9.800000000E+06 2.575093331E+01 3.114952030E+01 2.617966279E+01 3.932097300E+01 1.699353244E+00
1.000000000E+07 2.527009337E+01 3.056948283E+01 2.569414097E+01 3.858945070E+01 1.668477329E+00
